	Abeoforma_whisleri	Acanthoeca_sp_10tr	Acanthoeca_spectabilis_VA_02	Aiptasia_pallida	Alatina_alata	Amoebidium_parasiticum_JAP72	Amphimedon_queenslandica	Antipathes_caribbeana	Aphrocallistes_vastus	Aplysia_californica	Atolla_vanhoeffeni	Aurelia_aurita	Beroe_abyssicola	Beroe_sp	Bolinopsis_infundibulum	Bolocera_tuedia	Branchiostoma_floridae	Capitella_teleta	Capsaspora_owczarzaki_atcc30864	Cestum_veneris	Choanoeca_perplexa_11	Chondrilla_nucula	Clathrina_coriacea	Clytia_hemisphaerica	Codosiga_hollandica_17	Coeloplana_species	Corticium_candelabrum	Craspedacusta_sowerbyi	Crassostrea_gigas	Creolimax_fragrantissima	Daphnia_pulex	Diaphanoeca_grandis_RI_01	Didymoeca_costata_10	Dryodora_glandiformis	Edwardsiella_lineata	Ephydatia_muelleri	Euplectella_aspergillum	Euplokamis_dunlapae	Gorgonia_ventalina	Grantia_compressa	Helobdella_robusta	Homo_sapiens	Hormiphora_californensis	Hyalonema_populiferum	Hydra_magnipapillata	Hydractinia_polyclina	Ircinia_fasciculata	Ixodes_scapularis	Kirkpatrickia_variolosa	Lampea_pancerina	Latrunculia_apicalis	Leuconia_nivea	Leucosolenia_complicata	Liriope_tetraphylla	Lucernariopsis_campanulata	Ministeria_vibrans	Mnemiopsis_leidyi	Monosiga_brevicollis_mx1	Montastraea_faveolata	Mycale_phyllophila	Mylnosiga_fluctuans_19	Nanomia_bijuga	Nematostella_vectensis	Oscarella_carmela	Oscarella_species	Pelagia_noctiluca	Pennatula_rubra	Periphylla_periphylla	Petrosia_ficiformis	Pirum_gemmata	Plakina_jani	Pleraplysilla_spinifera	Pleurobrachia_species	Plumapathes_pennacea	Porites_australiensis	Rossella_fibulata	Saccoglossus_kowalevskii	Salpingoeca_dolichothecata_16	Salpingoeca_helianthica_18	Salpingoeca_infusionum_12	Salpingoeca_macrocollata_06	Salpingoeca_punica_03	Salpingoeca_qvevrii_09	Salpingoeca_roanoka_13	Salpingoeca_rosetta	Salpingoeca_urceolata_04	Sphaeroforma_arctica_JP610	Spongilla_lacustris	Stephanoeca_diplocostata_AUFR	Stomolophus_meleagris	Strongylocentrotus_purpuratus	Sycon_ciliatum	Sycon_coactum	Sympagella_nux	Tribolium_castaneum	Trichoplax_adhaerens	Vallicula_multiformis
Abeoforma_whisleri		0	0	0	0	0	0	0	0	0	0	0	0	0	0	0	0	0	0	0	0	0	0	0	0	0	0	0	0	0	0	0	0	0	0	0	0	0	0	0	0	0	0	0	0	0	0	0	0	0	0	0	0	0	0	0	0	0	0	0	0	0	0	0	0	0	0	0	0	0	0	0	0	0	0	0	0	0	0	0	0	0	0	0	0	0	0	0	0	0	0	0	0	0	0	0	0
Acanthoeca_sp_10tr	0		0	0	0	0	0	0	0	0	0	0	0	0	0	0	0	0	0	0	0	0	0	0	0	0	0	0	0	0	0	0	0	0	0	0	0	0	0	0	0	0	0	0	0	0	0	0	0	0	0	0	0	0	0	0	0	0	0	0	0	0	0	0	0	0	0	0	0	0	0	0	0	0	0	0	0	0	0	0	0	0	0	0	0	0	0	0	0	0	0	0	0	0	0	0	0
Acanthoeca_spectabilis_VA_02	0	0		0	0	0	0	0	0	0	0	0	0	0	0	0	0	0	0	0	0	0	0	0	0	0	0	0	0	0	0	0	0	0	0	0	0	0	0	0	0	0	0	0	0	0	0	0	0	0	0	0	0	0	0	0	0	0	0	0	0	0	0	0	0	0	0	0	0	0	0	0	0	0	0	0	0	0	0	0	0	0	0	0	0	0	0	0	0	0	0	0	0	0	0	0	0
Aiptasia_pallida	0	0	0		0	0	0	0	0	0	0	0	0	0	0	0	0	0	0	0	0	0	0	0	0	0	0	0	0	0	0	0	0	0	0	0	0	0	0	0	0	0	0	0	0	0	0	0	0	0	0	0	0	0	0	0	0	0	0	0	0	0	0	0	0	0	0	0	0	0	0	0	0	0	0	0	0	0	0	0	0	0	0	0	0	0	0	0	0	0	0	0	0	0	0	0	0
Alatina_alata	0	0	0	0		0	0.725	0	0.11875	0.94375	0.7375	0.85625	0.925	0.325	0.9625	0	0.88125	0.9	0	0.85625	0	0	0.63125	0.825	0.84375	0.83125	0.725	0.60625	0.89375	0	0	0.54375	0	0.93125	0	0	0.70625	0.85625	0.95625	0	0.65	0.83125	0.8375	0.70625	0.6625	0.825	0.875	0	0.78125	0.9625	0.7375	0.75625	0	0.9	0.8625	0	0.9625	0.71875	0	0	0	0.825	0	0.91875	0.9625	0.79375	0	0	0.775	0	0.73125	0.875	0.9625	0	0	0	0.875	0	0.7375	0	0.7625	0	0.8625	0.7625	0.85	0.725	0	0	0	0.9625	0.95	0	0	0.78125	0	0.8375	0.90625
Amoebidium_parasiticum_JAP72	0	0	0	0	0		0	0	0	0	0	0	0	0	0	0	0	0	0	0	0	0	0	0	0	0	0	0	0	0	0	0	0	0	0	0	0	0	0	0	0	0	0	0	0	0	0	0	0	0	0	0	0	0	0	0	0	0	0	0	0	0	0	0	0	0	0	0	0	0	0	0	0	0	0	0	0	0	0	0	0	0	0	0	0	0	0	0	0	0	0	0	0	0	0	0	0
Amphimedon_queenslandica	0	0	0	0	0.725	0		0	0.10625	0.7625	0.54375	0.71875	0.73125	0.2625	0.75625	0	0.7625	0.73125	0	0.7625	0	0	0.54375	0.7	0.7375	0.75625	0.65625	0.54375	0.75625	0	0	0.49375	0	0.725	0	0	0.6625	0.73125	0.75625	0	0.5375	0.7125	0.75	0.6125	0.54375	0.71875	0.71875	0	0.6	0.75	0.58125	0.63125	0	0.69375	0.725	0	0.75625	0.55	0	0	0	0.68125	0	0.73125	0.7625	0.5875	0	0	0.56875	0	0.6125	0.71875	0.75	0	0	0	0.73125	0	0.6375	0	0.60625	0	0.64375	0.65625	0.7125	0.5875	0	0	0	0.7625	0.75	0	0	0.7125	0	0.7625	0.75625
Antipathes_caribbeana	0	0	0	0	0	0	0		0	0	0	0	0	0	0	0	0	0	0	0	0	0	0	0	0	0	0	0	0	0	0	0	0	0	0	0	0	0	0	0	0	0	0	0	0	0	0	0	0	0	0	0	0	0	0	0	0	0	0	0	0	0	0	0	0	0	0	0	0	0	0	0	0	0	0	0	0	0	0	0	0	0	0	0	0	0	0	0	0	0	0	0	0	0	0	0	0
Aphrocallistes_vastus	0	0	0	0	0.11875	0	0.10625	0		0.1375	0	0.1375	0.10625	0	0.1375	0	0.1375	0.1375	0	0.1375	0	0	0	0.1375	0.10625	0.1375	0.025	0	0.1375	0	0	0	0	0.0875	0	0	0.11875	0.1375	0.1375	0	0.03125	0.0875	0.1375	0.05	0	0.1375	0.1125	0	0.05625	0.1375	0	0.03125	0	0.0875	0.1375	0	0.1375	0	0	0	0	0.11875	0	0.125	0.1375	0	0	0	0	0	0	0.1125	0.1375	0	0	0	0.1375	0	0.075	0	0.03125	0	0.0875	0.05	0.0625	0.0875	0	0	0	0.1375	0.1375	0	0	0.1375	0	0.1375	0.1375
Aplysia_californica	0	0	0	0	0.94375	0	0.7625	0	0.1375		0.71875	0.88125	0.9375	0.31875	0.975	0	0.9125	0.93125	0	0.8875	0	0	0.63125	0.83125	0.8625	0.85625	0.71875	0.60625	0.9125	0	0	0.54375	0	0.9125	0	0	0.70625	0.86875	0.975	0	0.65	0.85	0.8625	0.70625	0.64375	0.85	0.8625	0	0.78125	0.96875	0.7375	0.75625	0	0.88125	0.8875	0	0.975	0.71875	0	0	0	0.8125	0	0.9375	0.98125	0.775	0	0	0.75625	0	0.71875	0.8625	0.96875	0	0	0	0.9	0	0.7625	0	0.75625	0	0.84375	0.8	0.88125	0.725	0	0	0	0.98125	0.96875	0	0	0.81875	0	0.875	0.93125
Atolla_vanhoeffeni	0	0	0	0	0.7375	0	0.54375	0	0	0.71875		0.6875	0.71875	0.26875	0.7375	0	0.65625	0.70625	0	0.63125	0	0	0.63125	0.65625	0.65625	0.625	0.59375	0.60625	0.6875	0	0	0.54375	0	0.7375	0	0	0.525	0.66875	0.7375	0	0.56875	0.65625	0.6125	0.60625	0.6625	0.65625	0.65625	0	0.65	0.7375	0.68125	0.625	0	0.7375	0.66875	0	0.7375	0.66875	0	0	0	0.65625	0	0.7375	0.7375	0.7375	0	0	0.73125	0	0.65	0.65625	0.7375	0	0	0	0.68125	0	0.68125	0	0.65	0	0.71875	0.675	0.7	0.60625	0	0	0	0.7375	0.7375	0	0	0.6	0	0.6125	0.6875
Aurelia_aurita	0	0	0	0	0.85625	0	0.71875	0	0.1375	0.88125	0.6875		0.84375	0.21875	0.8875	0	0.8125	0.8625	0	0.7875	0	0	0.63125	0.84375	0.78125	0.83125	0.61875	0.60625	0.875	0	0	0.54375	0	0.825	0	0	0.65	0.85	0.89375	0	0.65	0.7625	0.7625	0.70625	0.65	0.8625	0.81875	0	0.73125	0.88125	0.64375	0.69375	0	0.825	0.84375	0	0.8875	0.6375	0	0	0	0.825	0	0.88125	0.89375	0.6875	0	0	0.68125	0	0.65625	0.81875	0.88125	0	0	0	0.875	0	0.775	0	0.68125	0	0.75625	0.74375	0.78125	0.6625	0	0	0	0.89375	0.89375	0	0	0.7625	0	0.8125	0.89375
Beroe_abyssicola	0	0	0	0	0.925	0	0.73125	0	0.10625	0.9375	0.71875	0.84375		0.325	0.94375	0	0.875	0.89375	0	0.8625	0	0	0.61875	0.79375	0.84375	0.83125	0.725	0.59375	0.88125	0	0	0.53125	0	0.89375	0	0	0.6875	0.85	0.94375	0	0.6375	0.83125	0.8375	0.69375	0.64375	0.8125	0.85625	0	0.78125	0.9375	0.7375	0.75625	0	0.8625	0.85	0	0.94375	0.70625	0	0	0	0.7875	0	0.90625	0.95	0.775	0	0	0.75625	0	0.725	0.85625	0.9375	0	0	0	0.875	0	0.725	0	0.75	0	0.85	0.7625	0.85625	0.70625	0	0	0	0.95	0.9375	0	0	0.775	0	0.83125	0.89375
Beroe_sp	0	0	0	0	0.325	0	0.2625	0	0	0.31875	0.26875	0.21875	0.325		0.325	0	0.325	0.29375	0	0.325	0	0	0.21875	0.21875	0.31875	0.25625	0.325	0.21875	0.275	0	0	0.21875	0	0.325	0	0	0.275	0.25625	0.31875	0	0.2125	0.325	0.31875	0.21875	0.23125	0.21875	0.275	0	0.2375	0.325	0.30625	0.28125	0	0.29375	0.26875	0	0.325	0.26875	0	0	0	0.21875	0	0.29375	0.325	0.325	0	0	0.3125	0	0.29375	0.275	0.325	0	0	0	0.25625	0	0.21875	0	0.29375	0	0.325	0.275	0.31875	0.25	0	0	0	0.325	0.3125	0	0	0.26875	0	0.28125	0.26875
Bolinopsis_infundibulum	0	0	0	0	0.9625	0	0.75625	0	0.1375	0.975	0.7375	0.8875	0.94375	0.325		0	0.9125	0.93125	0	0.8875	0	0	0.63125	0.84375	0.875	0.8625	0.725	0.60625	0.925	0	0	0.54375	0	0.93125	0	0	0.70625	0.8875	0.9875	0	0.65	0.8625	0.86875	0.70625	0.6625	0.85625	0.875	0	0.78125	0.9875	0.7375	0.75625	0	0.9	0.89375	0	0.99375	0.71875	0	0	0	0.825	0	0.95	0.99375	0.79375	0	0	0.775	0	0.73125	0.875	0.9875	0	0	0	0.90625	0	0.76875	0	0.7625	0	0.8625	0.79375	0.88125	0.725	0	0	0	0.99375	0.98125	0	0	0.8125	0	0.86875	0.9375
Bolocera_tuedia	0	0	0	0	0	0	0	0	0	0	0	0	0	0	0		0	0	0	0	0	0	0	0	0	0	0	0	0	0	0	0	0	0	0	0	0	0	0	0	0	0	0	0	0	0	0	0	0	0	0	0	0	0	0	0	0	0	0	0	0	0	0	0	0	0	0	0	0	0	0	0	0	0	0	0	0	0	0	0	0	0	0	0	0	0	0	0	0	0	0	0	0	0	0	0	0
Branchiostoma_floridae	0	0	0	0	0.88125	0	0.7625	0	0.1375	0.9125	0.65625	0.8125	0.875	0.325	0.9125	0		0.8875	0	0.89375	0	0	0.60625	0.79375	0.8	0.7875	0.725	0.60625	0.86875	0	0	0.54375	0	0.85	0	0	0.70625	0.80625	0.9125	0	0.625	0.825	0.86875	0.70625	0.61875	0.8125	0.80625	0	0.7125	0.90625	0.675	0.70625	0	0.81875	0.8625	0	0.9125	0.65625	0	0	0	0.775	0	0.875	0.91875	0.7125	0	0	0.69375	0	0.6875	0.80625	0.90625	0	0	0	0.83125	0	0.7	0	0.7625	0	0.78125	0.73125	0.81875	0.725	0	0	0	0.91875	0.90625	0	0	0.81875	0	0.875	0.8625
Capitella_teleta	0	0	0	0	0.9	0	0.73125	0	0.1375	0.93125	0.70625	0.8625	0.89375	0.29375	0.93125	0	0.8875		0	0.8625	0	0	0.63125	0.83125	0.825	0.80625	0.69375	0.60625	0.8875	0	0	0.54375	0	0.86875	0	0	0.675	0.84375	0.9375	0	0.6375	0.825	0.8375	0.70625	0.65	0.85	0.825	0	0.7625	0.925	0.6875	0.725	0	0.86875	0.8875	0	0.93125	0.68125	0	0	0	0.8125	0	0.925	0.9375	0.73125	0	0	0.725	0	0.6875	0.825	0.925	0	0	0	0.88125	0	0.75	0	0.75625	0	0.8	0.75	0.8375	0.71875	0	0	0	0.9375	0.9375	0	0	0.7875	0	0.84375	0.8875
Capsaspora_owczarzaki_atcc30864	0	0	0	0	0	0	0	0	0	0	0	0	0	0	0	0	0	0		0	0	0	0	0	0	0	0	0	0	0	0	0	0	0	0	0	0	0	0	0	0	0	0	0	0	0	0	0	0	0	0	0	0	0	0	0	0	0	0	0	0	0	0	0	0	0	0	0	0	0	0	0	0	0	0	0	0	0	0	0	0	0	0	0	0	0	0	0	0	0	0	0	0	0	0	0	0
Cestum_veneris	0	0	0	0	0.85625	0	0.7625	0	0.1375	0.8875	0.63125	0.7875	0.8625	0.325	0.8875	0	0.89375	0.8625	0		0	0	0.58125	0.76875	0.8	0.7875	0.725	0.58125	0.84375	0	0	0.51875	0	0.825	0	0	0.70625	0.80625	0.8875	0	0.6	0.825	0.86875	0.68125	0.59375	0.7875	0.8	0	0.70625	0.88125	0.66875	0.70625	0	0.79375	0.8375	0	0.8875	0.63125	0	0	0	0.75	0	0.85	0.89375	0.6875	0	0	0.66875	0	0.68125	0.8	0.88125	0	0	0	0.825	0	0.675	0	0.7375	0	0.775	0.70625	0.8125	0.7	0	0	0	0.89375	0.88125	0	0	0.79375	0	0.85	0.8375
Choanoeca_perplexa_11	0	0	0	0	0	0	0	0	0	0	0	0	0	0	0	0	0	0	0	0		0	0	0	0	0	0	0	0	0	0	0	0	0	0	0	0	0	0	0	0	0	0	0	0	0	0	0	0	0	0	0	0	0	0	0	0	0	0	0	0	0	0	0	0	0	0	0	0	0	0	0	0	0	0	0	0	0	0	0	0	0	0	0	0	0	0	0	0	0	0	0	0	0	0	0	0
Chondrilla_nucula	0	0	0	0	0	0	0	0	0	0	0	0	0	0	0	0	0	0	0	0	0		0	0	0	0	0	0	0	0	0	0	0	0	0	0	0	0	0	0	0	0	0	0	0	0	0	0	0	0	0	0	0	0	0	0	0	0	0	0	0	0	0	0	0	0	0	0	0	0	0	0	0	0	0	0	0	0	0	0	0	0	0	0	0	0	0	0	0	0	0	0	0	0	0	0	0
Clathrina_coriacea	0	0	0	0	0.63125	0	0.54375	0	0	0.63125	0.63125	0.63125	0.61875	0.21875	0.63125	0	0.60625	0.63125	0	0.58125	0	0		0.63125	0.55	0.56875	0.54375	0.60625	0.63125	0	0	0.54375	0	0.63125	0	0	0.525	0.59375	0.63125	0	0.54375	0.5875	0.5625	0.60625	0.63125	0.63125	0.6125	0	0.58125	0.63125	0.6	0.58125	0	0.63125	0.625	0	0.63125	0.6	0	0	0	0.63125	0	0.63125	0.63125	0.63125	0	0	0.625	0	0.6125	0.6125	0.63125	0	0	0	0.6125	0	0.63125	0	0.6	0	0.6125	0.63125	0.60625	0.575	0	0	0	0.63125	0.63125	0	0	0.6	0	0.60625	0.63125
Clytia_hemisphaerica	0	0	0	0	0.825	0	0.7	0	0.1375	0.83125	0.65625	0.84375	0.79375	0.21875	0.84375	0	0.79375	0.83125	0	0.76875	0	0	0.63125		0.73125	0.78125	0.61875	0.60625	0.84375	0	0	0.54375	0	0.79375	0	0	0.65	0.80625	0.84375	0	0.625	0.74375	0.75	0.70625	0.65	0.84375	0.8	0	0.7	0.84375	0.6125	0.675	0	0.79375	0.825	0	0.84375	0.6125	0	0	0	0.825	0	0.83125	0.84375	0.65625	0	0	0.65	0	0.65625	0.8	0.84375	0	0	0	0.825	0	0.73125	0	0.68125	0	0.725	0.69375	0.73125	0.6625	0	0	0	0.84375	0.84375	0	0	0.74375	0	0.79375	0.84375
Codosiga_hollandica_17	0	0	0	0	0.84375	0	0.7375	0	0.10625	0.8625	0.65625	0.78125	0.84375	0.31875	0.875	0	0.8	0.825	0	0.8	0	0	0.55	0.73125		0.8125	0.7	0.525	0.8125	0	0	0.49375	0	0.84375	0	0	0.66875	0.8125	0.88125	0	0.5625	0.79375	0.7875	0.59375	0.58125	0.75	0.775	0	0.6875	0.86875	0.66875	0.6875	0	0.81875	0.7875	0	0.875	0.6375	0	0	0	0.7125	0	0.85625	0.88125	0.70625	0	0	0.69375	0	0.6625	0.775	0.86875	0	0	0	0.81875	0	0.69375	0	0.65	0	0.7625	0.7125	0.81875	0.6125	0	0	0	0.88125	0.875	0	0	0.7	0	0.75625	0.83125
Coeloplana_species	0	0	0	0	0.83125	0	0.75625	0	0.1375	0.85625	0.625	0.83125	0.83125	0.25625	0.8625	0	0.7875	0.80625	0	0.7875	0	0	0.56875	0.78125	0.8125		0.65	0.54375	0.85	0	0	0.49375	0	0.8	0	0	0.6875	0.84375	0.8625	0	0.59375	0.78125	0.775	0.64375	0.5875	0.8	0.8125	0	0.69375	0.85625	0.6375	0.70625	0	0.76875	0.7875	0	0.8625	0.60625	0	0	0	0.7625	0	0.825	0.86875	0.6625	0	0	0.64375	0	0.65	0.8125	0.85625	0	0	0	0.8375	0	0.7125	0	0.63125	0	0.75	0.71875	0.775	0.6125	0	0	0	0.86875	0.85625	0	0	0.7375	0	0.7875	0.8625
Corticium_candelabrum	0	0	0	0	0.725	0	0.65625	0	0.025	0.71875	0.59375	0.61875	0.725	0.325	0.725	0	0.725	0.69375	0	0.725	0	0	0.54375	0.61875	0.7	0.65		0.54375	0.675	0	0	0.49375	0	0.725	0	0	0.6125	0.65625	0.71875	0	0.5375	0.7	0.71875	0.6125	0.55625	0.61875	0.675	0	0.6375	0.725	0.63125	0.65625	0	0.69375	0.66875	0	0.725	0.59375	0	0	0	0.61875	0	0.69375	0.725	0.65	0	0	0.63125	0	0.64375	0.675	0.725	0	0	0	0.65625	0	0.54375	0	0.66875	0	0.675	0.6	0.69375	0.6	0	0	0	0.725	0.7125	0	0	0.625	0	0.68125	0.66875
Craspedacusta_sowerbyi	0	0	0	0	0.60625	0	0.54375	0	0	0.60625	0.60625	0.60625	0.59375	0.21875	0.60625	0	0.60625	0.60625	0	0.58125	0	0	0.60625	0.60625	0.525	0.54375	0.54375		0.60625	0	0	0.54375	0	0.60625	0	0	0.525	0.56875	0.60625	0	0.54375	0.5625	0.5625	0.60625	0.60625	0.60625	0.5875	0	0.55625	0.60625	0.58125	0.5625	0	0.60625	0.6	0	0.60625	0.575	0	0	0	0.60625	0	0.60625	0.60625	0.60625	0	0	0.6	0	0.5875	0.5875	0.60625	0	0	0	0.5875	0	0.60625	0	0.6	0	0.5875	0.60625	0.58125	0.575	0	0	0	0.60625	0.60625	0	0	0.6	0	0.60625	0.60625
Crassostrea_gigas	0	0	0	0	0.89375	0	0.75625	0	0.1375	0.9125	0.6875	0.875	0.88125	0.275	0.925	0	0.86875	0.8875	0	0.84375	0	0	0.63125	0.84375	0.8125	0.85	0.675	0.60625		0	0	0.54375	0	0.8625	0	0	0.6875	0.86875	0.925	0	0.6375	0.81875	0.81875	0.70625	0.6625	0.8625	0.85	0	0.71875	0.91875	0.66875	0.71875	0	0.83125	0.85	0	0.925	0.65625	0	0	0	0.825	0	0.8875	0.93125	0.725	0	0	0.70625	0	0.69375	0.85	0.91875	0	0	0	0.8625	0	0.7625	0	0.7125	0	0.79375	0.7625	0.81875	0.675	0	0	0	0.93125	0.91875	0	0	0.8	0	0.85	0.90625
Creolimax_fragrantissima	0	0	0	0	0	0	0	0	0	0	0	0	0	0	0	0	0	0	0	0	0	0	0	0	0	0	0	0	0		0	0	0	0	0	0	0	0	0	0	0	0	0	0	0	0	0	0	0	0	0	0	0	0	0	0	0	0	0	0	0	0	0	0	0	0	0	0	0	0	0	0	0	0	0	0	0	0	0	0	0	0	0	0	0	0	0	0	0	0	0	0	0	0	0	0	0
Daphnia_pulex	0	0	0	0	0	0	0	0	0	0	0	0	0	0	0	0	0	0	0	0	0	0	0	0	0	0	0	0	0	0		0	0	0	0	0	0	0	0	0	0	0	0	0	0	0	0	0	0	0	0	0	0	0	0	0	0	0	0	0	0	0	0	0	0	0	0	0	0	0	0	0	0	0	0	0	0	0	0	0	0	0	0	0	0	0	0	0	0	0	0	0	0	0	0	0	0
Diaphanoeca_grandis_RI_01	0	0	0	0	0.54375	0	0.49375	0	0	0.54375	0.54375	0.54375	0.53125	0.21875	0.54375	0	0.54375	0.54375	0	0.51875	0	0	0.54375	0.54375	0.49375	0.49375	0.49375	0.54375	0.54375	0	0		0	0.54375	0	0	0.49375	0.50625	0.54375	0	0.50625	0.5	0.5	0.54375	0.54375	0.54375	0.525	0	0.49375	0.54375	0.51875	0.5	0	0.54375	0.5375	0	0.54375	0.5125	0	0	0	0.54375	0	0.54375	0.54375	0.54375	0	0	0.5375	0	0.525	0.525	0.54375	0	0	0	0.525	0	0.54375	0	0.5375	0	0.525	0.54375	0.51875	0.5125	0	0	0	0.54375	0.54375	0	0	0.5375	0	0.54375	0.54375
Didymoeca_costata_10	0	0	0	0	0	0	0	0	0	0	0	0	0	0	0	0	0	0	0	0	0	0	0	0	0	0	0	0	0	0	0	0		0	0	0	0	0	0	0	0	0	0	0	0	0	0	0	0	0	0	0	0	0	0	0	0	0	0	0	0	0	0	0	0	0	0	0	0	0	0	0	0	0	0	0	0	0	0	0	0	0	0	0	0	0	0	0	0	0	0	0	0	0	0	0	0
Dryodora_glandiformis	0	0	0	0	0.93125	0	0.725	0	0.0875	0.9125	0.7375	0.825	0.89375	0.325	0.93125	0	0.85	0.86875	0	0.825	0	0	0.63125	0.79375	0.84375	0.8	0.725	0.60625	0.8625	0	0	0.54375	0		0	0	0.675	0.825	0.925	0	0.61875	0.8	0.80625	0.675	0.6625	0.79375	0.84375	0	0.75	0.93125	0.7375	0.725	0	0.9	0.83125	0	0.93125	0.71875	0	0	0	0.79375	0	0.9	0.93125	0.79375	0	0	0.775	0	0.73125	0.84375	0.93125	0	0	0	0.84375	0	0.7375	0	0.73125	0	0.83125	0.7625	0.85	0.69375	0	0	0	0.93125	0.91875	0	0	0.75	0	0.80625	0.875
Edwardsiella_lineata	0	0	0	0	0	0	0	0	0	0	0	0	0	0	0	0	0	0	0	0	0	0	0	0	0	0	0	0	0	0	0	0	0	0		0	0	0	0	0	0	0	0	0	0	0	0	0	0	0	0	0	0	0	0	0	0	0	0	0	0	0	0	0	0	0	0	0	0	0	0	0	0	0	0	0	0	0	0	0	0	0	0	0	0	0	0	0	0	0	0	0	0	0	0	0	0
Ephydatia_muelleri	0	0	0	0	0	0	0	0	0	0	0	0	0	0	0	0	0	0	0	0	0	0	0	0	0	0	0	0	0	0	0	0	0	0	0		0	0	0	0	0	0	0	0	0	0	0	0	0	0	0	0	0	0	0	0	0	0	0	0	0	0	0	0	0	0	0	0	0	0	0	0	0	0	0	0	0	0	0	0	0	0	0	0	0	0	0	0	0	0	0	0	0	0	0	0	0
Euplectella_aspergillum	0	0	0	0	0.70625	0	0.6625	0	0.11875	0.70625	0.525	0.65	0.6875	0.275	0.70625	0	0.70625	0.675	0	0.70625	0	0	0.525	0.65	0.66875	0.6875	0.6125	0.525	0.6875	0	0	0.49375	0	0.675	0	0		0.66875	0.7	0	0.525	0.65625	0.7	0.58125	0.525	0.65	0.7	0	0.58125	0.70625	0.575	0.6125	0	0.64375	0.66875	0	0.70625	0.54375	0	0	0	0.65	0	0.6625	0.70625	0.58125	0	0	0.5625	0	0.58125	0.7	0.70625	0	0	0	0.675	0	0.58125	0	0.5875	0	0.66875	0.6125	0.625	0.6125	0	0	0	0.70625	0.69375	0	0	0.7	0	0.70625	0.7
Euplokamis_dunlapae	0	0	0	0	0.85625	0	0.73125	0	0.1375	0.86875	0.66875	0.85	0.85	0.25625	0.8875	0	0.80625	0.84375	0	0.80625	0	0	0.59375	0.80625	0.8125	0.84375	0.65625	0.56875	0.86875	0	0	0.50625	0	0.825	0	0	0.66875		0.8875	0	0.6125	0.79375	0.79375	0.66875	0.625	0.81875	0.81875	0	0.71875	0.88125	0.65	0.7125	0	0.8125	0.80625	0	0.8875	0.61875	0	0	0	0.7875	0	0.8625	0.8875	0.6875	0	0	0.68125	0	0.65625	0.81875	0.88125	0	0	0	0.85625	0	0.73125	0	0.675	0	0.775	0.71875	0.79375	0.6375	0	0	0	0.8875	0.8875	0	0	0.7375	0	0.7875	0.86875
Gorgonia_ventalina	0	0	0	0	0.95625	0	0.75625	0	0.1375	0.975	0.7375	0.89375	0.94375	0.31875	0.9875	0	0.9125	0.9375	0	0.8875	0	0	0.63125	0.84375	0.88125	0.8625	0.71875	0.60625	0.925	0	0	0.54375	0	0.925	0	0	0.7	0.8875		0	0.65	0.8625	0.8625	0.70625	0.6625	0.8625	0.86875	0	0.78125	0.98125	0.73125	0.75625	0	0.9	0.9	0	0.9875	0.71875	0	0	0	0.825	0	0.95625	0.99375	0.7875	0	0	0.775	0	0.725	0.86875	0.98125	0	0	0	0.9125	0	0.775	0	0.7625	0	0.85625	0.79375	0.88125	0.725	0	0	0	0.99375	0.9875	0	0	0.8125	0	0.86875	0.94375
Grantia_compressa	0	0	0	0	0	0	0	0	0	0	0	0	0	0	0	0	0	0	0	0	0	0	0	0	0	0	0	0	0	0	0	0	0	0	0	0	0	0	0		0	0	0	0	0	0	0	0	0	0	0	0	0	0	0	0	0	0	0	0	0	0	0	0	0	0	0	0	0	0	0	0	0	0	0	0	0	0	0	0	0	0	0	0	0	0	0	0	0	0	0	0	0	0	0	0	0
Helobdella_robusta	0	0	0	0	0.65	0	0.5375	0	0.03125	0.65	0.56875	0.65	0.6375	0.2125	0.65	0	0.625	0.6375	0	0.6	0	0	0.54375	0.625	0.5625	0.59375	0.5375	0.54375	0.6375	0	0	0.50625	0	0.61875	0	0	0.525	0.6125	0.65	0		0.58125	0.5875	0.625	0.54375	0.625	0.625	0	0.60625	0.65	0.55	0.6	0	0.61875	0.625	0	0.65	0.54375	0	0	0	0.625	0	0.6375	0.65	0.56875	0	0	0.5625	0	0.55	0.625	0.65	0	0	0	0.63125	0	0.56875	0	0.625	0	0.58125	0.56875	0.6	0.55	0	0	0	0.65	0.65	0	0	0.58125	0	0.625	0.65
Homo_sapiens	0	0	0	0	0.83125	0	0.7125	0	0.0875	0.85	0.65625	0.7625	0.83125	0.325	0.8625	0	0.825	0.825	0	0.825	0	0	0.5875	0.74375	0.79375	0.78125	0.7	0.5625	0.81875	0	0	0.5	0	0.8	0	0	0.65625	0.79375	0.8625	0	0.58125		0.8125	0.64375	0.61875	0.7625	0.775	0	0.69375	0.85625	0.675	0.73125	0	0.76875	0.80625	0	0.8625	0.64375	0	0	0	0.725	0	0.825	0.86875	0.7125	0	0	0.69375	0	0.70625	0.775	0.85625	0	0	0	0.8	0	0.68125	0	0.71875	0	0.75	0.71875	0.81875	0.63125	0	0	0	0.86875	0.85625	0	0	0.725	0	0.78125	0.8125
Hormiphora_californensis	0	0	0	0	0.8375	0	0.75	0	0.1375	0.8625	0.6125	0.7625	0.8375	0.31875	0.86875	0	0.86875	0.8375	0	0.86875	0	0	0.5625	0.75	0.7875	0.775	0.71875	0.5625	0.81875	0	0	0.5	0	0.80625	0	0	0.7	0.79375	0.8625	0	0.5875	0.8125		0.6625	0.575	0.7625	0.78125	0	0.69375	0.8625	0.65625	0.7	0	0.775	0.81875	0	0.86875	0.61875	0	0	0	0.73125	0	0.825	0.86875	0.66875	0	0	0.65	0	0.6625	0.78125	0.8625	0	0	0	0.8	0	0.65	0	0.725	0	0.75625	0.68125	0.79375	0.6875	0	0	0	0.86875	0.85625	0	0	0.775	0	0.825	0.8125
Hyalonema_populiferum	0	0	0	0	0.70625	0	0.6125	0	0.05	0.70625	0.60625	0.70625	0.69375	0.21875	0.70625	0	0.70625	0.70625	0	0.68125	0	0	0.60625	0.70625	0.59375	0.64375	0.6125	0.60625	0.70625	0	0	0.54375	0	0.675	0	0	0.58125	0.66875	0.70625	0	0.625	0.64375	0.6625		0.60625	0.70625	0.6875	0	0.65625	0.70625	0.58125	0.64375	0	0.675	0.7	0	0.70625	0.575	0	0	0	0.70625	0	0.69375	0.70625	0.60625	0	0	0.6	0	0.6125	0.6875	0.70625	0	0	0	0.6875	0	0.60625	0	0.68125	0	0.6375	0.60625	0.63125	0.625	0	0	0	0.70625	0.70625	0	0	0.65625	0	0.70625	0.70625
Hydra_magnipapillata	0	0	0	0	0.6625	0	0.54375	0	0	0.64375	0.6625	0.65	0.64375	0.23125	0.6625	0	0.61875	0.65	0	0.59375	0	0	0.63125	0.65	0.58125	0.5875	0.55625	0.60625	0.6625	0	0	0.54375	0	0.6625	0	0	0.525	0.625	0.6625	0	0.54375	0.61875	0.575	0.60625		0.65	0.63125	0	0.5875	0.6625	0.60625	0.5875	0	0.6625	0.6375	0	0.6625	0.60625	0	0	0	0.65	0	0.6625	0.6625	0.6625	0	0	0.65625	0	0.63125	0.63125	0.6625	0	0	0	0.63125	0	0.65	0	0.6125	0	0.64375	0.6375	0.625	0.575	0	0	0	0.6625	0.6625	0	0	0.6	0	0.60625	0.65
Hydractinia_polyclina	0	0	0	0	0.825	0	0.71875	0	0.1375	0.85	0.65625	0.8625	0.8125	0.21875	0.85625	0	0.8125	0.85	0	0.7875	0	0	0.63125	0.84375	0.75	0.8	0.61875	0.60625	0.8625	0	0	0.54375	0	0.79375	0	0	0.65	0.81875	0.8625	0	0.625	0.7625	0.7625	0.70625	0.65		0.8	0	0.7	0.85	0.6125	0.675	0	0.79375	0.84375	0	0.85625	0.6125	0	0	0	0.825	0	0.85	0.8625	0.65625	0	0	0.65	0	0.65625	0.8	0.85	0	0	0	0.84375	0	0.75	0	0.68125	0	0.725	0.7125	0.75	0.6625	0	0	0	0.8625	0.8625	0	0	0.7625	0	0.8125	0.8625
Ircinia_fasciculata	0	0	0	0	0.875	0	0.71875	0	0.1125	0.8625	0.65625	0.81875	0.85625	0.275	0.875	0	0.80625	0.825	0	0.8	0	0	0.6125	0.8	0.775	0.8125	0.675	0.5875	0.85	0	0	0.525	0	0.84375	0	0	0.7	0.81875	0.86875	0	0.625	0.775	0.78125	0.6875	0.63125	0.8		0	0.74375	0.875	0.6875	0.74375	0	0.8125	0.80625	0	0.875	0.6625	0	0	0	0.8	0	0.83125	0.875	0.7125	0	0	0.69375	0	0.7125	0.875	0.875	0	0	0	0.84375	0	0.70625	0	0.69375	0	0.8	0.725	0.78125	0.675	0	0	0	0.875	0.8625	0	0	0.75625	0	0.80625	0.86875
Ixodes_scapularis	0	0	0	0	0	0	0	0	0	0	0	0	0	0	0	0	0	0	0	0	0	0	0	0	0	0	0	0	0	0	0	0	0	0	0	0	0	0	0	0	0	0	0	0	0	0	0		0	0	0	0	0	0	0	0	0	0	0	0	0	0	0	0	0	0	0	0	0	0	0	0	0	0	0	0	0	0	0	0	0	0	0	0	0	0	0	0	0	0	0	0	0	0	0	0	0
Kirkpatrickia_variolosa	0	0	0	0	0.78125	0	0.6	0	0.05625	0.78125	0.65	0.73125	0.78125	0.2375	0.78125	0	0.7125	0.7625	0	0.70625	0	0	0.58125	0.7	0.6875	0.69375	0.6375	0.55625	0.71875	0	0	0.49375	0	0.75	0	0	0.58125	0.71875	0.78125	0	0.60625	0.69375	0.69375	0.65625	0.5875	0.7	0.74375	0		0.78125	0.66875	0.7	0	0.75	0.7375	0	0.78125	0.66875	0	0	0	0.7	0	0.76875	0.78125	0.675	0	0	0.66875	0	0.65625	0.74375	0.78125	0	0	0	0.76875	0	0.61875	0	0.6875	0	0.73125	0.65	0.725	0.6625	0	0	0	0.78125	0.78125	0	0	0.64375	0	0.69375	0.75625
Lampea_pancerina	0	0	0	0	0.9625	0	0.75	0	0.1375	0.96875	0.7375	0.88125	0.9375	0.325	0.9875	0	0.90625	0.925	0	0.88125	0	0	0.63125	0.84375	0.86875	0.85625	0.725	0.60625	0.91875	0	0	0.54375	0	0.93125	0	0	0.70625	0.88125	0.98125	0	0.65	0.85625	0.8625	0.70625	0.6625	0.85	0.875	0	0.78125		0.7375	0.75625	0	0.9	0.8875	0	0.9875	0.71875	0	0	0	0.825	0	0.94375	0.9875	0.79375	0	0	0.775	0	0.73125	0.875	0.9875	0	0	0	0.9	0	0.7625	0	0.7625	0	0.8625	0.7875	0.875	0.725	0	0	0	0.9875	0.975	0	0	0.80625	0	0.8625	0.93125
Latrunculia_apicalis	0	0	0	0	0.7375	0	0.58125	0	0	0.7375	0.68125	0.64375	0.7375	0.30625	0.7375	0	0.675	0.6875	0	0.66875	0	0	0.6	0.6125	0.66875	0.6375	0.63125	0.58125	0.66875	0	0	0.51875	0	0.7375	0	0	0.575	0.65	0.73125	0	0.55	0.675	0.65625	0.58125	0.60625	0.6125	0.6875	0	0.66875	0.7375		0.66875	0	0.70625	0.65625	0	0.7375	0.69375	0	0	0	0.6125	0	0.70625	0.7375	0.7375	0	0	0.71875	0	0.68125	0.6875	0.7375	0	0	0	0.68125	0	0.6375	0	0.65	0	0.7375	0.7	0.7375	0.61875	0	0	0	0.7375	0.725	0	0	0.6375	0	0.64375	0.69375
Leuconia_nivea	0	0	0	0	0.75625	0	0.63125	0	0.03125	0.75625	0.625	0.69375	0.75625	0.28125	0.75625	0	0.70625	0.725	0	0.70625	0	0	0.58125	0.675	0.6875	0.70625	0.65625	0.5625	0.71875	0	0	0.5	0	0.725	0	0	0.6125	0.7125	0.75625	0	0.6	0.73125	0.7	0.64375	0.5875	0.675	0.74375	0	0.7	0.75625	0.66875		0	0.7	0.69375	0	0.75625	0.64375	0	0	0	0.675	0	0.71875	0.75625	0.675	0	0	0.6625	0	0.675	0.74375	0.75625	0	0	0	0.73125	0	0.6125	0	0.68125	0	0.70625	0.6625	0.71875	0.60625	0	0	0	0.75625	0.75	0	0	0.64375	0	0.7	0.74375
Leucosolenia_complicata	0	0	0	0	0	0	0	0	0	0	0	0	0	0	0	0	0	0	0	0	0	0	0	0	0	0	0	0	0	0	0	0	0	0	0	0	0	0	0	0	0	0	0	0	0	0	0	0	0	0	0	0		0	0	0	0	0	0	0	0	0	0	0	0	0	0	0	0	0	0	0	0	0	0	0	0	0	0	0	0	0	0	0	0	0	0	0	0	0	0	0	0	0	0	0	0
Liriope_tetraphylla	0	0	0	0	0.9	0	0.69375	0	0.0875	0.88125	0.7375	0.825	0.8625	0.29375	0.9	0	0.81875	0.86875	0	0.79375	0	0	0.63125	0.79375	0.81875	0.76875	0.69375	0.60625	0.83125	0	0	0.54375	0	0.9	0	0	0.64375	0.8125	0.9	0	0.61875	0.76875	0.775	0.675	0.6625	0.79375	0.8125	0	0.75	0.9	0.70625	0.7	0		0.83125	0	0.9	0.69375	0	0	0	0.79375	0	0.9	0.9	0.7625	0	0	0.75625	0	0.7	0.8125	0.9	0	0	0	0.84375	0	0.7375	0	0.725	0	0.8	0.73125	0.81875	0.6875	0	0	0	0.9	0.9	0	0	0.71875	0	0.775	0.85
Lucernariopsis_campanulata	0	0	0	0	0.8625	0	0.725	0	0.1375	0.8875	0.66875	0.84375	0.85	0.26875	0.89375	0	0.8625	0.8875	0	0.8375	0	0	0.625	0.825	0.7875	0.7875	0.66875	0.6	0.85	0	0	0.5375	0	0.83125	0	0	0.66875	0.80625	0.9	0	0.625	0.80625	0.81875	0.7	0.6375	0.84375	0.80625	0	0.7375	0.8875	0.65625	0.69375	0	0.83125		0	0.89375	0.65625	0	0	0	0.80625	0	0.8875	0.9	0.69375	0	0	0.6875	0	0.6875	0.80625	0.8875	0	0	0	0.8625	0	0.73125	0	0.7375	0	0.7625	0.71875	0.79375	0.71875	0	0	0	0.9	0.9	0	0	0.7875	0	0.8375	0.86875
Ministeria_vibrans	0	0	0	0	0	0	0	0	0	0	0	0	0	0	0	0	0	0	0	0	0	0	0	0	0	0	0	0	0	0	0	0	0	0	0	0	0	0	0	0	0	0	0	0	0	0	0	0	0	0	0	0	0	0	0		0	0	0	0	0	0	0	0	0	0	0	0	0	0	0	0	0	0	0	0	0	0	0	0	0	0	0	0	0	0	0	0	0	0	0	0	0	0	0	0	0
Mnemiopsis_leidyi	0	0	0	0	0.9625	0	0.75625	0	0.1375	0.975	0.7375	0.8875	0.94375	0.325	0.99375	0	0.9125	0.93125	0	0.8875	0	0	0.63125	0.84375	0.875	0.8625	0.725	0.60625	0.925	0	0	0.54375	0	0.93125	0	0	0.70625	0.8875	0.9875	0	0.65	0.8625	0.86875	0.70625	0.6625	0.85625	0.875	0	0.78125	0.9875	0.7375	0.75625	0	0.9	0.89375	0		0.71875	0	0	0	0.825	0	0.95	0.99375	0.79375	0	0	0.775	0	0.73125	0.875	0.9875	0	0	0	0.90625	0	0.76875	0	0.7625	0	0.8625	0.79375	0.88125	0.725	0	0	0	0.99375	0.98125	0	0	0.8125	0	0.86875	0.9375
Monosiga_brevicollis_mx1	0	0	0	0	0.71875	0	0.55	0	0	0.71875	0.66875	0.6375	0.70625	0.26875	0.71875	0	0.65625	0.68125	0	0.63125	0	0	0.6	0.6125	0.6375	0.60625	0.59375	0.575	0.65625	0	0	0.5125	0	0.71875	0	0	0.54375	0.61875	0.71875	0	0.54375	0.64375	0.61875	0.575	0.60625	0.6125	0.6625	0	0.66875	0.71875	0.69375	0.64375	0	0.69375	0.65625	0	0.71875		0	0	0	0.6125	0	0.69375	0.71875	0.71875	0	0	0.70625	0	0.65625	0.6625	0.71875	0	0	0	0.65625	0	0.6375	0	0.6375	0	0.7	0.6875	0.7	0.6375	0	0	0	0.71875	0.7125	0	0	0.625	0	0.63125	0.6875
Montastraea_faveolata	0	0	0	0	0	0	0	0	0	0	0	0	0	0	0	0	0	0	0	0	0	0	0	0	0	0	0	0	0	0	0	0	0	0	0	0	0	0	0	0	0	0	0	0	0	0	0	0	0	0	0	0	0	0	0	0	0	0		0	0	0	0	0	0	0	0	0	0	0	0	0	0	0	0	0	0	0	0	0	0	0	0	0	0	0	0	0	0	0	0	0	0	0	0	0	0
Mycale_phyllophila	0	0	0	0	0	0	0	0	0	0	0	0	0	0	0	0	0	0	0	0	0	0	0	0	0	0	0	0	0	0	0	0	0	0	0	0	0	0	0	0	0	0	0	0	0	0	0	0	0	0	0	0	0	0	0	0	0	0	0		0	0	0	0	0	0	0	0	0	0	0	0	0	0	0	0	0	0	0	0	0	0	0	0	0	0	0	0	0	0	0	0	0	0	0	0	0
Mylnosiga_fluctuans_19	0	0	0	0	0	0	0	0	0	0	0	0	0	0	0	0	0	0	0	0	0	0	0	0	0	0	0	0	0	0	0	0	0	0	0	0	0	0	0	0	0	0	0	0	0	0	0	0	0	0	0	0	0	0	0	0	0	0	0	0		0	0	0	0	0	0	0	0	0	0	0	0	0	0	0	0	0	0	0	0	0	0	0	0	0	0	0	0	0	0	0	0	0	0	0	0
Nanomia_bijuga	0	0	0	0	0.825	0	0.68125	0	0.11875	0.8125	0.65625	0.825	0.7875	0.21875	0.825	0	0.775	0.8125	0	0.75	0	0	0.63125	0.825	0.7125	0.7625	0.61875	0.60625	0.825	0	0	0.54375	0	0.79375	0	0	0.65	0.7875	0.825	0	0.625	0.725	0.73125	0.70625	0.65	0.825	0.8	0	0.7	0.825	0.6125	0.675	0	0.79375	0.80625	0	0.825	0.6125	0	0	0		0	0.8125	0.825	0.65625	0	0	0.65	0	0.65625	0.8	0.825	0	0	0	0.80625	0	0.7125	0	0.68125	0	0.725	0.675	0.7125	0.6625	0	0	0	0.825	0.825	0	0	0.725	0	0.775	0.825
Nematostella_vectensis	0	0	0	0	0	0	0	0	0	0	0	0	0	0	0	0	0	0	0	0	0	0	0	0	0	0	0	0	0	0	0	0	0	0	0	0	0	0	0	0	0	0	0	0	0	0	0	0	0	0	0	0	0	0	0	0	0	0	0	0	0	0		0	0	0	0	0	0	0	0	0	0	0	0	0	0	0	0	0	0	0	0	0	0	0	0	0	0	0	0	0	0	0	0	0	0
Oscarella_carmela	0	0	0	0	0.91875	0	0.73125	0	0.125	0.9375	0.7375	0.88125	0.90625	0.29375	0.95	0	0.875	0.925	0	0.85	0	0	0.63125	0.83125	0.85625	0.825	0.69375	0.60625	0.8875	0	0	0.54375	0	0.9	0	0	0.6625	0.8625	0.95625	0	0.6375	0.825	0.825	0.69375	0.6625	0.85	0.83125	0	0.76875	0.94375	0.70625	0.71875	0	0.9	0.8875	0	0.95	0.69375	0	0	0	0.8125	0		0.95625	0.7625	0	0	0.75625	0	0.7	0.83125	0.94375	0	0	0	0.9	0	0.775	0	0.74375	0	0.81875	0.76875	0.85625	0.70625	0	0	0	0.95625	0.95625	0	0	0.775	0	0.83125	0.90625
Oscarella_species	0	0	0	0	0.9625	0	0.7625	0	0.1375	0.98125	0.7375	0.89375	0.95	0.325	0.99375	0	0.91875	0.9375	0	0.89375	0	0	0.63125	0.84375	0.88125	0.86875	0.725	0.60625	0.93125	0	0	0.54375	0	0.93125	0	0	0.70625	0.8875	0.99375	0	0.65	0.86875	0.86875	0.70625	0.6625	0.8625	0.875	0	0.78125	0.9875	0.7375	0.75625	0	0.9	0.9	0	0.99375	0.71875	0	0	0	0.825	0	0.95625		0.79375	0	0	0.775	0	0.73125	0.875	0.9875	0	0	0	0.9125	0	0.775	0	0.7625	0	0.8625	0.8	0.8875	0.725	0	0	0	1	0.9875	0	0	0.81875	0	0.875	0.94375
Pelagia_noctiluca	0	0	0	0	0.79375	0	0.5875	0	0	0.775	0.7375	0.6875	0.775	0.325	0.79375	0	0.7125	0.73125	0	0.6875	0	0	0.63125	0.65625	0.70625	0.6625	0.65	0.60625	0.725	0	0	0.54375	0	0.79375	0	0	0.58125	0.6875	0.7875	0	0.56875	0.7125	0.66875	0.60625	0.6625	0.65625	0.7125	0	0.675	0.79375	0.7375	0.675	0	0.7625	0.69375	0	0.79375	0.71875	0	0	0	0.65625	0	0.7625	0.79375		0	0	0.775	0	0.70625	0.7125	0.79375	0	0	0	0.70625	0	0.68125	0	0.68125	0	0.775	0.73125	0.75625	0.6375	0	0	0	0.79375	0.78125	0	0	0.65625	0	0.66875	0.7375
Pennatula_rubra	0	0	0	0	0	0	0	0	0	0	0	0	0	0	0	0	0	0	0	0	0	0	0	0	0	0	0	0	0	0	0	0	0	0	0	0	0	0	0	0	0	0	0	0	0	0	0	0	0	0	0	0	0	0	0	0	0	0	0	0	0	0	0	0	0	0		0	0	0	0	0	0	0	0	0	0	0	0	0	0	0	0	0	0	0	0	0	0	0	0	0	0	0	0	0	0
Periphylla_periphylla	0	0	0	0	0	0	0	0	0	0	0	0	0	0	0	0	0	0	0	0	0	0	0	0	0	0	0	0	0	0	0	0	0	0	0	0	0	0	0	0	0	0	0	0	0	0	0	0	0	0	0	0	0	0	0	0	0	0	0	0	0	0	0	0	0	0	0		0	0	0	0	0	0	0	0	0	0	0	0	0	0	0	0	0	0	0	0	0	0	0	0	0	0	0	0	0
Petrosia_ficiformis	0	0	0	0	0.775	0	0.56875	0	0	0.75625	0.73125	0.68125	0.75625	0.3125	0.775	0	0.69375	0.725	0	0.66875	0	0	0.625	0.65	0.69375	0.64375	0.63125	0.6	0.70625	0	0	0.5375	0	0.775	0	0	0.5625	0.68125	0.775	0	0.5625	0.69375	0.65	0.6	0.65625	0.65	0.69375	0	0.66875	0.775	0.71875	0.6625	0	0.75625	0.6875	0	0.775	0.70625	0	0	0	0.65	0	0.75625	0.775	0.775	0	0		0	0.6875	0.69375	0.775	0	0	0	0.7	0	0.675	0	0.675	0	0.75625	0.7125	0.7375	0.63125	0	0	0	0.775	0.775	0	0	0.6375	0	0.65	0.725
Pirum_gemmata	0	0	0	0	0	0	0	0	0	0	0	0	0	0	0	0	0	0	0	0	0	0	0	0	0	0	0	0	0	0	0	0	0	0	0	0	0	0	0	0	0	0	0	0	0	0	0	0	0	0	0	0	0	0	0	0	0	0	0	0	0	0	0	0	0	0	0	0	0		0	0	0	0	0	0	0	0	0	0	0	0	0	0	0	0	0	0	0	0	0	0	0	0	0	0	0
Plakina_jani	0	0	0	0	0.73125	0	0.6125	0	0	0.71875	0.65	0.65625	0.725	0.29375	0.73125	0	0.6875	0.6875	0	0.68125	0	0	0.6125	0.65625	0.6625	0.65	0.64375	0.5875	0.69375	0	0	0.525	0	0.73125	0	0	0.58125	0.65625	0.725	0	0.55	0.70625	0.6625	0.6125	0.63125	0.65625	0.7125	0	0.65625	0.73125	0.68125	0.675	0	0.7	0.6875	0	0.73125	0.65625	0	0	0	0.65625	0	0.7	0.73125	0.70625	0	0	0.6875	0		0.7125	0.73125	0	0	0	0.69375	0	0.63125	0	0.65625	0	0.70625	0.675	0.7125	0.60625	0	0	0	0.73125	0.71875	0	0	0.6375	0	0.675	0.70625
Pleraplysilla_spinifera	0	0	0	0	0.875	0	0.71875	0	0.1125	0.8625	0.65625	0.81875	0.85625	0.275	0.875	0	0.80625	0.825	0	0.8	0	0	0.6125	0.8	0.775	0.8125	0.675	0.5875	0.85	0	0	0.525	0	0.84375	0	0	0.7	0.81875	0.86875	0	0.625	0.775	0.78125	0.6875	0.63125	0.8	0.875	0	0.74375	0.875	0.6875	0.74375	0	0.8125	0.80625	0	0.875	0.6625	0	0	0	0.8	0	0.83125	0.875	0.7125	0	0	0.69375	0	0.7125		0.875	0	0	0	0.84375	0	0.70625	0	0.69375	0	0.8	0.725	0.78125	0.675	0	0	0	0.875	0.8625	0	0	0.75625	0	0.80625	0.86875
Pleurobrachia_species	0	0	0	0	0.9625	0	0.75	0	0.1375	0.96875	0.7375	0.88125	0.9375	0.325	0.9875	0	0.90625	0.925	0	0.88125	0	0	0.63125	0.84375	0.86875	0.85625	0.725	0.60625	0.91875	0	0	0.54375	0	0.93125	0	0	0.70625	0.88125	0.98125	0	0.65	0.85625	0.8625	0.70625	0.6625	0.85	0.875	0	0.78125	0.9875	0.7375	0.75625	0	0.9	0.8875	0	0.9875	0.71875	0	0	0	0.825	0	0.94375	0.9875	0.79375	0	0	0.775	0	0.73125	0.875		0	0	0	0.9	0	0.7625	0	0.7625	0	0.8625	0.7875	0.875	0.725	0	0	0	0.9875	0.975	0	0	0.80625	0	0.8625	0.93125
Plumapathes_pennacea	0	0	0	0	0	0	0	0	0	0	0	0	0	0	0	0	0	0	0	0	0	0	0	0	0	0	0	0	0	0	0	0	0	0	0	0	0	0	0	0	0	0	0	0	0	0	0	0	0	0	0	0	0	0	0	0	0	0	0	0	0	0	0	0	0	0	0	0	0	0	0	0	0		0	0	0	0	0	0	0	0	0	0	0	0	0	0	0	0	0	0	0	0	0	0	0
Porites_australiensis	0	0	0	0	0	0	0	0	0	0	0	0	0	0	0	0	0	0	0	0	0	0	0	0	0	0	0	0	0	0	0	0	0	0	0	0	0	0	0	0	0	0	0	0	0	0	0	0	0	0	0	0	0	0	0	0	0	0	0	0	0	0	0	0	0	0	0	0	0	0	0	0	0	0		0	0	0	0	0	0	0	0	0	0	0	0	0	0	0	0	0	0	0	0	0	0
Rossella_fibulata	0	0	0	0	0	0	0	0	0	0	0	0	0	0	0	0	0	0	0	0	0	0	0	0	0	0	0	0	0	0	0	0	0	0	0	0	0	0	0	0	0	0	0	0	0	0	0	0	0	0	0	0	0	0	0	0	0	0	0	0	0	0	0	0	0	0	0	0	0	0	0	0	0	0	0		0	0	0	0	0	0	0	0	0	0	0	0	0	0	0	0	0	0	0	0	0
Saccoglossus_kowalevskii	0	0	0	0	0.875	0	0.73125	0	0.1375	0.9	0.68125	0.875	0.875	0.25625	0.90625	0	0.83125	0.88125	0	0.825	0	0	0.6125	0.825	0.81875	0.8375	0.65625	0.5875	0.8625	0	0	0.525	0	0.84375	0	0	0.675	0.85625	0.9125	0	0.63125	0.8	0.8	0.6875	0.63125	0.84375	0.84375	0	0.76875	0.9	0.68125	0.73125	0	0.84375	0.8625	0	0.90625	0.65625	0	0	0	0.80625	0	0.9	0.9125	0.70625	0	0	0.7	0	0.69375	0.84375	0.9	0	0	0		0	0.75625	0	0.7	0	0.79375	0.75	0.81875	0.68125	0	0	0	0.9125	0.9125	0	0	0.76875	0	0.825	0.9
Salpingoeca_dolichothecata_16	0	0	0	0	0	0	0	0	0	0	0	0	0	0	0	0	0	0	0	0	0	0	0	0	0	0	0	0	0	0	0	0	0	0	0	0	0	0	0	0	0	0	0	0	0	0	0	0	0	0	0	0	0	0	0	0	0	0	0	0	0	0	0	0	0	0	0	0	0	0	0	0	0	0	0	0	0		0	0	0	0	0	0	0	0	0	0	0	0	0	0	0	0	0	0	0
Salpingoeca_helianthica_18	0	0	0	0	0.7375	0	0.6375	0	0.075	0.7625	0.68125	0.775	0.725	0.21875	0.76875	0	0.7	0.75	0	0.675	0	0	0.63125	0.73125	0.69375	0.7125	0.54375	0.60625	0.7625	0	0	0.54375	0	0.7375	0	0	0.58125	0.73125	0.775	0	0.56875	0.68125	0.65	0.60625	0.65	0.75	0.70625	0	0.61875	0.7625	0.6375	0.6125	0	0.7375	0.73125	0	0.76875	0.6375	0	0	0	0.7125	0	0.775	0.775	0.68125	0	0	0.675	0	0.63125	0.70625	0.7625	0	0	0	0.75625	0		0	0.6	0	0.6875	0.7375	0.725	0.6	0	0	0	0.775	0.775	0	0	0.69375	0	0.7	0.775
Salpingoeca_infusionum_12	0	0	0	0	0	0	0	0	0	0	0	0	0	0	0	0	0	0	0	0	0	0	0	0	0	0	0	0	0	0	0	0	0	0	0	0	0	0	0	0	0	0	0	0	0	0	0	0	0	0	0	0	0	0	0	0	0	0	0	0	0	0	0	0	0	0	0	0	0	0	0	0	0	0	0	0	0	0	0		0	0	0	0	0	0	0	0	0	0	0	0	0	0	0	0	0
Salpingoeca_macrocollata_06	0	0	0	0	0.7625	0	0.60625	0	0.03125	0.75625	0.65	0.68125	0.75	0.29375	0.7625	0	0.7625	0.75625	0	0.7375	0	0	0.6	0.68125	0.65	0.63125	0.66875	0.6	0.7125	0	0	0.5375	0	0.73125	0	0	0.5875	0.675	0.7625	0	0.625	0.71875	0.725	0.68125	0.6125	0.68125	0.69375	0	0.6875	0.7625	0.65	0.68125	0	0.725	0.7375	0	0.7625	0.6375	0	0	0	0.68125	0	0.74375	0.7625	0.68125	0	0	0.675	0	0.65625	0.69375	0.7625	0	0	0	0.7	0	0.6	0		0	0.69375	0.63125	0.7125	0.66875	0	0	0	0.7625	0.7625	0	0	0.66875	0	0.71875	0.7125
Salpingoeca_punica_03	0	0	0	0	0	0	0	0	0	0	0	0	0	0	0	0	0	0	0	0	0	0	0	0	0	0	0	0	0	0	0	0	0	0	0	0	0	0	0	0	0	0	0	0	0	0	0	0	0	0	0	0	0	0	0	0	0	0	0	0	0	0	0	0	0	0	0	0	0	0	0	0	0	0	0	0	0	0	0	0	0		0	0	0	0	0	0	0	0	0	0	0	0	0	0	0
Salpingoeca_qvevrii_09	0	0	0	0	0.8625	0	0.64375	0	0.0875	0.84375	0.71875	0.75625	0.85	0.325	0.8625	0	0.78125	0.8	0	0.775	0	0	0.6125	0.725	0.7625	0.75	0.675	0.5875	0.79375	0	0	0.525	0	0.83125	0	0	0.66875	0.775	0.85625	0	0.58125	0.75	0.75625	0.6375	0.64375	0.725	0.8	0	0.73125	0.8625	0.7375	0.70625	0	0.8	0.7625	0	0.8625	0.7	0	0	0	0.725	0	0.81875	0.8625	0.775	0	0	0.75625	0	0.70625	0.8	0.8625	0	0	0	0.79375	0	0.6875	0	0.69375	0		0.7125	0.76875	0.70625	0	0	0	0.8625	0.85	0	0	0.725	0	0.7375	0.80625
Salpingoeca_roanoka_13	0	0	0	0	0.7625	0	0.65625	0	0.05	0.8	0.675	0.74375	0.7625	0.275	0.79375	0	0.73125	0.75	0	0.70625	0	0	0.63125	0.69375	0.7125	0.71875	0.6	0.60625	0.7625	0	0	0.54375	0	0.7625	0	0	0.6125	0.71875	0.79375	0	0.56875	0.71875	0.68125	0.60625	0.6375	0.7125	0.725	0	0.65	0.7875	0.7	0.6625	0	0.73125	0.71875	0	0.79375	0.6875	0	0	0	0.675	0	0.76875	0.8	0.73125	0	0	0.7125	0	0.675	0.725	0.7875	0	0	0	0.75	0	0.7375	0	0.63125	0	0.7125		0.775	0.60625	0	0	0	0.8	0.7875	0	0	0.725	0	0.73125	0.79375
Salpingoeca_rosetta	0	0	0	0	0.85	0	0.7125	0	0.0625	0.88125	0.7	0.78125	0.85625	0.31875	0.88125	0	0.81875	0.8375	0	0.8125	0	0	0.60625	0.73125	0.81875	0.775	0.69375	0.58125	0.81875	0	0	0.51875	0	0.85	0	0	0.625	0.79375	0.88125	0	0.6	0.81875	0.79375	0.63125	0.625	0.75	0.78125	0	0.725	0.875	0.7375	0.71875	0	0.81875	0.79375	0	0.88125	0.7	0	0	0	0.7125	0	0.85625	0.8875	0.75625	0	0	0.7375	0	0.7125	0.78125	0.875	0	0	0	0.81875	0	0.725	0	0.7125	0	0.76875	0.775		0.63125	0	0	0	0.8875	0.875	0	0	0.725	0	0.775	0.83125
Salpingoeca_urceolata_04	0	0	0	0	0.725	0	0.5875	0	0.0875	0.725	0.60625	0.6625	0.70625	0.25	0.725	0	0.725	0.71875	0	0.7	0	0	0.575	0.6625	0.6125	0.6125	0.6	0.575	0.675	0	0	0.5125	0	0.69375	0	0	0.6125	0.6375	0.725	0	0.55	0.63125	0.6875	0.625	0.575	0.6625	0.675	0	0.6625	0.725	0.61875	0.60625	0	0.6875	0.71875	0	0.725	0.6375	0	0	0	0.6625	0	0.70625	0.725	0.6375	0	0	0.63125	0	0.60625	0.675	0.725	0	0	0	0.68125	0	0.6	0	0.66875	0	0.70625	0.60625	0.63125		0	0	0	0.725	0.725	0	0	0.69375	0	0.7	0.69375
Sphaeroforma_arctica_JP610	0	0	0	0	0	0	0	0	0	0	0	0	0	0	0	0	0	0	0	0	0	0	0	0	0	0	0	0	0	0	0	0	0	0	0	0	0	0	0	0	0	0	0	0	0	0	0	0	0	0	0	0	0	0	0	0	0	0	0	0	0	0	0	0	0	0	0	0	0	0	0	0	0	0	0	0	0	0	0	0	0	0	0	0	0	0		0	0	0	0	0	0	0	0	0	0
Spongilla_lacustris	0	0	0	0	0	0	0	0	0	0	0	0	0	0	0	0	0	0	0	0	0	0	0	0	0	0	0	0	0	0	0	0	0	0	0	0	0	0	0	0	0	0	0	0	0	0	0	0	0	0	0	0	0	0	0	0	0	0	0	0	0	0	0	0	0	0	0	0	0	0	0	0	0	0	0	0	0	0	0	0	0	0	0	0	0	0	0		0	0	0	0	0	0	0	0	0
Stephanoeca_diplocostata_AUFR	0	0	0	0	0	0	0	0	0	0	0	0	0	0	0	0	0	0	0	0	0	0	0	0	0	0	0	0	0	0	0	0	0	0	0	0	0	0	0	0	0	0	0	0	0	0	0	0	0	0	0	0	0	0	0	0	0	0	0	0	0	0	0	0	0	0	0	0	0	0	0	0	0	0	0	0	0	0	0	0	0	0	0	0	0	0	0	0		0	0	0	0	0	0	0	0
Stomolophus_meleagris	0	0	0	0	0.9625	0	0.7625	0	0.1375	0.98125	0.7375	0.89375	0.95	0.325	0.99375	0	0.91875	0.9375	0	0.89375	0	0	0.63125	0.84375	0.88125	0.86875	0.725	0.60625	0.93125	0	0	0.54375	0	0.93125	0	0	0.70625	0.8875	0.99375	0	0.65	0.86875	0.86875	0.70625	0.6625	0.8625	0.875	0	0.78125	0.9875	0.7375	0.75625	0	0.9	0.9	0	0.99375	0.71875	0	0	0	0.825	0	0.95625	1	0.79375	0	0	0.775	0	0.73125	0.875	0.9875	0	0	0	0.9125	0	0.775	0	0.7625	0	0.8625	0.8	0.8875	0.725	0	0	0		0.9875	0	0	0.81875	0	0.875	0.94375
Strongylocentrotus_purpuratus	0	0	0	0	0.95	0	0.75	0	0.1375	0.96875	0.7375	0.89375	0.9375	0.3125	0.98125	0	0.90625	0.9375	0	0.88125	0	0	0.63125	0.84375	0.875	0.85625	0.7125	0.60625	0.91875	0	0	0.54375	0	0.91875	0	0	0.69375	0.8875	0.9875	0	0.65	0.85625	0.85625	0.70625	0.6625	0.8625	0.8625	0	0.78125	0.975	0.725	0.75	0	0.9	0.9	0	0.98125	0.7125	0	0	0	0.825	0	0.95625	0.9875	0.78125	0	0	0.775	0	0.71875	0.8625	0.975	0	0	0	0.9125	0	0.775	0	0.7625	0	0.85	0.7875	0.875	0.725	0	0	0	0.9875		0	0	0.80625	0	0.8625	0.9375
Sycon_ciliatum	0	0	0	0	0	0	0	0	0	0	0	0	0	0	0	0	0	0	0	0	0	0	0	0	0	0	0	0	0	0	0	0	0	0	0	0	0	0	0	0	0	0	0	0	0	0	0	0	0	0	0	0	0	0	0	0	0	0	0	0	0	0	0	0	0	0	0	0	0	0	0	0	0	0	0	0	0	0	0	0	0	0	0	0	0	0	0	0	0	0	0		0	0	0	0	0
Sycon_coactum	0	0	0	0	0	0	0	0	0	0	0	0	0	0	0	0	0	0	0	0	0	0	0	0	0	0	0	0	0	0	0	0	0	0	0	0	0	0	0	0	0	0	0	0	0	0	0	0	0	0	0	0	0	0	0	0	0	0	0	0	0	0	0	0	0	0	0	0	0	0	0	0	0	0	0	0	0	0	0	0	0	0	0	0	0	0	0	0	0	0	0	0		0	0	0	0
Sympagella_nux	0	0	0	0	0.78125	0	0.7125	0	0.1375	0.81875	0.6	0.7625	0.775	0.26875	0.8125	0	0.81875	0.7875	0	0.79375	0	0	0.6	0.74375	0.7	0.7375	0.625	0.6	0.8	0	0	0.5375	0	0.75	0	0	0.7	0.7375	0.8125	0	0.58125	0.725	0.775	0.65625	0.6	0.7625	0.75625	0	0.64375	0.80625	0.6375	0.64375	0	0.71875	0.7875	0	0.8125	0.625	0	0	0	0.725	0	0.775	0.81875	0.65625	0	0	0.6375	0	0.6375	0.75625	0.80625	0	0	0	0.76875	0	0.69375	0	0.66875	0	0.725	0.725	0.725	0.69375	0	0	0	0.81875	0.80625	0	0		0	0.81875	0.8125
Tribolium_castaneum	0	0	0	0	0	0	0	0	0	0	0	0	0	0	0	0	0	0	0	0	0	0	0	0	0	0	0	0	0	0	0	0	0	0	0	0	0	0	0	0	0	0	0	0	0	0	0	0	0	0	0	0	0	0	0	0	0	0	0	0	0	0	0	0	0	0	0	0	0	0	0	0	0	0	0	0	0	0	0	0	0	0	0	0	0	0	0	0	0	0	0	0	0	0		0	0
Trichoplax_adhaerens	0	0	0	0	0.8375	0	0.7625	0	0.1375	0.875	0.6125	0.8125	0.83125	0.28125	0.86875	0	0.875	0.84375	0	0.85	0	0	0.60625	0.79375	0.75625	0.7875	0.68125	0.60625	0.85	0	0	0.54375	0	0.80625	0	0	0.70625	0.7875	0.86875	0	0.625	0.78125	0.825	0.70625	0.60625	0.8125	0.80625	0	0.69375	0.8625	0.64375	0.7	0	0.775	0.8375	0	0.86875	0.63125	0	0	0	0.775	0	0.83125	0.875	0.66875	0	0	0.65	0	0.675	0.80625	0.8625	0	0	0	0.825	0	0.7	0	0.71875	0	0.7375	0.73125	0.775	0.7	0	0	0	0.875	0.8625	0	0	0.81875	0		0.8625
Vallicula_multiformis	0	0	0	0	0.90625	0	0.75625	0	0.1375	0.93125	0.6875	0.89375	0.89375	0.26875	0.9375	0	0.8625	0.8875	0	0.8375	0	0	0.63125	0.84375	0.83125	0.8625	0.66875	0.60625	0.90625	0	0	0.54375	0	0.875	0	0	0.7	0.86875	0.94375	0	0.65	0.8125	0.8125	0.70625	0.65	0.8625	0.86875	0	0.75625	0.93125	0.69375	0.74375	0	0.85	0.86875	0	0.9375	0.6875	0	0	0	0.825	0	0.90625	0.94375	0.7375	0	0	0.725	0	0.70625	0.86875	0.93125	0	0	0	0.9	0	0.775	0	0.7125	0	0.80625	0.79375	0.83125	0.69375	0	0	0	0.94375	0.9375	0	0	0.8125	0	0.8625	
