	Abeoforma_whisleri	Acanthoeca_sp_10tr	Acanthoeca_spectabilis_VA_02	Aiptasia_pallida	Alatina_alata	Amoebidium_parasiticum_JAP72	Amphimedon_queenslandica	Antipathes_caribbeana	Aphrocallistes_vastus	Aplysia_californica	Atolla_vanhoeffeni	Aurelia_aurita	Beroe_abyssicola	Beroe_sp	Bolinopsis_infundibulum	Bolocera_tuedia	Branchiostoma_floridae	Capitella_teleta	Capsaspora_owczarzaki_atcc30864	Cestum_veneris	Choanoeca_perplexa_11	Chondrilla_nucula	Clathrina_coriacea	Clytia_hemisphaerica	Codosiga_hollandica_17	Coeloplana_species	Corticium_candelabrum	Craspedacusta_sowerbyi	Crassostrea_gigas	Creolimax_fragrantissima	Daphnia_pulex	Diaphanoeca_grandis_RI_01	Didymoeca_costata_10	Dryodora_glandiformis	Edwardsiella_lineata	Ephydatia_muelleri	Euplectella_aspergillum	Euplokamis_dunlapae	Gorgonia_ventalina	Grantia_compressa	Helobdella_robusta	Homo_sapiens	Hormiphora_californensis	Hyalonema_populiferum	Hydra_magnipapillata	Hydractinia_polyclina	Ircinia_fasciculata	Ixodes_scapularis	Kirkpatrickia_variolosa	Lampea_pancerina	Latrunculia_apicalis	Leuconia_nivea	Leucosolenia_complicata	Liriope_tetraphylla	Lucernariopsis_campanulata	Ministeria_vibrans	Mnemiopsis_leidyi	Monosiga_brevicollis_mx1	Montastraea_faveolata	Mycale_phyllophila	Mylnosiga_fluctuans_19	Nanomia_bijuga	Nematostella_vectensis	Oscarella_carmela	Oscarella_species	Pelagia_noctiluca	Pennatula_rubra	Periphylla_periphylla	Petrosia_ficiformis	Pirum_gemmata	Plakina_jani	Pleraplysilla_spinifera	Pleurobrachia_species	Plumapathes_pennacea	Porites_australiensis	Rossella_fibulata	Saccoglossus_kowalevskii	Salpingoeca_dolichothecata_16	Salpingoeca_helianthica_18	Salpingoeca_infusionum_12	Salpingoeca_macrocollata_06	Salpingoeca_punica_03	Salpingoeca_qvevrii_09	Salpingoeca_roanoka_13	Salpingoeca_rosetta	Salpingoeca_urceolata_04	Sphaeroforma_arctica_JP610	Spongilla_lacustris	Stephanoeca_diplocostata_AUFR	Stomolophus_meleagris	Strongylocentrotus_purpuratus	Sycon_ciliatum	Sycon_coactum	Sympagella_nux	Tribolium_castaneum	Trichoplax_adhaerens	Vallicula_multiformis
Abeoforma_whisleri		0.175	0.205	0	0.08	1	0.03	0.02	1	0.11	0.555	1	0.71	0.77	0.59	1	1	0.43	1	1	0.505	0.82	1	0.63	0.165	0.12	1	0.76	0	1	1	0.15	0.535	1	0.755	0.055	0.235	0.715	0.01	0.79	0.14	0.12	0.08	1	1	0.51	1	1	0.545	0.045	0.12	1	1	0.125	1	1	0.115	0.075	0	0.655	0.15	0.21	0.645	1	0.645	0	0.705	0.695	0.5	1	0.165	0.31	0.06	0.025	0	1	0.045	0.27	0.5	0.12	0.07	0.695	0.035	1	0.14	0.5	1	0.75	0.05	0.12	0	1	1	1	0.28	1	0.085
Acanthoeca_sp_10tr	0.175		0.155	0	0.03	0.175	0.02	0.01	0.175	0.075	0.08	0.175	0.11	0.175	0.13	0.175	0.175	0.085	0.175	0.175	0.14	0.175	0.175	0.145	0.1	0.07	0.175	0.175	0	0.175	0.175	0.1	0.175	0.175	0.175	0.035	0.14	0.175	0	0.175	0.115	0.075	0	0.175	0.175	0.14	0.175	0.175	0.07	0	0.065	0.175	0.175	0.105	0.175	0.175	0.05	0.065	0	0.11	0.15	0.14	0.14	0.175	0.145	0	0.175	0.135	0.035	0.175	0.025	0.035	0	0.015	0	0.175	0.045	0.175	0.14	0.085	0.07	0.175	0.035	0.175	0.09	0.14	0.175	0.175	0.045	0.075	0	0.175	0.175	0.175	0.11	0.175	0
Acanthoeca_spectabilis_VA_02	0.205	0.155		0	0.045	0.205	0	0	0.205	0.09	0.09	0.205	0.1	0.205	0.17	0.205	0.205	0.065	0.205	0.205	0.17	0.205	0.205	0.135	0.095	0.05	0.205	0.205	0	0.205	0.205	0.15	0.205	0.205	0.205	0.015	0.17	0.205	0	0.205	0.11	0.09	0	0.205	0.205	0.17	0.205	0.205	0.05	0	0.045	0.205	0.205	0.095	0.205	0.205	0.03	0.075	0	0.125	0.13	0.17	0.17	0.205	0.125	0	0.205	0.185	0.035	0.205	0.025	0.035	0	0	0	0.205	0.045	0.205	0.17	0.065	0.055	0.205	0.035	0.205	0.07	0.17	0.205	0.205	0.025	0.065	0	0.205	0.205	0.205	0.09	0.205	0
Aiptasia_pallida	0	0	0		0	0	0	0	0	0	0	0	0	0	0	0	0	0	0	0	0	0	0	0	0	0	0	0	0	0	0	0	0	0	0	0	0	0	0	0	0	0	0	0	0	0	0	0	0	0	0	0	0	0	0	0	0	0	0	0	0	0	0	0	0	0	0	0	0	0	0	0	0	0	0	0	0	0	0	0	0	0	0	0	0	0	0	0	0	0	0	0	0	0	0	0	0
Alatina_alata	0.08	0.03	0.045	0		0.08	0	0	0.08	0.045	0.05	0.08	0.075	0.055	0.075	0.08	0.08	0.015	0.08	0.08	0.075	0.055	0.08	0.05	0.045	0	0.08	0.075	0	0.08	0.08	0.045	0.07	0.08	0.075	0.005	0.07	0.055	0	0.055	0.045	0.045	0.005	0.08	0.08	0.05	0.08	0.08	0.01	0	0	0.08	0.08	0.04	0.08	0.08	0.01	0	0	0.08	0.01	0.045	0.07	0.08	0.02	0	0.055	0.08	0.01	0.08	0.005	0.005	0	0	0	0.08	0	0.05	0.07	0.02	0.03	0.055	0	0.08	0.015	0.07	0.08	0.08	0	0.04	0	0.08	0.08	0.08	0.04	0.08	0
Amoebidium_parasiticum_JAP72	1	0.175	0.205	0	0.08		0.03	0.02	1	0.11	0.555	1	0.71	0.77	0.59	1	1	0.43	1	1	0.505	0.82	1	0.63	0.165	0.12	1	0.76	0	1	1	0.15	0.535	1	0.755	0.055	0.235	0.715	0.01	0.79	0.14	0.12	0.08	1	1	0.51	1	1	0.545	0.045	0.12	1	1	0.125	1	1	0.115	0.075	0	0.655	0.15	0.21	0.645	1	0.645	0	0.705	0.695	0.5	1	0.165	0.31	0.06	0.025	0	1	0.045	0.27	0.5	0.12	0.07	0.695	0.035	1	0.14	0.5	1	0.75	0.05	0.12	0	1	1	1	0.28	1	0.085
Amphimedon_queenslandica	0.03	0.02	0	0	0	0.03		0.02	0.03	0.02	0	0.03	0.03	0.03	0.01	0.03	0.03	0.03	0.03	0.03	0.03	0.03	0.03	0.03	0.03	0.03	0.03	0.03	0	0.03	0.03	0	0.03	0.03	0.03	0.03	0.02	0.03	0	0.03	0.02	0.03	0	0.03	0.03	0.03	0.03	0.03	0.03	0	0.03	0.03	0.03	0.03	0.03	0.03	0.03	0	0	0.03	0.02	0.02	0.03	0.03	0.03	0	0.03	0	0	0.03	0	0	0	0.025	0	0.03	0	0.025	0.03	0.02	0.015	0.025	0	0.03	0.025	0.03	0.03	0.03	0.025	0.03	0	0.03	0.03	0.03	0.03	0.03	0
Antipathes_caribbeana	0.02	0.01	0	0	0	0.02	0.02		0.02	0.01	0	0.02	0.02	0.02	0	0.02	0.02	0.02	0.02	0.02	0.02	0.02	0.02	0.02	0.02	0.02	0.02	0.02	0	0.02	0.02	0	0.02	0.02	0.02	0.02	0.01	0.02	0	0.02	0.01	0.02	0	0.02	0.02	0.02	0.02	0.02	0.02	0	0.02	0.02	0.02	0.02	0.02	0.02	0.02	0	0	0.02	0.01	0.01	0.02	0.02	0.02	0	0.02	0	0	0.02	0	0	0	0.02	0	0.02	0	0.015	0.02	0.01	0.005	0.015	0	0.02	0.015	0.02	0.02	0.02	0.015	0.02	0	0.02	0.02	0.02	0.02	0.02	0
Aphrocallistes_vastus	1	0.175	0.205	0	0.08	1	0.03	0.02		0.11	0.555	1	0.71	0.77	0.59	1	1	0.43	1	1	0.505	0.82	1	0.63	0.165	0.12	1	0.76	0	1	1	0.15	0.535	1	0.755	0.055	0.235	0.715	0.01	0.79	0.14	0.12	0.08	1	1	0.51	1	1	0.545	0.045	0.12	1	1	0.125	1	1	0.115	0.075	0	0.655	0.15	0.21	0.645	1	0.645	0	0.705	0.695	0.5	1	0.165	0.31	0.06	0.025	0	1	0.045	0.27	0.5	0.12	0.07	0.695	0.035	1	0.14	0.5	1	0.75	0.05	0.12	0	1	1	1	0.28	1	0.085
Aplysia_californica	0.11	0.075	0.09	0	0.045	0.11	0.02	0.01	0.11		0.055	0.11	0.085	0.11	0.1	0.11	0.11	0.05	0.11	0.11	0.11	0.11	0.11	0.085	0.09	0.035	0.11	0.11	0	0.11	0.11	0.07	0.11	0.11	0.11	0.035	0.11	0.11	0	0.11	0.09	0.11	0	0.11	0.11	0.11	0.11	0.11	0.035	0	0.03	0.11	0.11	0.085	0.11	0.11	0.05	0	0	0.11	0.055	0.11	0.11	0.11	0.055	0	0.11	0.07	0	0.11	0	0	0	0.015	0	0.11	0	0.11	0.11	0.06	0.07	0.11	0	0.11	0.06	0.11	0.11	0.11	0.04	0.085	0	0.11	0.11	0.11	0.075	0.11	0
Atolla_vanhoeffeni	0.555	0.08	0.09	0	0.05	0.555	0	0	0.555	0.055		0.555	0.555	0.555	0.435	0.555	0.555	0.385	0.555	0.555	0.06	0.555	0.555	0.555	0.055	0.055	0.555	0.315	0	0.555	0.555	0.045	0.09	0.555	0.31	0.01	0.055	0.555	0.01	0.555	0.055	0.055	0.005	0.555	0.555	0.28	0.555	0.555	0.505	0.015	0.08	0.555	0.555	0.055	0.555	0.555	0.045	0	0	0.555	0.06	0.055	0.2	0.555	0.525	0	0.555	0.545	0.5	0.555	0.135	0.265	0	0	0	0.555	0	0.13	0.055	0.09	0.045	0.555	0.035	0.555	0.03	0.055	0.555	0.555	0.01	0.055	0	0.555	0.555	0.555	0.215	0.555	0
Aurelia_aurita	1	0.175	0.205	0	0.08	1	0.03	0.02	1	0.11	0.555		0.71	0.77	0.59	1	1	0.43	1	1	0.505	0.82	1	0.63	0.165	0.12	1	0.76	0	1	1	0.15	0.535	1	0.755	0.055	0.235	0.715	0.01	0.79	0.14	0.12	0.08	1	1	0.51	1	1	0.545	0.045	0.12	1	1	0.125	1	1	0.115	0.075	0	0.655	0.15	0.21	0.645	1	0.645	0	0.705	0.695	0.5	1	0.165	0.31	0.06	0.025	0	1	0.045	0.27	0.5	0.12	0.07	0.695	0.035	1	0.14	0.5	1	0.75	0.05	0.12	0	1	1	1	0.28	1	0.085
Beroe_abyssicola	0.71	0.11	0.1	0	0.075	0.71	0.03	0.02	0.71	0.085	0.555	0.71		0.64	0.52	0.71	0.71	0.43	0.71	0.71	0.215	0.66	0.71	0.595	0.135	0.095	0.71	0.47	0	0.71	0.71	0.045	0.245	0.71	0.465	0.05	0.13	0.61	0.01	0.64	0.095	0.095	0.05	0.71	0.71	0.365	0.71	0.71	0.545	0.015	0.12	0.71	0.71	0.095	0.71	0.71	0.085	0	0	0.63	0.09	0.095	0.355	0.71	0.565	0	0.595	0.59	0.5	0.71	0.145	0.31	0.03	0.025	0	0.71	0	0.165	0.21	0.12	0.07	0.59	0.035	0.71	0.065	0.21	0.71	0.645	0.045	0.12	0	0.71	0.71	0.71	0.255	0.71	0.02
Beroe_sp	0.77	0.175	0.205	0	0.055	0.77	0.03	0.02	0.77	0.11	0.555	0.77	0.64		0.57	0.77	0.77	0.425	0.77	0.77	0.275	0.77	0.77	0.63	0.155	0.12	0.77	0.53	0	0.77	0.77	0.15	0.305	0.77	0.525	0.05	0.19	0.715	0.01	0.77	0.13	0.12	0.075	0.77	0.77	0.495	0.77	0.77	0.545	0.04	0.12	0.77	0.77	0.125	0.77	0.77	0.11	0.075	0	0.62	0.15	0.2	0.415	0.77	0.645	0	0.7	0.65	0.5	0.77	0.135	0.31	0.035	0.025	0	0.77	0.045	0.27	0.27	0.12	0.07	0.695	0.035	0.77	0.095	0.27	0.77	0.725	0.05	0.12	0	0.77	0.77	0.77	0.28	0.77	0.025
Bolinopsis_infundibulum	0.59	0.13	0.17	0	0.075	0.59	0.01	0	0.59	0.1	0.435	0.59	0.52	0.57		0.59	0.59	0.405	0.59	0.59	0.215	0.57	0.59	0.455	0.11	0.075	0.59	0.47	0	0.59	0.59	0.115	0.245	0.59	0.465	0.03	0.165	0.54	0.01	0.57	0.085	0.1	0.05	0.59	0.59	0.295	0.59	0.59	0.405	0	0.06	0.59	0.59	0.075	0.59	0.59	0.065	0.04	0	0.5	0.105	0.145	0.235	0.59	0.445	0	0.525	0.515	0.38	0.59	0.135	0.215	0.01	0.005	0	0.59	0.01	0.22	0.21	0.11	0.065	0.525	0.035	0.59	0.05	0.21	0.59	0.57	0.03	0.1	0	0.59	0.59	0.59	0.235	0.59	0
Bolocera_tuedia	1	0.175	0.205	0	0.08	1	0.03	0.02	1	0.11	0.555	1	0.71	0.77	0.59		1	0.43	1	1	0.505	0.82	1	0.63	0.165	0.12	1	0.76	0	1	1	0.15	0.535	1	0.755	0.055	0.235	0.715	0.01	0.79	0.14	0.12	0.08	1	1	0.51	1	1	0.545	0.045	0.12	1	1	0.125	1	1	0.115	0.075	0	0.655	0.15	0.21	0.645	1	0.645	0	0.705	0.695	0.5	1	0.165	0.31	0.06	0.025	0	1	0.045	0.27	0.5	0.12	0.07	0.695	0.035	1	0.14	0.5	1	0.75	0.05	0.12	0	1	1	1	0.28	1	0.085
Branchiostoma_floridae	1	0.175	0.205	0	0.08	1	0.03	0.02	1	0.11	0.555	1	0.71	0.77	0.59	1		0.43	1	1	0.505	0.82	1	0.63	0.165	0.12	1	0.76	0	1	1	0.15	0.535	1	0.755	0.055	0.235	0.715	0.01	0.79	0.14	0.12	0.08	1	1	0.51	1	1	0.545	0.045	0.12	1	1	0.125	1	1	0.115	0.075	0	0.655	0.15	0.21	0.645	1	0.645	0	0.705	0.695	0.5	1	0.165	0.31	0.06	0.025	0	1	0.045	0.27	0.5	0.12	0.07	0.695	0.035	1	0.14	0.5	1	0.75	0.05	0.12	0	1	1	1	0.28	1	0.085
Capitella_teleta	0.43	0.085	0.065	0	0.015	0.43	0.03	0.02	0.43	0.05	0.385	0.43	0.43	0.425	0.405	0.43	0.43		0.43	0.43	0.07	0.43	0.43	0.425	0.065	0.095	0.43	0.325	0	0.43	0.43	0.01	0.1	0.43	0.32	0.05	0.055	0.425	0.01	0.425	0.055	0.06	0.005	0.43	0.43	0.15	0.43	0.43	0.41	0	0.08	0.43	0.43	0.06	0.43	0.43	0.085	0	0	0.425	0.085	0.055	0.075	0.43	0.425	0	0.425	0.375	0.365	0.43	0.14	0.17	0.005	0.025	0	0.43	0	0.13	0.065	0.11	0.045	0.42	0.035	0.43	0.055	0.065	0.43	0.425	0.045	0.06	0	0.43	0.43	0.43	0.23	0.43	0.005
Capsaspora_owczarzaki_atcc30864	1	0.175	0.205	0	0.08	1	0.03	0.02	1	0.11	0.555	1	0.71	0.77	0.59	1	1	0.43		1	0.505	0.82	1	0.63	0.165	0.12	1	0.76	0	1	1	0.15	0.535	1	0.755	0.055	0.235	0.715	0.01	0.79	0.14	0.12	0.08	1	1	0.51	1	1	0.545	0.045	0.12	1	1	0.125	1	1	0.115	0.075	0	0.655	0.15	0.21	0.645	1	0.645	0	0.705	0.695	0.5	1	0.165	0.31	0.06	0.025	0	1	0.045	0.27	0.5	0.12	0.07	0.695	0.035	1	0.14	0.5	1	0.75	0.05	0.12	0	1	1	1	0.28	1	0.085
Cestum_veneris	1	0.175	0.205	0	0.08	1	0.03	0.02	1	0.11	0.555	1	0.71	0.77	0.59	1	1	0.43	1		0.505	0.82	1	0.63	0.165	0.12	1	0.76	0	1	1	0.15	0.535	1	0.755	0.055	0.235	0.715	0.01	0.79	0.14	0.12	0.08	1	1	0.51	1	1	0.545	0.045	0.12	1	1	0.125	1	1	0.115	0.075	0	0.655	0.15	0.21	0.645	1	0.645	0	0.705	0.695	0.5	1	0.165	0.31	0.06	0.025	0	1	0.045	0.27	0.5	0.12	0.07	0.695	0.035	1	0.14	0.5	1	0.75	0.05	0.12	0	1	1	1	0.28	1	0.085
Choanoeca_perplexa_11	0.505	0.14	0.17	0	0.075	0.505	0.03	0.02	0.505	0.11	0.06	0.505	0.215	0.275	0.215	0.505	0.505	0.07	0.505	0.505		0.325	0.505	0.135	0.165	0.07	0.505	0.505	0	0.505	0.505	0.15	0.5	0.505	0.505	0.055	0.235	0.22	0	0.295	0.14	0.12	0.08	0.505	0.505	0.285	0.505	0.505	0.05	0.03	0.04	0.505	0.505	0.125	0.505	0.505	0.09	0.075	0	0.16	0.115	0.21	0.5	0.505	0.15	0	0.21	0.2	0.005	0.505	0.035	0.05	0.06	0.025	0	0.505	0.045	0.2	0.5	0.065	0.07	0.2	0	0.505	0.14	0.5	0.505	0.255	0.05	0.12	0	0.505	0.505	0.505	0.115	0.505	0.085
Chondrilla_nucula	0.82	0.175	0.205	0	0.055	0.82	0.03	0.02	0.82	0.11	0.555	0.82	0.66	0.77	0.57	0.82	0.82	0.43	0.82	0.82	0.325		0.82	0.63	0.165	0.12	0.82	0.58	0	0.82	0.82	0.15	0.355	0.82	0.575	0.055	0.21	0.715	0.01	0.79	0.14	0.12	0.08	0.82	0.82	0.51	0.82	0.82	0.545	0.045	0.12	0.82	0.82	0.125	0.82	0.82	0.115	0.075	0	0.62	0.15	0.21	0.465	0.82	0.645	0	0.7	0.65	0.5	0.82	0.145	0.31	0.06	0.025	0	0.82	0.045	0.27	0.32	0.12	0.07	0.695	0.035	0.82	0.095	0.32	0.82	0.725	0.05	0.12	0	0.82	0.82	0.82	0.28	0.82	0.045
Clathrina_coriacea	1	0.175	0.205	0	0.08	1	0.03	0.02	1	0.11	0.555	1	0.71	0.77	0.59	1	1	0.43	1	1	0.505	0.82		0.63	0.165	0.12	1	0.76	0	1	1	0.15	0.535	1	0.755	0.055	0.235	0.715	0.01	0.79	0.14	0.12	0.08	1	1	0.51	1	1	0.545	0.045	0.12	1	1	0.125	1	1	0.115	0.075	0	0.655	0.15	0.21	0.645	1	0.645	0	0.705	0.695	0.5	1	0.165	0.31	0.06	0.025	0	1	0.045	0.27	0.5	0.12	0.07	0.695	0.035	1	0.14	0.5	1	0.75	0.05	0.12	0	1	1	1	0.28	1	0.085
Clytia_hemisphaerica	0.63	0.145	0.135	0	0.05	0.63	0.03	0.02	0.63	0.085	0.555	0.63	0.595	0.63	0.455	0.63	0.63	0.425	0.63	0.63	0.135	0.63	0.63		0.12	0.095	0.63	0.39	0	0.63	0.63	0.08	0.165	0.63	0.385	0.05	0.12	0.63	0.01	0.63	0.12	0.095	0.005	0.63	0.63	0.355	0.63	0.63	0.545	0.015	0.12	0.63	0.63	0.125	0.63	0.63	0.085	0.035	0	0.595	0.125	0.12	0.275	0.63	0.6	0	0.63	0.58	0.5	0.63	0.135	0.265	0	0.025	0	0.63	0.035	0.2	0.13	0.12	0.07	0.625	0.035	0.63	0.095	0.13	0.63	0.63	0.05	0.095	0	0.63	0.63	0.63	0.255	0.63	0
Codosiga_hollandica_17	0.165	0.1	0.095	0	0.045	0.165	0.03	0.02	0.165	0.09	0.055	0.165	0.135	0.155	0.11	0.165	0.165	0.065	0.165	0.165	0.165	0.165	0.165	0.12		0.045	0.165	0.165	0	0.165	0.165	0.075	0.165	0.165	0.165	0.045	0.125	0.14	0	0.155	0.12	0.1	0.03	0.165	0.165	0.155	0.165	0.165	0.045	0	0.04	0.165	0.165	0.12	0.165	0.165	0.06	0.025	0	0.1	0.08	0.125	0.165	0.165	0.09	0	0.125	0.075	0	0.165	0.01	0.03	0.02	0.025	0	0.165	0.025	0.12	0.165	0.06	0.07	0.12	0	0.165	0.09	0.165	0.165	0.15	0.05	0.12	0	0.165	0.165	0.165	0.085	0.165	0.01
Coeloplana_species	0.12	0.07	0.05	0	0	0.12	0.03	0.02	0.12	0.035	0.055	0.12	0.095	0.12	0.075	0.12	0.12	0.095	0.12	0.12	0.07	0.12	0.12	0.095	0.045		0.12	0.12	0	0.12	0.12	0	0.105	0.12	0.12	0.045	0.035	0.095	0.005	0.12	0.035	0.045	0.025	0.12	0.12	0.07	0.12	0.12	0.095	0.025	0.075	0.12	0.12	0.045	0.12	0.12	0.07	0	0	0.095	0.07	0.045	0.07	0.12	0.12	0	0.095	0.05	0.05	0.12	0.04	0.05	0.025	0.025	0	0.12	0	0.09	0.07	0.075	0.03	0.09	0.035	0.12	0.04	0.07	0.12	0.095	0.04	0.045	0	0.12	0.12	0.12	0.12	0.12	0.025
Corticium_candelabrum	1	0.175	0.205	0	0.08	1	0.03	0.02	1	0.11	0.555	1	0.71	0.77	0.59	1	1	0.43	1	1	0.505	0.82	1	0.63	0.165	0.12		0.76	0	1	1	0.15	0.535	1	0.755	0.055	0.235	0.715	0.01	0.79	0.14	0.12	0.08	1	1	0.51	1	1	0.545	0.045	0.12	1	1	0.125	1	1	0.115	0.075	0	0.655	0.15	0.21	0.645	1	0.645	0	0.705	0.695	0.5	1	0.165	0.31	0.06	0.025	0	1	0.045	0.27	0.5	0.12	0.07	0.695	0.035	1	0.14	0.5	1	0.75	0.05	0.12	0	1	1	1	0.28	1	0.085
Craspedacusta_sowerbyi	0.76	0.175	0.205	0	0.075	0.76	0.03	0.02	0.76	0.11	0.315	0.76	0.47	0.53	0.47	0.76	0.76	0.325	0.76	0.76	0.505	0.58	0.76	0.39	0.165	0.12	0.76		0	0.76	0.76	0.15	0.535	0.76	0.755	0.055	0.235	0.475	0.01	0.55	0.14	0.12	0.08	0.76	0.76	0.285	0.76	0.76	0.305	0.03	0.08	0.76	0.76	0.125	0.76	0.76	0.09	0.075	0	0.415	0.15	0.21	0.505	0.76	0.405	0	0.465	0.455	0.26	0.76	0.125	0.17	0.06	0.025	0	0.76	0.045	0.27	0.5	0.12	0.07	0.455	0.035	0.76	0.14	0.5	0.76	0.51	0.05	0.12	0	0.76	0.76	0.76	0.215	0.76	0.085
Crassostrea_gigas	0	0	0	0	0	0	0	0	0	0	0	0	0	0	0	0	0	0	0	0	0	0	0	0	0	0	0	0		0	0	0	0	0	0	0	0	0	0	0	0	0	0	0	0	0	0	0	0	0	0	0	0	0	0	0	0	0	0	0	0	0	0	0	0	0	0	0	0	0	0	0	0	0	0	0	0	0	0	0	0	0	0	0	0	0	0	0	0	0	0	0	0	0	0	0	0
Creolimax_fragrantissima	1	0.175	0.205	0	0.08	1	0.03	0.02	1	0.11	0.555	1	0.71	0.77	0.59	1	1	0.43	1	1	0.505	0.82	1	0.63	0.165	0.12	1	0.76	0		1	0.15	0.535	1	0.755	0.055	0.235	0.715	0.01	0.79	0.14	0.12	0.08	1	1	0.51	1	1	0.545	0.045	0.12	1	1	0.125	1	1	0.115	0.075	0	0.655	0.15	0.21	0.645	1	0.645	0	0.705	0.695	0.5	1	0.165	0.31	0.06	0.025	0	1	0.045	0.27	0.5	0.12	0.07	0.695	0.035	1	0.14	0.5	1	0.75	0.05	0.12	0	1	1	1	0.28	1	0.085
Daphnia_pulex	1	0.175	0.205	0	0.08	1	0.03	0.02	1	0.11	0.555	1	0.71	0.77	0.59	1	1	0.43	1	1	0.505	0.82	1	0.63	0.165	0.12	1	0.76	0	1		0.15	0.535	1	0.755	0.055	0.235	0.715	0.01	0.79	0.14	0.12	0.08	1	1	0.51	1	1	0.545	0.045	0.12	1	1	0.125	1	1	0.115	0.075	0	0.655	0.15	0.21	0.645	1	0.645	0	0.705	0.695	0.5	1	0.165	0.31	0.06	0.025	0	1	0.045	0.27	0.5	0.12	0.07	0.695	0.035	1	0.14	0.5	1	0.75	0.05	0.12	0	1	1	1	0.28	1	0.085
Diaphanoeca_grandis_RI_01	0.15	0.1	0.15	0	0.045	0.15	0	0	0.15	0.07	0.045	0.15	0.045	0.15	0.115	0.15	0.15	0.01	0.15	0.15	0.15	0.15	0.15	0.08	0.075	0	0.15	0.15	0	0.15	0.15		0.15	0.15	0.15	0	0.15	0.15	0	0.15	0.09	0.07	0	0.15	0.15	0.15	0.15	0.15	0	0	0	0.15	0.15	0.075	0.15	0.15	0.01	0.075	0	0.07	0.075	0.15	0.15	0.15	0.07	0	0.15	0.15	0	0.15	0	0	0	0	0	0.15	0.045	0.15	0.15	0.02	0.035	0.15	0	0.15	0.05	0.15	0.15	0.15	0.005	0.045	0	0.15	0.15	0.15	0.035	0.15	0
Didymoeca_costata_10	0.535	0.175	0.205	0	0.07	0.535	0.03	0.02	0.535	0.11	0.09	0.535	0.245	0.305	0.245	0.535	0.535	0.1	0.535	0.535	0.5	0.355	0.535	0.165	0.165	0.105	0.535	0.535	0	0.535	0.535	0.15		0.535	0.535	0.05	0.235	0.25	0	0.325	0.14	0.12	0.075	0.535	0.535	0.285	0.535	0.535	0.08	0.03	0.075	0.535	0.535	0.125	0.535	0.535	0.09	0.075	0	0.19	0.15	0.21	0.5	0.535	0.18	0	0.24	0.23	0.035	0.535	0.055	0.08	0.06	0.025	0	0.535	0.045	0.23	0.5	0.085	0.07	0.23	0.035	0.535	0.14	0.5	0.535	0.285	0.05	0.12	0	0.535	0.535	0.535	0.145	0.535	0.085
Dryodora_glandiformis	1	0.175	0.205	0	0.08	1	0.03	0.02	1	0.11	0.555	1	0.71	0.77	0.59	1	1	0.43	1	1	0.505	0.82	1	0.63	0.165	0.12	1	0.76	0	1	1	0.15	0.535		0.755	0.055	0.235	0.715	0.01	0.79	0.14	0.12	0.08	1	1	0.51	1	1	0.545	0.045	0.12	1	1	0.125	1	1	0.115	0.075	0	0.655	0.15	0.21	0.645	1	0.645	0	0.705	0.695	0.5	1	0.165	0.31	0.06	0.025	0	1	0.045	0.27	0.5	0.12	0.07	0.695	0.035	1	0.14	0.5	1	0.75	0.05	0.12	0	1	1	1	0.28	1	0.085
Edwardsiella_lineata	0.755	0.175	0.205	0	0.075	0.755	0.03	0.02	0.755	0.11	0.31	0.755	0.465	0.525	0.465	0.755	0.755	0.32	0.755	0.755	0.505	0.575	0.755	0.385	0.165	0.12	0.755	0.755	0	0.755	0.755	0.15	0.535	0.755		0.055	0.235	0.47	0.01	0.545	0.14	0.12	0.08	0.755	0.755	0.285	0.755	0.755	0.3	0.03	0.08	0.755	0.755	0.125	0.755	0.755	0.09	0.075	0	0.41	0.15	0.21	0.505	0.755	0.4	0	0.46	0.45	0.255	0.755	0.12	0.165	0.06	0.025	0	0.755	0.045	0.27	0.5	0.12	0.07	0.45	0.035	0.755	0.14	0.5	0.755	0.505	0.05	0.12	0	0.755	0.755	0.755	0.21	0.755	0.085
Ephydatia_muelleri	0.055	0.035	0.015	0	0.005	0.055	0.03	0.02	0.055	0.035	0.01	0.055	0.05	0.05	0.03	0.055	0.055	0.05	0.055	0.055	0.055	0.055	0.055	0.05	0.045	0.045	0.055	0.055	0	0.055	0.055	0	0.05	0.055	0.055		0.035	0.05	0	0.055	0.035	0.045	0.01	0.055	0.055	0.05	0.055	0.055	0.05	0.005	0.04	0.055	0.055	0.045	0.055	0.055	0.05	0	0	0.05	0.035	0.035	0.05	0.055	0.05	0	0.05	0.005	0.005	0.055	0.005	0.005	0.005	0.025	0	0.055	0	0.045	0.05	0.04	0.03	0.045	0	0.055	0.04	0.05	0.055	0.05	0.04	0.045	0	0.055	0.055	0.055	0.05	0.055	0
Euplectella_aspergillum	0.235	0.14	0.17	0	0.07	0.235	0.02	0.01	0.235	0.11	0.055	0.235	0.13	0.19	0.165	0.235	0.235	0.055	0.235	0.235	0.235	0.21	0.235	0.12	0.125	0.035	0.235	0.235	0	0.235	0.235	0.15	0.235	0.235	0.235	0.035		0.19	0	0.19	0.14	0.11	0	0.235	0.235	0.19	0.235	0.235	0.035	0	0.03	0.235	0.235	0.115	0.235	0.235	0.05	0.075	0	0.135	0.115	0.2	0.235	0.235	0.11	0	0.19	0.175	0	0.235	0.01	0	0.02	0.015	0	0.235	0.045	0.19	0.235	0.06	0.07	0.19	0	0.235	0.09	0.235	0.235	0.215	0.045	0.085	0	0.235	0.235	0.235	0.075	0.235	0.02
Euplokamis_dunlapae	0.715	0.175	0.205	0	0.055	0.715	0.03	0.02	0.715	0.11	0.555	0.715	0.61	0.715	0.54	0.715	0.715	0.425	0.715	0.715	0.22	0.715	0.715	0.63	0.14	0.095	0.715	0.475	0	0.715	0.715	0.15	0.25	0.715	0.47	0.05	0.19		0.01	0.715	0.13	0.12	0.02	0.715	0.715	0.44	0.715	0.715	0.545	0.015	0.12	0.715	0.715	0.125	0.715	0.715	0.085	0.075	0	0.62	0.15	0.19	0.36	0.715	0.62	0	0.7	0.65	0.5	0.715	0.135	0.28	0.01	0.025	0	0.715	0.045	0.27	0.215	0.12	0.07	0.695	0.035	0.715	0.095	0.215	0.715	0.715	0.05	0.11	0	0.715	0.715	0.715	0.255	0.715	0
Gorgonia_ventalina	0.01	0	0	0	0	0.01	0	0	0.01	0	0.01	0.01	0.01	0.01	0.01	0.01	0.01	0.01	0.01	0.01	0	0.01	0.01	0.01	0	0.005	0.01	0.01	0	0.01	0.01	0	0	0.01	0.01	0	0	0.01		0.01	0	0	0	0.01	0.01	0	0.01	0.01	0.01	0	0	0.01	0.01	0	0.01	0.01	0	0	0	0.01	0	0	0	0.01	0.01	0	0.01	0.01	0.01	0.01	0.005	0.005	0	0	0	0.01	0	0.005	0	0.005	0	0.01	0	0.01	0	0	0.01	0.01	0	0	0	0.01	0.01	0.01	0.01	0.01	0
Grantia_compressa	0.79	0.175	0.205	0	0.055	0.79	0.03	0.02	0.79	0.11	0.555	0.79	0.64	0.77	0.57	0.79	0.79	0.425	0.79	0.79	0.295	0.79	0.79	0.63	0.155	0.12	0.79	0.55	0	0.79	0.79	0.15	0.325	0.79	0.545	0.055	0.19	0.715	0.01		0.13	0.12	0.08	0.79	0.79	0.51	0.79	0.79	0.545	0.045	0.12	0.79	0.79	0.125	0.79	0.79	0.115	0.075	0	0.62	0.15	0.2	0.435	0.79	0.645	0	0.7	0.65	0.5	0.79	0.135	0.31	0.04	0.025	0	0.79	0.045	0.27	0.29	0.12	0.07	0.695	0.035	0.79	0.095	0.29	0.79	0.725	0.05	0.12	0	0.79	0.79	0.79	0.28	0.79	0.025
Helobdella_robusta	0.14	0.115	0.11	0	0.045	0.14	0.02	0.01	0.14	0.09	0.055	0.14	0.095	0.13	0.085	0.14	0.14	0.055	0.14	0.14	0.14	0.14	0.14	0.12	0.12	0.035	0.14	0.14	0	0.14	0.14	0.09	0.14	0.14	0.14	0.035	0.14	0.13	0	0.13		0.09	0	0.14	0.14	0.13	0.14	0.14	0.035	0	0.03	0.14	0.14	0.115	0.14	0.14	0.05	0.04	0	0.09	0.095	0.135	0.14	0.14	0.095	0	0.13	0.09	0	0.14	0.005	0	0.01	0.015	0	0.14	0.04	0.13	0.14	0.06	0.07	0.13	0	0.14	0.09	0.14	0.14	0.13	0.045	0.085	0	0.14	0.14	0.14	0.075	0.14	0.01
Homo_sapiens	0.12	0.075	0.09	0	0.045	0.12	0.03	0.02	0.12	0.11	0.055	0.12	0.095	0.12	0.1	0.12	0.12	0.06	0.12	0.12	0.12	0.12	0.12	0.095	0.1	0.045	0.12	0.12	0	0.12	0.12	0.07	0.12	0.12	0.12	0.045	0.11	0.12	0	0.12	0.09		0	0.12	0.12	0.12	0.12	0.12	0.045	0	0.04	0.12	0.12	0.095	0.12	0.12	0.06	0	0	0.12	0.055	0.11	0.12	0.12	0.065	0	0.12	0.07	0	0.12	0	0	0	0.025	0	0.12	0	0.115	0.12	0.06	0.07	0.115	0	0.12	0.065	0.12	0.12	0.12	0.045	0.095	0	0.12	0.12	0.12	0.085	0.12	0
Hormiphora_californensis	0.08	0	0	0	0.005	0.08	0	0	0.08	0	0.005	0.08	0.05	0.075	0.05	0.08	0.08	0.005	0.08	0.08	0.08	0.08	0.08	0.005	0.03	0.025	0.08	0.08	0	0.08	0.08	0	0.075	0.08	0.08	0.01	0	0.02	0	0.08	0	0		0.08	0.08	0.075	0.08	0.08	0.005	0.03	0	0.08	0.08	0	0.08	0.08	0.03	0	0	0.005	0	0.01	0.075	0.08	0.03	0	0.005	0.005	0.005	0.08	0.005	0.05	0.04	0	0	0.08	0	0.005	0.075	0.005	0	0.005	0	0.08	0	0.075	0.08	0.03	0	0.025	0	0.08	0.08	0.08	0.03	0.08	0.025
Hyalonema_populiferum	1	0.175	0.205	0	0.08	1	0.03	0.02	1	0.11	0.555	1	0.71	0.77	0.59	1	1	0.43	1	1	0.505	0.82	1	0.63	0.165	0.12	1	0.76	0	1	1	0.15	0.535	1	0.755	0.055	0.235	0.715	0.01	0.79	0.14	0.12	0.08		1	0.51	1	1	0.545	0.045	0.12	1	1	0.125	1	1	0.115	0.075	0	0.655	0.15	0.21	0.645	1	0.645	0	0.705	0.695	0.5	1	0.165	0.31	0.06	0.025	0	1	0.045	0.27	0.5	0.12	0.07	0.695	0.035	1	0.14	0.5	1	0.75	0.05	0.12	0	1	1	1	0.28	1	0.085
Hydra_magnipapillata	1	0.175	0.205	0	0.08	1	0.03	0.02	1	0.11	0.555	1	0.71	0.77	0.59	1	1	0.43	1	1	0.505	0.82	1	0.63	0.165	0.12	1	0.76	0	1	1	0.15	0.535	1	0.755	0.055	0.235	0.715	0.01	0.79	0.14	0.12	0.08	1		0.51	1	1	0.545	0.045	0.12	1	1	0.125	1	1	0.115	0.075	0	0.655	0.15	0.21	0.645	1	0.645	0	0.705	0.695	0.5	1	0.165	0.31	0.06	0.025	0	1	0.045	0.27	0.5	0.12	0.07	0.695	0.035	1	0.14	0.5	1	0.75	0.05	0.12	0	1	1	1	0.28	1	0.085
Hydractinia_polyclina	0.51	0.14	0.17	0	0.05	0.51	0.03	0.02	0.51	0.11	0.28	0.51	0.365	0.495	0.295	0.51	0.51	0.15	0.51	0.51	0.285	0.51	0.51	0.355	0.155	0.07	0.51	0.285	0	0.51	0.51	0.15	0.285	0.51	0.285	0.05	0.19	0.44	0	0.51	0.13	0.12	0.075	0.51	0.51		0.51	0.51	0.27	0.045	0.08	0.51	0.51	0.125	0.51	0.51	0.115	0.075	0	0.345	0.115	0.2	0.425	0.51	0.37	0	0.425	0.375	0.225	0.51	0.025	0.17	0.04	0.025	0	0.51	0.045	0.195	0.285	0.06	0.07	0.42	0	0.51	0.095	0.285	0.51	0.45	0.05	0.12	0	0.51	0.51	0.51	0.16	0.51	0.025
Ircinia_fasciculata	1	0.175	0.205	0	0.08	1	0.03	0.02	1	0.11	0.555	1	0.71	0.77	0.59	1	1	0.43	1	1	0.505	0.82	1	0.63	0.165	0.12	1	0.76	0	1	1	0.15	0.535	1	0.755	0.055	0.235	0.715	0.01	0.79	0.14	0.12	0.08	1	1	0.51		1	0.545	0.045	0.12	1	1	0.125	1	1	0.115	0.075	0	0.655	0.15	0.21	0.645	1	0.645	0	0.705	0.695	0.5	1	0.165	0.31	0.06	0.025	0	1	0.045	0.27	0.5	0.12	0.07	0.695	0.035	1	0.14	0.5	1	0.75	0.05	0.12	0	1	1	1	0.28	1	0.085
Ixodes_scapularis	1	0.175	0.205	0	0.08	1	0.03	0.02	1	0.11	0.555	1	0.71	0.77	0.59	1	1	0.43	1	1	0.505	0.82	1	0.63	0.165	0.12	1	0.76	0	1	1	0.15	0.535	1	0.755	0.055	0.235	0.715	0.01	0.79	0.14	0.12	0.08	1	1	0.51	1		0.545	0.045	0.12	1	1	0.125	1	1	0.115	0.075	0	0.655	0.15	0.21	0.645	1	0.645	0	0.705	0.695	0.5	1	0.165	0.31	0.06	0.025	0	1	0.045	0.27	0.5	0.12	0.07	0.695	0.035	1	0.14	0.5	1	0.75	0.05	0.12	0	1	1	1	0.28	1	0.085
Kirkpatrickia_variolosa	0.545	0.07	0.05	0	0.01	0.545	0.03	0.02	0.545	0.035	0.505	0.545	0.545	0.545	0.405	0.545	0.545	0.41	0.545	0.545	0.05	0.545	0.545	0.545	0.045	0.095	0.545	0.305	0	0.545	0.545	0	0.08	0.545	0.3	0.05	0.035	0.545	0.01	0.545	0.035	0.045	0.005	0.545	0.545	0.27	0.545	0.545		0.015	0.12	0.545	0.545	0.045	0.545	0.545	0.07	0	0	0.545	0.07	0.035	0.19	0.545	0.545	0	0.545	0.5	0.5	0.545	0.135	0.265	0	0.025	0	0.545	0	0.115	0.045	0.095	0.03	0.54	0.035	0.545	0.04	0.045	0.545	0.545	0.04	0.045	0	0.545	0.545	0.545	0.215	0.545	0
Lampea_pancerina	0.045	0	0	0	0	0.045	0	0	0.045	0	0.015	0.045	0.015	0.04	0	0.045	0.045	0	0.045	0.045	0.03	0.045	0.045	0.015	0	0.025	0.045	0.03	0	0.045	0.045	0	0.03	0.045	0.03	0.005	0	0.015	0	0.045	0	0	0.03	0.045	0.045	0.045	0.045	0.045	0.015		0.005	0.045	0.045	0	0.045	0.045	0.03	0	0	0.015	0	0.01	0.045	0.045	0.04	0	0.015	0.015	0.015	0.045	0	0.015	0.03	0	0	0.045	0	0	0.03	0	0	0.015	0	0.045	0	0.03	0.045	0.015	0	0	0	0.045	0.045	0.045	0.025	0.045	0.025
Latrunculia_apicalis	0.12	0.065	0.045	0	0	0.12	0.03	0.02	0.12	0.03	0.08	0.12	0.12	0.12	0.06	0.12	0.12	0.08	0.12	0.12	0.04	0.12	0.12	0.12	0.04	0.075	0.12	0.08	0	0.12	0.12	0	0.075	0.12	0.08	0.04	0.03	0.12	0	0.12	0.03	0.04	0	0.12	0.12	0.08	0.12	0.12	0.12	0.005		0.12	0.12	0.04	0.12	0.12	0.04	0	0	0.12	0.065	0.03	0.085	0.12	0.12	0	0.12	0.08	0.08	0.12	0.025	0.08	0	0.025	0	0.12	0	0.075	0.04	0.055	0.025	0.115	0.035	0.12	0.035	0.04	0.12	0.12	0.035	0.04	0	0.12	0.12	0.12	0.075	0.12	0
Leuconia_nivea	1	0.175	0.205	0	0.08	1	0.03	0.02	1	0.11	0.555	1	0.71	0.77	0.59	1	1	0.43	1	1	0.505	0.82	1	0.63	0.165	0.12	1	0.76	0	1	1	0.15	0.535	1	0.755	0.055	0.235	0.715	0.01	0.79	0.14	0.12	0.08	1	1	0.51	1	1	0.545	0.045	0.12		1	0.125	1	1	0.115	0.075	0	0.655	0.15	0.21	0.645	1	0.645	0	0.705	0.695	0.5	1	0.165	0.31	0.06	0.025	0	1	0.045	0.27	0.5	0.12	0.07	0.695	0.035	1	0.14	0.5	1	0.75	0.05	0.12	0	1	1	1	0.28	1	0.085
Leucosolenia_complicata	1	0.175	0.205	0	0.08	1	0.03	0.02	1	0.11	0.555	1	0.71	0.77	0.59	1	1	0.43	1	1	0.505	0.82	1	0.63	0.165	0.12	1	0.76	0	1	1	0.15	0.535	1	0.755	0.055	0.235	0.715	0.01	0.79	0.14	0.12	0.08	1	1	0.51	1	1	0.545	0.045	0.12	1		0.125	1	1	0.115	0.075	0	0.655	0.15	0.21	0.645	1	0.645	0	0.705	0.695	0.5	1	0.165	0.31	0.06	0.025	0	1	0.045	0.27	0.5	0.12	0.07	0.695	0.035	1	0.14	0.5	1	0.75	0.05	0.12	0	1	1	1	0.28	1	0.085
Liriope_tetraphylla	0.125	0.105	0.095	0	0.04	0.125	0.03	0.02	0.125	0.085	0.055	0.125	0.095	0.125	0.075	0.125	0.125	0.06	0.125	0.125	0.125	0.125	0.125	0.125	0.12	0.045	0.125	0.125	0	0.125	0.125	0.075	0.125	0.125	0.125	0.045	0.115	0.125	0	0.125	0.115	0.095	0	0.125	0.125	0.125	0.125	0.125	0.045	0	0.04	0.125	0.125		0.125	0.125	0.06	0.03	0	0.095	0.085	0.115	0.125	0.125	0.095	0	0.125	0.075	0	0.125	0	0	0	0.025	0	0.125	0.03	0.12	0.125	0.06	0.07	0.12	0	0.125	0.095	0.125	0.125	0.125	0.05	0.095	0	0.125	0.125	0.125	0.085	0.125	0
Lucernariopsis_campanulata	1	0.175	0.205	0	0.08	1	0.03	0.02	1	0.11	0.555	1	0.71	0.77	0.59	1	1	0.43	1	1	0.505	0.82	1	0.63	0.165	0.12	1	0.76	0	1	1	0.15	0.535	1	0.755	0.055	0.235	0.715	0.01	0.79	0.14	0.12	0.08	1	1	0.51	1	1	0.545	0.045	0.12	1	1	0.125		1	0.115	0.075	0	0.655	0.15	0.21	0.645	1	0.645	0	0.705	0.695	0.5	1	0.165	0.31	0.06	0.025	0	1	0.045	0.27	0.5	0.12	0.07	0.695	0.035	1	0.14	0.5	1	0.75	0.05	0.12	0	1	1	1	0.28	1	0.085
Ministeria_vibrans	1	0.175	0.205	0	0.08	1	0.03	0.02	1	0.11	0.555	1	0.71	0.77	0.59	1	1	0.43	1	1	0.505	0.82	1	0.63	0.165	0.12	1	0.76	0	1	1	0.15	0.535	1	0.755	0.055	0.235	0.715	0.01	0.79	0.14	0.12	0.08	1	1	0.51	1	1	0.545	0.045	0.12	1	1	0.125	1		0.115	0.075	0	0.655	0.15	0.21	0.645	1	0.645	0	0.705	0.695	0.5	1	0.165	0.31	0.06	0.025	0	1	0.045	0.27	0.5	0.12	0.07	0.695	0.035	1	0.14	0.5	1	0.75	0.05	0.12	0	1	1	1	0.28	1	0.085
Mnemiopsis_leidyi	0.115	0.05	0.03	0	0.01	0.115	0.03	0.02	0.115	0.05	0.045	0.115	0.085	0.11	0.065	0.115	0.115	0.085	0.115	0.115	0.09	0.115	0.115	0.085	0.06	0.07	0.115	0.09	0	0.115	0.115	0.01	0.09	0.115	0.09	0.05	0.05	0.085	0	0.115	0.05	0.06	0.03	0.115	0.115	0.115	0.115	0.115	0.07	0.03	0.04	0.115	0.115	0.06	0.115	0.115		0	0	0.085	0.05	0.06	0.09	0.115	0.11	0	0.085	0.035	0.025	0.115	0	0.005	0.03	0.025	0	0.115	0	0.055	0.09	0.05	0.045	0.08	0	0.115	0.055	0.09	0.115	0.085	0.045	0.06	0	0.115	0.115	0.115	0.11	0.115	0.025
Monosiga_brevicollis_mx1	0.075	0.065	0.075	0	0	0.075	0	0	0.075	0	0	0.075	0	0.075	0.04	0.075	0.075	0	0.075	0.075	0.075	0.075	0.075	0.035	0.025	0	0.075	0.075	0	0.075	0.075	0.075	0.075	0.075	0.075	0	0.075	0.075	0	0.075	0.04	0	0	0.075	0.075	0.075	0.075	0.075	0	0	0	0.075	0.075	0.03	0.075	0.075	0		0	0	0.06	0.075	0.075	0.075	0.055	0	0.075	0.075	0	0.075	0	0	0	0	0	0.075	0.045	0.075	0.075	0	0	0.075	0	0.075	0.03	0.075	0.075	0.075	0.005	0	0	0.075	0.075	0.075	0	0.075	0
Montastraea_faveolata	0	0	0	0	0	0	0	0	0	0	0	0	0	0	0	0	0	0	0	0	0	0	0	0	0	0	0	0	0	0	0	0	0	0	0	0	0	0	0	0	0	0	0	0	0	0	0	0	0	0	0	0	0	0	0	0	0	0		0	0	0	0	0	0	0	0	0	0	0	0	0	0	0	0	0	0	0	0	0	0	0	0	0	0	0	0	0	0	0	0	0	0	0	0	0	0
Mycale_phyllophila	0.655	0.11	0.125	0	0.08	0.655	0.03	0.02	0.655	0.11	0.555	0.655	0.63	0.62	0.5	0.655	0.655	0.425	0.655	0.655	0.16	0.62	0.655	0.595	0.1	0.095	0.655	0.415	0	0.655	0.655	0.07	0.19	0.655	0.41	0.05	0.135	0.62	0.01	0.62	0.09	0.12	0.005	0.655	0.655	0.345	0.655	0.655	0.545	0.015	0.12	0.655	0.655	0.095	0.655	0.655	0.085	0	0		0.09	0.11	0.3	0.655	0.565	0	0.62	0.605	0.5	0.655	0.135	0.265	0	0.025	0	0.655	0	0.19	0.155	0.12	0.07	0.615	0.035	0.655	0.065	0.155	0.655	0.645	0.045	0.095	0	0.655	0.655	0.655	0.255	0.655	0
Mylnosiga_fluctuans_19	0.15	0.15	0.13	0	0.01	0.15	0.02	0.01	0.15	0.055	0.06	0.15	0.09	0.15	0.105	0.15	0.15	0.085	0.15	0.15	0.115	0.15	0.15	0.125	0.08	0.07	0.15	0.15	0	0.15	0.15	0.075	0.15	0.15	0.15	0.035	0.115	0.15	0	0.15	0.095	0.055	0	0.15	0.15	0.115	0.15	0.15	0.07	0	0.065	0.15	0.15	0.085	0.15	0.15	0.05	0.06	0	0.09		0.115	0.115	0.15	0.145	0	0.15	0.11	0.035	0.15	0.025	0.035	0	0.015	0	0.15	0.045	0.15	0.115	0.08	0.05	0.15	0.035	0.15	0.085	0.115	0.15	0.15	0.045	0.055	0	0.15	0.15	0.15	0.09	0.15	0
Nanomia_bijuga	0.21	0.14	0.17	0	0.045	0.21	0.02	0.01	0.21	0.11	0.055	0.21	0.095	0.2	0.145	0.21	0.21	0.055	0.21	0.21	0.21	0.21	0.21	0.12	0.125	0.045	0.21	0.21	0	0.21	0.21	0.15	0.21	0.21	0.21	0.035	0.2	0.19	0	0.2	0.135	0.11	0.01	0.21	0.21	0.2	0.21	0.21	0.035	0.01	0.03	0.21	0.21	0.115	0.21	0.21	0.06	0.075	0	0.11	0.115		0.21	0.21	0.12	0	0.19	0.15	0	0.21	0.01	0	0.02	0.015	0	0.21	0.045	0.19	0.21	0.06	0.07	0.19	0	0.21	0.09	0.21	0.21	0.19	0.045	0.085	0	0.21	0.21	0.21	0.085	0.21	0.02
Nematostella_vectensis	0.645	0.14	0.17	0	0.07	0.645	0.03	0.02	0.645	0.11	0.2	0.645	0.355	0.415	0.235	0.645	0.645	0.075	0.645	0.645	0.5	0.465	0.645	0.275	0.165	0.07	0.645	0.505	0	0.645	0.645	0.15	0.5	0.645	0.505	0.05	0.235	0.36	0	0.435	0.14	0.12	0.075	0.645	0.645	0.425	0.645	0.645	0.19	0.045	0.085	0.645	0.645	0.125	0.645	0.645	0.09	0.075	0	0.3	0.115	0.21		0.645	0.29	0	0.35	0.34	0.145	0.645	0.03	0.145	0.06	0.025	0	0.645	0.045	0.2	0.5	0.06	0.07	0.34	0	0.645	0.14	0.5	0.645	0.395	0.05	0.12	0	0.645	0.645	0.645	0.11	0.645	0.085
Oscarella_carmela	1	0.175	0.205	0	0.08	1	0.03	0.02	1	0.11	0.555	1	0.71	0.77	0.59	1	1	0.43	1	1	0.505	0.82	1	0.63	0.165	0.12	1	0.76	0	1	1	0.15	0.535	1	0.755	0.055	0.235	0.715	0.01	0.79	0.14	0.12	0.08	1	1	0.51	1	1	0.545	0.045	0.12	1	1	0.125	1	1	0.115	0.075	0	0.655	0.15	0.21	0.645		0.645	0	0.705	0.695	0.5	1	0.165	0.31	0.06	0.025	0	1	0.045	0.27	0.5	0.12	0.07	0.695	0.035	1	0.14	0.5	1	0.75	0.05	0.12	0	1	1	1	0.28	1	0.085
Oscarella_species	0.645	0.145	0.125	0	0.02	0.645	0.03	0.02	0.645	0.055	0.525	0.645	0.565	0.645	0.445	0.645	0.645	0.425	0.645	0.645	0.15	0.645	0.645	0.6	0.09	0.12	0.645	0.405	0	0.645	0.645	0.07	0.18	0.645	0.4	0.05	0.11	0.62	0.01	0.645	0.095	0.065	0.03	0.645	0.645	0.37	0.645	0.645	0.545	0.04	0.12	0.645	0.645	0.095	0.645	0.645	0.11	0.055	0	0.565	0.145	0.12	0.29	0.645		0	0.62	0.57	0.5	0.645	0.135	0.265	0.025	0.025	0	0.645	0.045	0.19	0.145	0.115	0.05	0.615	0.035	0.645	0.09	0.145	0.645	0.62	0.05	0.065	0	0.645	0.645	0.645	0.26	0.645	0.025
Pelagia_noctiluca	0	0	0	0	0	0	0	0	0	0	0	0	0	0	0	0	0	0	0	0	0	0	0	0	0	0	0	0	0	0	0	0	0	0	0	0	0	0	0	0	0	0	0	0	0	0	0	0	0	0	0	0	0	0	0	0	0	0	0	0	0	0	0	0	0		0	0	0	0	0	0	0	0	0	0	0	0	0	0	0	0	0	0	0	0	0	0	0	0	0	0	0	0	0	0	0
Pennatula_rubra	0.705	0.175	0.205	0	0.055	0.705	0.03	0.02	0.705	0.11	0.555	0.705	0.595	0.7	0.525	0.705	0.705	0.425	0.705	0.705	0.21	0.7	0.705	0.63	0.125	0.095	0.705	0.465	0	0.705	0.705	0.15	0.24	0.705	0.46	0.05	0.19	0.7	0.01	0.7	0.13	0.12	0.005	0.705	0.705	0.425	0.705	0.705	0.545	0.015	0.12	0.705	0.705	0.125	0.705	0.705	0.085	0.075	0	0.62	0.15	0.19	0.35	0.705	0.62	0		0.65	0.5	0.705	0.135	0.265	0	0.025	0	0.705	0.045	0.27	0.205	0.12	0.07	0.695	0.035	0.705	0.1	0.205	0.705	0.7	0.05	0.095	0	0.705	0.705	0.705	0.255	0.705	0
Periphylla_periphylla	0.695	0.135	0.185	0	0.08	0.695	0	0	0.695	0.07	0.545	0.695	0.59	0.65	0.515	0.695	0.695	0.375	0.695	0.695	0.2	0.65	0.695	0.58	0.075	0.05	0.695	0.455	0	0.695	0.695	0.15	0.23	0.695	0.45	0.005	0.175	0.65	0.01	0.65	0.09	0.07	0.005	0.695	0.695	0.375	0.695	0.695	0.5	0.015	0.08	0.695	0.695	0.075	0.695	0.695	0.035	0.075	0	0.605	0.11	0.15	0.34	0.695	0.57	0	0.65		0.5	0.695	0.135	0.265	0	0	0	0.695	0.045	0.225	0.195	0.08	0.035	0.65	0.035	0.695	0.05	0.195	0.695	0.675	0.005	0.045	0	0.695	0.695	0.695	0.205	0.695	0
Petrosia_ficiformis	0.5	0.035	0.035	0	0.01	0.5	0	0	0.5	0	0.5	0.5	0.5	0.5	0.38	0.5	0.5	0.365	0.5	0.5	0.005	0.5	0.5	0.5	0	0.05	0.5	0.26	0	0.5	0.5	0	0.035	0.5	0.255	0.005	0	0.5	0.01	0.5	0	0	0.005	0.5	0.5	0.225	0.5	0.5	0.5	0.015	0.08	0.5	0.5	0	0.5	0.5	0.025	0	0	0.5	0.035	0	0.145	0.5	0.5	0	0.5	0.5		0.5	0.135	0.265	0	0	0	0.5	0	0.075	0	0.06	0	0.5	0.035	0.5	0	0	0.5	0.5	0	0	0	0.5	0.5	0.5	0.17	0.5	0
Pirum_gemmata	1	0.175	0.205	0	0.08	1	0.03	0.02	1	0.11	0.555	1	0.71	0.77	0.59	1	1	0.43	1	1	0.505	0.82	1	0.63	0.165	0.12	1	0.76	0	1	1	0.15	0.535	1	0.755	0.055	0.235	0.715	0.01	0.79	0.14	0.12	0.08	1	1	0.51	1	1	0.545	0.045	0.12	1	1	0.125	1	1	0.115	0.075	0	0.655	0.15	0.21	0.645	1	0.645	0	0.705	0.695	0.5		0.165	0.31	0.06	0.025	0	1	0.045	0.27	0.5	0.12	0.07	0.695	0.035	1	0.14	0.5	1	0.75	0.05	0.12	0	1	1	1	0.28	1	0.085
Plakina_jani	0.165	0.025	0.025	0	0.005	0.165	0	0	0.165	0	0.135	0.165	0.145	0.135	0.135	0.165	0.165	0.14	0.165	0.165	0.035	0.145	0.165	0.135	0.01	0.04	0.165	0.125	0	0.165	0.165	0	0.055	0.165	0.12	0.005	0.01	0.135	0.005	0.135	0.005	0	0.005	0.165	0.165	0.025	0.165	0.165	0.135	0	0.025	0.165	0.165	0	0.165	0.165	0	0	0	0.135	0.025	0.01	0.03	0.165	0.135	0	0.135	0.135	0.135	0.165		0.13	0.01	0	0	0.165	0	0.06	0.03	0.06	0	0.135	0.025	0.165	0.02	0.03	0.165	0.135	0	0	0	0.165	0.165	0.165	0.105	0.165	0.03
Pleraplysilla_spinifera	0.31	0.035	0.035	0	0.005	0.31	0	0	0.31	0	0.265	0.31	0.31	0.31	0.215	0.31	0.31	0.17	0.31	0.31	0.05	0.31	0.31	0.265	0.03	0.05	0.31	0.17	0	0.31	0.31	0	0.08	0.31	0.165	0.005	0	0.28	0.005	0.31	0	0	0.05	0.31	0.31	0.17	0.31	0.31	0.265	0.015	0.08	0.31	0.31	0	0.31	0.31	0.005	0	0	0.265	0.035	0	0.145	0.31	0.265	0	0.265	0.265	0.265	0.31	0.13		0.01	0	0	0.31	0	0.075	0.045	0.06	0	0.265	0.035	0.31	0	0.045	0.31	0.29	0	0.025	0	0.31	0.31	0.31	0.12	0.31	0
Pleurobrachia_species	0.06	0	0	0	0	0.06	0	0	0.06	0	0	0.06	0.03	0.035	0.01	0.06	0.06	0.005	0.06	0.06	0.06	0.06	0.06	0	0.02	0.025	0.06	0.06	0	0.06	0.06	0	0.06	0.06	0.06	0.005	0.02	0.01	0	0.04	0.01	0	0.04	0.06	0.06	0.04	0.06	0.06	0	0.03	0	0.06	0.06	0	0.06	0.06	0.03	0	0	0	0	0.02	0.06	0.06	0.025	0	0	0	0	0.06	0.01	0.01		0	0	0.06	0	0	0.06	0	0	0	0	0.06	0	0.06	0.06	0.01	0	0.01	0	0.06	0.06	0.06	0.025	0.06	0.045
Plumapathes_pennacea	0.025	0.015	0	0	0	0.025	0.025	0.02	0.025	0.015	0	0.025	0.025	0.025	0.005	0.025	0.025	0.025	0.025	0.025	0.025	0.025	0.025	0.025	0.025	0.025	0.025	0.025	0	0.025	0.025	0	0.025	0.025	0.025	0.025	0.015	0.025	0	0.025	0.015	0.025	0	0.025	0.025	0.025	0.025	0.025	0.025	0	0.025	0.025	0.025	0.025	0.025	0.025	0.025	0	0	0.025	0.015	0.015	0.025	0.025	0.025	0	0.025	0	0	0.025	0	0	0		0	0.025	0	0.02	0.025	0.015	0.01	0.02	0	0.025	0.02	0.025	0.025	0.025	0.02	0.025	0	0.025	0.025	0.025	0.025	0.025	0
Porites_australiensis	0	0	0	0	0	0	0	0	0	0	0	0	0	0	0	0	0	0	0	0	0	0	0	0	0	0	0	0	0	0	0	0	0	0	0	0	0	0	0	0	0	0	0	0	0	0	0	0	0	0	0	0	0	0	0	0	0	0	0	0	0	0	0	0	0	0	0	0	0	0	0	0	0	0		0	0	0	0	0	0	0	0	0	0	0	0	0	0	0	0	0	0	0	0	0	0
Rossella_fibulata	1	0.175	0.205	0	0.08	1	0.03	0.02	1	0.11	0.555	1	0.71	0.77	0.59	1	1	0.43	1	1	0.505	0.82	1	0.63	0.165	0.12	1	0.76	0	1	1	0.15	0.535	1	0.755	0.055	0.235	0.715	0.01	0.79	0.14	0.12	0.08	1	1	0.51	1	1	0.545	0.045	0.12	1	1	0.125	1	1	0.115	0.075	0	0.655	0.15	0.21	0.645	1	0.645	0	0.705	0.695	0.5	1	0.165	0.31	0.06	0.025	0		0.045	0.27	0.5	0.12	0.07	0.695	0.035	1	0.14	0.5	1	0.75	0.05	0.12	0	1	1	1	0.28	1	0.085
Saccoglossus_kowalevskii	0.045	0.045	0.045	0	0	0.045	0	0	0.045	0	0	0.045	0	0.045	0.01	0.045	0.045	0	0.045	0.045	0.045	0.045	0.045	0.035	0.025	0	0.045	0.045	0	0.045	0.045	0.045	0.045	0.045	0.045	0	0.045	0.045	0	0.045	0.04	0	0	0.045	0.045	0.045	0.045	0.045	0	0	0	0.045	0.045	0.03	0.045	0.045	0	0.045	0	0	0.045	0.045	0.045	0.045	0.045	0	0.045	0.045	0	0.045	0	0	0	0	0	0.045		0.045	0.045	0	0	0.045	0	0.045	0.03	0.045	0.045	0.045	0.005	0	0	0.045	0.045	0.045	0	0.045	0
Salpingoeca_dolichothecata_16	0.27	0.175	0.205	0	0.05	0.27	0.025	0.015	0.27	0.11	0.13	0.27	0.165	0.27	0.22	0.27	0.27	0.13	0.27	0.27	0.2	0.27	0.27	0.2	0.12	0.09	0.27	0.27	0	0.27	0.27	0.15	0.23	0.27	0.27	0.045	0.19	0.27	0.005	0.27	0.13	0.115	0.005	0.27	0.27	0.195	0.27	0.27	0.115	0	0.075	0.27	0.27	0.12	0.27	0.27	0.055	0.075	0	0.19	0.15	0.19	0.2	0.27	0.19	0	0.27	0.225	0.075	0.27	0.06	0.075	0	0.02	0	0.27	0.045		0.195	0.12	0.07	0.27	0.035	0.27	0.095	0.195	0.27	0.27	0.05	0.09	0	0.27	0.27	0.27	0.15	0.27	0
Salpingoeca_helianthica_18	0.5	0.14	0.17	0	0.07	0.5	0.03	0.02	0.5	0.11	0.055	0.5	0.21	0.27	0.21	0.5	0.5	0.065	0.5	0.5	0.5	0.32	0.5	0.13	0.165	0.07	0.5	0.5	0	0.5	0.5	0.15	0.5	0.5	0.5	0.05	0.235	0.215	0	0.29	0.14	0.12	0.075	0.5	0.5	0.285	0.5	0.5	0.045	0.03	0.04	0.5	0.5	0.125	0.5	0.5	0.09	0.075	0	0.155	0.115	0.21	0.5	0.5	0.145	0	0.205	0.195	0	0.5	0.03	0.045	0.06	0.025	0	0.5	0.045	0.195		0.06	0.07	0.195	0	0.5	0.14	0.5	0.5	0.25	0.05	0.12	0	0.5	0.5	0.5	0.11	0.5	0.085
Salpingoeca_infusionum_12	0.12	0.085	0.065	0	0.02	0.12	0.02	0.01	0.12	0.06	0.09	0.12	0.12	0.12	0.11	0.12	0.12	0.11	0.12	0.12	0.065	0.12	0.12	0.12	0.06	0.075	0.12	0.12	0	0.12	0.12	0.02	0.085	0.12	0.12	0.04	0.06	0.12	0.005	0.12	0.06	0.06	0.005	0.12	0.12	0.06	0.12	0.12	0.095	0	0.055	0.12	0.12	0.06	0.12	0.12	0.05	0	0	0.12	0.08	0.06	0.06	0.12	0.115	0	0.12	0.08	0.06	0.12	0.06	0.06	0	0.015	0	0.12	0	0.12	0.06		0.055	0.12	0.025	0.12	0.06	0.06	0.12	0.12	0.04	0.06	0	0.12	0.12	0.12	0.12	0.12	0
Salpingoeca_macrocollata_06	0.07	0.07	0.055	0	0.03	0.07	0.015	0.005	0.07	0.07	0.045	0.07	0.07	0.07	0.065	0.07	0.07	0.045	0.07	0.07	0.07	0.07	0.07	0.07	0.07	0.03	0.07	0.07	0	0.07	0.07	0.035	0.07	0.07	0.07	0.03	0.07	0.07	0	0.07	0.07	0.07	0	0.07	0.07	0.07	0.07	0.07	0.03	0	0.025	0.07	0.07	0.07	0.07	0.07	0.045	0	0	0.07	0.05	0.07	0.07	0.07	0.05	0	0.07	0.035	0	0.07	0	0	0	0.01	0	0.07	0	0.07	0.07	0.055		0.07	0	0.07	0.055	0.07	0.07	0.07	0.035	0.07	0	0.07	0.07	0.07	0.07	0.07	0
Salpingoeca_punica_03	0.695	0.175	0.205	0	0.055	0.695	0.025	0.015	0.695	0.11	0.555	0.695	0.59	0.695	0.525	0.695	0.695	0.42	0.695	0.695	0.2	0.695	0.695	0.625	0.12	0.09	0.695	0.455	0	0.695	0.695	0.15	0.23	0.695	0.45	0.045	0.19	0.695	0.01	0.695	0.13	0.115	0.005	0.695	0.695	0.42	0.695	0.695	0.54	0.015	0.115	0.695	0.695	0.12	0.695	0.695	0.08	0.075	0	0.615	0.15	0.19	0.34	0.695	0.615	0	0.695	0.65	0.5	0.695	0.135	0.265	0	0.02	0	0.695	0.045	0.27	0.195	0.12	0.07		0.035	0.695	0.095	0.195	0.695	0.695	0.05	0.09	0	0.695	0.695	0.695	0.25	0.695	0
Salpingoeca_qvevrii_09	0.035	0.035	0.035	0	0	0.035	0	0	0.035	0	0.035	0.035	0.035	0.035	0.035	0.035	0.035	0.035	0.035	0.035	0	0.035	0.035	0.035	0	0.035	0.035	0.035	0	0.035	0.035	0	0.035	0.035	0.035	0	0	0.035	0	0.035	0	0	0	0.035	0.035	0	0.035	0.035	0.035	0	0.035	0.035	0.035	0	0.035	0.035	0	0	0	0.035	0.035	0	0	0.035	0.035	0	0.035	0.035	0.035	0.035	0.025	0.035	0	0	0	0.035	0	0.035	0	0.025	0	0.035		0.035	0	0	0.035	0.035	0	0	0	0.035	0.035	0.035	0.035	0.035	0
Salpingoeca_roanoka_13	1	0.175	0.205	0	0.08	1	0.03	0.02	1	0.11	0.555	1	0.71	0.77	0.59	1	1	0.43	1	1	0.505	0.82	1	0.63	0.165	0.12	1	0.76	0	1	1	0.15	0.535	1	0.755	0.055	0.235	0.715	0.01	0.79	0.14	0.12	0.08	1	1	0.51	1	1	0.545	0.045	0.12	1	1	0.125	1	1	0.115	0.075	0	0.655	0.15	0.21	0.645	1	0.645	0	0.705	0.695	0.5	1	0.165	0.31	0.06	0.025	0	1	0.045	0.27	0.5	0.12	0.07	0.695	0.035		0.14	0.5	1	0.75	0.05	0.12	0	1	1	1	0.28	1	0.085
Salpingoeca_rosetta	0.14	0.09	0.07	0	0.015	0.14	0.025	0.015	0.14	0.06	0.03	0.14	0.065	0.095	0.05	0.14	0.14	0.055	0.14	0.14	0.14	0.095	0.14	0.095	0.09	0.04	0.14	0.14	0	0.14	0.14	0.05	0.14	0.14	0.14	0.04	0.09	0.095	0	0.095	0.09	0.065	0	0.14	0.14	0.095	0.14	0.14	0.04	0	0.035	0.14	0.14	0.095	0.14	0.14	0.055	0.03	0	0.065	0.085	0.09	0.14	0.14	0.09	0	0.1	0.05	0	0.14	0.02	0	0	0.02	0	0.14	0.03	0.095	0.14	0.06	0.055	0.095	0	0.14		0.14	0.14	0.095	0.05	0.065	0	0.14	0.14	0.14	0.065	0.14	0.02
Salpingoeca_urceolata_04	0.5	0.14	0.17	0	0.07	0.5	0.03	0.02	0.5	0.11	0.055	0.5	0.21	0.27	0.21	0.5	0.5	0.065	0.5	0.5	0.5	0.32	0.5	0.13	0.165	0.07	0.5	0.5	0	0.5	0.5	0.15	0.5	0.5	0.5	0.05	0.235	0.215	0	0.29	0.14	0.12	0.075	0.5	0.5	0.285	0.5	0.5	0.045	0.03	0.04	0.5	0.5	0.125	0.5	0.5	0.09	0.075	0	0.155	0.115	0.21	0.5	0.5	0.145	0	0.205	0.195	0	0.5	0.03	0.045	0.06	0.025	0	0.5	0.045	0.195	0.5	0.06	0.07	0.195	0	0.5	0.14		0.5	0.25	0.05	0.12	0	0.5	0.5	0.5	0.11	0.5	0.085
Sphaeroforma_arctica_JP610	1	0.175	0.205	0	0.08	1	0.03	0.02	1	0.11	0.555	1	0.71	0.77	0.59	1	1	0.43	1	1	0.505	0.82	1	0.63	0.165	0.12	1	0.76	0	1	1	0.15	0.535	1	0.755	0.055	0.235	0.715	0.01	0.79	0.14	0.12	0.08	1	1	0.51	1	1	0.545	0.045	0.12	1	1	0.125	1	1	0.115	0.075	0	0.655	0.15	0.21	0.645	1	0.645	0	0.705	0.695	0.5	1	0.165	0.31	0.06	0.025	0	1	0.045	0.27	0.5	0.12	0.07	0.695	0.035	1	0.14	0.5		0.75	0.05	0.12	0	1	1	1	0.28	1	0.085
Spongilla_lacustris	0.75	0.175	0.205	0	0.08	0.75	0.03	0.02	0.75	0.11	0.555	0.75	0.645	0.725	0.57	0.75	0.75	0.425	0.75	0.75	0.255	0.725	0.75	0.63	0.15	0.095	0.75	0.51	0	0.75	0.75	0.15	0.285	0.75	0.505	0.05	0.215	0.715	0.01	0.725	0.13	0.12	0.03	0.75	0.75	0.45	0.75	0.75	0.545	0.015	0.12	0.75	0.75	0.125	0.75	0.75	0.085	0.075	0	0.645	0.15	0.19	0.395	0.75	0.62	0	0.7	0.675	0.5	0.75	0.135	0.29	0.01	0.025	0	0.75	0.045	0.27	0.25	0.12	0.07	0.695	0.035	0.75	0.095	0.25	0.75		0.05	0.12	0	0.75	0.75	0.75	0.255	0.75	0
Stephanoeca_diplocostata_AUFR	0.05	0.045	0.025	0	0	0.05	0.025	0.015	0.05	0.04	0.01	0.05	0.045	0.05	0.03	0.05	0.05	0.045	0.05	0.05	0.05	0.05	0.05	0.05	0.05	0.04	0.05	0.05	0	0.05	0.05	0.005	0.05	0.05	0.05	0.04	0.045	0.05	0	0.05	0.045	0.045	0	0.05	0.05	0.05	0.05	0.05	0.04	0	0.035	0.05	0.05	0.05	0.05	0.05	0.045	0.005	0	0.045	0.045	0.045	0.05	0.05	0.05	0	0.05	0.005	0	0.05	0	0	0	0.02	0	0.05	0.005	0.05	0.05	0.04	0.035	0.05	0	0.05	0.05	0.05	0.05	0.05		0.045	0	0.05	0.05	0.05	0.045	0.05	0
Stomolophus_meleagris	0.12	0.075	0.065	0	0.04	0.12	0.03	0.02	0.12	0.085	0.055	0.12	0.12	0.12	0.1	0.12	0.12	0.06	0.12	0.12	0.12	0.12	0.12	0.095	0.12	0.045	0.12	0.12	0	0.12	0.12	0.045	0.12	0.12	0.12	0.045	0.085	0.11	0	0.12	0.085	0.095	0.025	0.12	0.12	0.12	0.12	0.12	0.045	0	0.04	0.12	0.12	0.095	0.12	0.12	0.06	0	0	0.095	0.055	0.085	0.12	0.12	0.065	0	0.095	0.045	0	0.12	0	0.025	0.01	0.025	0	0.12	0	0.09	0.12	0.06	0.07	0.09	0	0.12	0.065	0.12	0.12	0.12	0.045		0	0.12	0.12	0.12	0.085	0.12	0
Strongylocentrotus_purpuratus	0	0	0	0	0	0	0	0	0	0	0	0	0	0	0	0	0	0	0	0	0	0	0	0	0	0	0	0	0	0	0	0	0	0	0	0	0	0	0	0	0	0	0	0	0	0	0	0	0	0	0	0	0	0	0	0	0	0	0	0	0	0	0	0	0	0	0	0	0	0	0	0	0	0	0	0	0	0	0	0	0	0	0	0	0	0	0	0	0	0		0	0	0	0	0	0
Sycon_ciliatum	1	0.175	0.205	0	0.08	1	0.03	0.02	1	0.11	0.555	1	0.71	0.77	0.59	1	1	0.43	1	1	0.505	0.82	1	0.63	0.165	0.12	1	0.76	0	1	1	0.15	0.535	1	0.755	0.055	0.235	0.715	0.01	0.79	0.14	0.12	0.08	1	1	0.51	1	1	0.545	0.045	0.12	1	1	0.125	1	1	0.115	0.075	0	0.655	0.15	0.21	0.645	1	0.645	0	0.705	0.695	0.5	1	0.165	0.31	0.06	0.025	0	1	0.045	0.27	0.5	0.12	0.07	0.695	0.035	1	0.14	0.5	1	0.75	0.05	0.12	0		1	1	0.28	1	0.085
Sycon_coactum	1	0.175	0.205	0	0.08	1	0.03	0.02	1	0.11	0.555	1	0.71	0.77	0.59	1	1	0.43	1	1	0.505	0.82	1	0.63	0.165	0.12	1	0.76	0	1	1	0.15	0.535	1	0.755	0.055	0.235	0.715	0.01	0.79	0.14	0.12	0.08	1	1	0.51	1	1	0.545	0.045	0.12	1	1	0.125	1	1	0.115	0.075	0	0.655	0.15	0.21	0.645	1	0.645	0	0.705	0.695	0.5	1	0.165	0.31	0.06	0.025	0	1	0.045	0.27	0.5	0.12	0.07	0.695	0.035	1	0.14	0.5	1	0.75	0.05	0.12	0	1		1	0.28	1	0.085
Sympagella_nux	1	0.175	0.205	0	0.08	1	0.03	0.02	1	0.11	0.555	1	0.71	0.77	0.59	1	1	0.43	1	1	0.505	0.82	1	0.63	0.165	0.12	1	0.76	0	1	1	0.15	0.535	1	0.755	0.055	0.235	0.715	0.01	0.79	0.14	0.12	0.08	1	1	0.51	1	1	0.545	0.045	0.12	1	1	0.125	1	1	0.115	0.075	0	0.655	0.15	0.21	0.645	1	0.645	0	0.705	0.695	0.5	1	0.165	0.31	0.06	0.025	0	1	0.045	0.27	0.5	0.12	0.07	0.695	0.035	1	0.14	0.5	1	0.75	0.05	0.12	0	1	1		0.28	1	0.085
Tribolium_castaneum	0.28	0.11	0.09	0	0.04	0.28	0.03	0.02	0.28	0.075	0.215	0.28	0.255	0.28	0.235	0.28	0.28	0.23	0.28	0.28	0.115	0.28	0.28	0.255	0.085	0.12	0.28	0.215	0	0.28	0.28	0.035	0.145	0.28	0.21	0.05	0.075	0.255	0.01	0.28	0.075	0.085	0.03	0.28	0.28	0.16	0.28	0.28	0.215	0.025	0.075	0.28	0.28	0.085	0.28	0.28	0.11	0	0	0.255	0.09	0.085	0.11	0.28	0.26	0	0.255	0.205	0.17	0.28	0.105	0.12	0.025	0.025	0	0.28	0	0.15	0.11	0.12	0.07	0.25	0.035	0.28	0.065	0.11	0.28	0.255	0.045	0.085	0	0.28	0.28	0.28		0.28	0.025
Trichoplax_adhaerens	1	0.175	0.205	0	0.08	1	0.03	0.02	1	0.11	0.555	1	0.71	0.77	0.59	1	1	0.43	1	1	0.505	0.82	1	0.63	0.165	0.12	1	0.76	0	1	1	0.15	0.535	1	0.755	0.055	0.235	0.715	0.01	0.79	0.14	0.12	0.08	1	1	0.51	1	1	0.545	0.045	0.12	1	1	0.125	1	1	0.115	0.075	0	0.655	0.15	0.21	0.645	1	0.645	0	0.705	0.695	0.5	1	0.165	0.31	0.06	0.025	0	1	0.045	0.27	0.5	0.12	0.07	0.695	0.035	1	0.14	0.5	1	0.75	0.05	0.12	0	1	1	1	0.28		0.085
Vallicula_multiformis	0.085	0	0	0	0	0.085	0	0	0.085	0	0	0.085	0.02	0.025	0	0.085	0.085	0.005	0.085	0.085	0.085	0.045	0.085	0	0.01	0.025	0.085	0.085	0	0.085	0.085	0	0.085	0.085	0.085	0	0.02	0	0	0.025	0.01	0	0.025	0.085	0.085	0.025	0.085	0.085	0	0.025	0	0.085	0.085	0	0.085	0.085	0.025	0	0	0	0	0.02	0.085	0.085	0.025	0	0	0	0	0.085	0.03	0	0.045	0	0	0.085	0	0	0.085	0	0	0	0	0.085	0.02	0.085	0.085	0	0	0	0	0.085	0.085	0.085	0.025	0.085	
