	Abeoforma_whisleri	Acanthoeca_sp_10tr	Acanthoeca_spectabilis_VA_02	Aiptasia_pallida	Alatina_alata	Amoebidium_parasiticum_JAP72	Amphimedon_queenslandica	Antipathes_caribbeana	Aphrocallistes_vastus	Aplysia_californica	Atolla_vanhoeffeni	Aurelia_aurita	Beroe_abyssicola	Beroe_sp	Bolinopsis_infundibulum	Bolocera_tuedia	Branchiostoma_floridae	Capitella_teleta	Capsaspora_owczarzaki_atcc30864	Cestum_veneris	Choanoeca_perplexa_11	Chondrilla_nucula	Clathrina_coriacea	Clytia_hemisphaerica	Codosiga_hollandica_17	Coeloplana_species	Corticium_candelabrum	Craspedacusta_sowerbyi	Crassostrea_gigas	Creolimax_fragrantissima	Daphnia_pulex	Diaphanoeca_grandis_RI_01	Didymoeca_costata_10	Dryodora_glandiformis	Edwardsiella_lineata	Ephydatia_muelleri	Euplectella_aspergillum	Euplokamis_dunlapae	Gorgonia_ventalina	Grantia_compressa	Helobdella_robusta	Homo_sapiens	Hormiphora_californensis	Hyalonema_populiferum	Hydra_magnipapillata	Hydractinia_polyclina	Ircinia_fasciculata	Ixodes_scapularis	Kirkpatrickia_variolosa	Lampea_pancerina	Latrunculia_apicalis	Leuconia_nivea	Leucosolenia_complicata	Liriope_tetraphylla	Lucernariopsis_campanulata	Ministeria_vibrans	Mnemiopsis_leidyi	Monosiga_brevicollis_mx1	Montastraea_faveolata	Mycale_phyllophila	Mylnosiga_fluctuans_19	Nanomia_bijuga	Nematostella_vectensis	Oscarella_carmela	Oscarella_species	Pelagia_noctiluca	Pennatula_rubra	Periphylla_periphylla	Petrosia_ficiformis	Pirum_gemmata	Plakina_jani	Pleraplysilla_spinifera	Pleurobrachia_species	Plumapathes_pennacea	Porites_australiensis	Rossella_fibulata	Saccoglossus_kowalevskii	Salpingoeca_dolichothecata_16	Salpingoeca_helianthica_18	Salpingoeca_infusionum_12	Salpingoeca_macrocollata_06	Salpingoeca_punica_03	Salpingoeca_qvevrii_09	Salpingoeca_roanoka_13	Salpingoeca_rosetta	Salpingoeca_urceolata_04	Sphaeroforma_arctica_JP610	Spongilla_lacustris	Stephanoeca_diplocostata_AUFR	Stomolophus_meleagris	Strongylocentrotus_purpuratus	Sycon_ciliatum	Sycon_coactum	Sympagella_nux	Tribolium_castaneum	Trichoplax_adhaerens	Vallicula_multiformis
Abeoforma_whisleri		0	0	0	0	0	0	0	0	0	0	0	0	0	0	0	0	0	0	0	0	0	0	0	0	0	0	0	0	0	0	0	0	0	0	0	0	0	0	0	0	0	0	0	0	0	0	0	0	0	0	0	0	0	0	0	0	0	0	0	0	0	0	0	0	0	0	0	0	0	0	0	0	0	0	0	0	0	0	0	0	0	0	0	0	0	0	0	0	0	0	0	0	0	0	0	0
Acanthoeca_sp_10tr	0		0.936	0.912	0.984	1	0.872	0.952	0	1	0.952	0.928	0	0	0	0.912	1	0.976	0.904	1	0.976	0.752	0	0.984	1	0.984	0	0.984	1	0.84	0.952	0.776	0.792	0.896	0	0.952	0.824	1	0	0	0.96	1	1	0.448	0.992	1	0	1	0.856	0.976	0.96	0	0	0.984	0.888	0	1	0	0.928	0.84	0.864	0.992	0	0	0	0.992	0	0	0.792	0	0	0.976	1	0.432	0.912	0.896	1	1	0.568	0.712	0.976	0	0.896	0.832	0.808	0.968	0	0.44	0.832	0.984	1	0	0	0.768	1	0.952	0.96
Acanthoeca_spectabilis_VA_02	0	0.936		0.856	0.928	0.936	0.848	0.896	0	0.936	0.904	0.872	0	0	0	0.856	0.936	0.92	0.904	0.936	0.92	0.688	0	0.936	0.936	0.928	0	0.936	0.936	0.784	0.888	0.776	0.776	0.832	0	0.912	0.768	0.936	0	0	0.896	0.936	0.936	0.44	0.936	0.936	0	0.936	0.816	0.912	0.92	0	0	0.936	0.888	0	0.936	0	0.864	0.84	0.864	0.936	0	0	0	0.936	0	0	0.752	0	0	0.912	0.936	0.432	0.856	0.888	0.936	0.936	0.568	0.656	0.928	0	0.864	0.768	0.744	0.936	0	0.4	0.832	0.936	0.936	0	0	0.712	0.936	0.936	0.896
Aiptasia_pallida	0	0.912	0.856		0.896	0.912	0.784	0.872	0	0.912	0.872	0.84	0	0	0	0.912	0.912	0.896	0.824	0.912	0.888	0.664	0	0.904	0.912	0.904	0	0.904	0.912	0.76	0.864	0.696	0.712	0.808	0	0.872	0.744	0.912	0	0	0.872	0.912	0.912	0.4	0.904	0.912	0	0.912	0.776	0.888	0.88	0	0	0.904	0.808	0	0.912	0	0.888	0.76	0.808	0.912	0	0	0	0.904	0	0	0.712	0	0	0.888	0.912	0.432	0.912	0.808	0.912	0.912	0.512	0.624	0.896	0	0.816	0.744	0.72	0.888	0	0.36	0.752	0.904	0.912	0	0	0.688	0.912	0.864	0.872
Alatina_alata	0	0.984	0.928	0.896		0.984	0.864	0.936	0	0.984	0.944	0.92	0	0	0	0.896	0.984	0.96	0.896	0.984	0.968	0.736	0	0.976	0.984	0.968	0	0.976	0.984	0.824	0.936	0.768	0.784	0.88	0	0.944	0.808	0.984	0	0	0.944	0.984	0.984	0.44	0.984	0.984	0	0.984	0.848	0.96	0.952	0	0	0.976	0.88	0	0.984	0	0.912	0.832	0.856	0.976	0	0	0	0.984	0	0	0.784	0	0	0.96	0.984	0.432	0.896	0.888	0.984	0.984	0.568	0.704	0.968	0	0.888	0.816	0.792	0.96	0	0.432	0.824	0.976	0.984	0	0	0.752	0.984	0.944	0.944
Amoebidium_parasiticum_JAP72	0	1	0.936	0.912	0.984		0.872	0.952	0	1	0.952	0.928	0	0	0	0.912	1	0.976	0.904	1	0.976	0.752	0	0.984	1	0.984	0	0.984	1	0.84	0.952	0.776	0.792	0.896	0	0.952	0.824	1	0	0	0.96	1	1	0.448	0.992	1	0	1	0.856	0.976	0.96	0	0	0.984	0.888	0	1	0	0.928	0.84	0.864	0.992	0	0	0	0.992	0	0	0.792	0	0	0.976	1	0.432	0.912	0.896	1	1	0.568	0.712	0.976	0	0.896	0.832	0.808	0.968	0	0.44	0.832	0.984	1	0	0	0.768	1	0.952	0.96
Amphimedon_queenslandica	0	0.872	0.848	0.784	0.864	0.872		0.84	0	0.872	0.848	0.824	0	0	0	0.784	0.872	0.848	0.816	0.872	0.872	0.672	0	0.864	0.872	0.856	0	0.864	0.872	0.712	0.84	0.688	0.704	0.768	0	0.848	0.712	0.872	0	0	0.848	0.872	0.872	0.448	0.872	0.872	0	0.872	0.76	0.848	0.856	0	0	0.864	0.816	0	0.872	0	0.8	0.816	0.776	0.864	0	0	0	0.872	0	0	0.712	0	0	0.872	0.872	0.344	0.784	0.808	0.872	0.872	0.48	0.608	0.856	0	0.808	0.72	0.696	0.864	0	0.416	0.744	0.864	0.872	0	0	0.656	0.872	0.864	0.832
Antipathes_caribbeana	0	0.952	0.896	0.872	0.936	0.952	0.84		0	0.952	0.944	0.92	0	0	0	0.872	0.952	0.936	0.864	0.952	0.944	0.744	0	0.944	0.952	0.944	0	0.944	0.952	0.8	0.944	0.736	0.752	0.848	0	0.92	0.8	0.952	0	0	0.952	0.952	0.952	0.448	0.944	0.952	0	0.952	0.856	0.928	0.928	0	0	0.944	0.888	0	0.952	0	0.88	0.816	0.824	0.952	0	0	0	0.944	0	0	0.752	0	0	0.928	0.952	0.392	0.872	0.848	0.952	0.952	0.528	0.704	0.936	0	0.896	0.824	0.8	0.928	0	0.44	0.792	0.944	0.952	0	0	0.768	0.952	0.904	0.912
Aphrocallistes_vastus	0	0	0	0	0	0	0	0		0	0	0	0	0	0	0	0	0	0	0	0	0	0	0	0	0	0	0	0	0	0	0	0	0	0	0	0	0	0	0	0	0	0	0	0	0	0	0	0	0	0	0	0	0	0	0	0	0	0	0	0	0	0	0	0	0	0	0	0	0	0	0	0	0	0	0	0	0	0	0	0	0	0	0	0	0	0	0	0	0	0	0	0	0	0	0	0
Aplysia_californica	0	1	0.936	0.912	0.984	1	0.872	0.952	0		0.952	0.928	0	0	0	0.912	1	0.976	0.904	1	0.976	0.752	0	0.984	1	0.984	0	0.984	1	0.84	0.952	0.776	0.792	0.896	0	0.952	0.824	1	0	0	0.96	1	1	0.448	0.992	1	0	1	0.856	0.976	0.96	0	0	0.984	0.888	0	1	0	0.928	0.84	0.864	0.992	0	0	0	0.992	0	0	0.792	0	0	0.976	1	0.432	0.912	0.896	1	1	0.568	0.712	0.976	0	0.896	0.832	0.808	0.968	0	0.44	0.832	0.984	1	0	0	0.768	1	0.952	0.96
Atolla_vanhoeffeni	0	0.952	0.904	0.872	0.944	0.952	0.848	0.944	0	0.952		0.92	0	0	0	0.872	0.952	0.936	0.872	0.952	0.952	0.736	0	0.952	0.952	0.944	0	0.952	0.952	0.8	0.936	0.744	0.76	0.848	0	0.928	0.8	0.952	0	0	0.944	0.952	0.952	0.448	0.952	0.952	0	0.952	0.856	0.928	0.936	0	0	0.952	0.888	0	0.952	0	0.88	0.824	0.832	0.952	0	0	0	0.952	0	0	0.76	0	0	0.928	0.952	0.4	0.872	0.856	0.952	0.952	0.536	0.704	0.944	0	0.896	0.816	0.792	0.936	0	0.44	0.8	0.952	0.952	0	0	0.76	0.952	0.912	0.912
Aurelia_aurita	0	0.928	0.872	0.84	0.92	0.928	0.824	0.92	0	0.928	0.92		0	0	0	0.84	0.928	0.904	0.84	0.928	0.928	0.744	0	0.92	0.928	0.912	0	0.92	0.928	0.768	0.928	0.712	0.728	0.824	0	0.896	0.768	0.928	0	0	0.928	0.928	0.928	0.448	0.928	0.928	0	0.928	0.856	0.904	0.904	0	0	0.92	0.872	0	0.928	0	0.856	0.792	0.8	0.92	0	0	0	0.928	0	0	0.728	0	0	0.904	0.928	0.368	0.84	0.832	0.928	0.928	0.528	0.712	0.912	0	0.896	0.824	0.8	0.904	0	0.44	0.768	0.92	0.928	0	0	0.76	0.928	0.888	0.888
Beroe_abyssicola	0	0	0	0	0	0	0	0	0	0	0	0		0	0	0	0	0	0	0	0	0	0	0	0	0	0	0	0	0	0	0	0	0	0	0	0	0	0	0	0	0	0	0	0	0	0	0	0	0	0	0	0	0	0	0	0	0	0	0	0	0	0	0	0	0	0	0	0	0	0	0	0	0	0	0	0	0	0	0	0	0	0	0	0	0	0	0	0	0	0	0	0	0	0	0	0
Beroe_sp	0	0	0	0	0	0	0	0	0	0	0	0	0		0	0	0	0	0	0	0	0	0	0	0	0	0	0	0	0	0	0	0	0	0	0	0	0	0	0	0	0	0	0	0	0	0	0	0	0	0	0	0	0	0	0	0	0	0	0	0	0	0	0	0	0	0	0	0	0	0	0	0	0	0	0	0	0	0	0	0	0	0	0	0	0	0	0	0	0	0	0	0	0	0	0	0
Bolinopsis_infundibulum	0	0	0	0	0	0	0	0	0	0	0	0	0	0		0	0	0	0	0	0	0	0	0	0	0	0	0	0	0	0	0	0	0	0	0	0	0	0	0	0	0	0	0	0	0	0	0	0	0	0	0	0	0	0	0	0	0	0	0	0	0	0	0	0	0	0	0	0	0	0	0	0	0	0	0	0	0	0	0	0	0	0	0	0	0	0	0	0	0	0	0	0	0	0	0	0
Bolocera_tuedia	0	0.912	0.856	0.912	0.896	0.912	0.784	0.872	0	0.912	0.872	0.84	0	0	0		0.912	0.896	0.824	0.912	0.888	0.664	0	0.904	0.912	0.904	0	0.904	0.912	0.76	0.864	0.696	0.712	0.808	0	0.872	0.744	0.912	0	0	0.872	0.912	0.912	0.4	0.904	0.912	0	0.912	0.776	0.888	0.88	0	0	0.904	0.808	0	0.912	0	0.888	0.76	0.808	0.912	0	0	0	0.904	0	0	0.712	0	0	0.888	0.912	0.432	0.912	0.808	0.912	0.912	0.512	0.624	0.896	0	0.816	0.744	0.72	0.888	0	0.36	0.752	0.904	0.912	0	0	0.688	0.912	0.864	0.872
Branchiostoma_floridae	0	1	0.936	0.912	0.984	1	0.872	0.952	0	1	0.952	0.928	0	0	0	0.912		0.976	0.904	1	0.976	0.752	0	0.984	1	0.984	0	0.984	1	0.84	0.952	0.776	0.792	0.896	0	0.952	0.824	1	0	0	0.96	1	1	0.448	0.992	1	0	1	0.856	0.976	0.96	0	0	0.984	0.888	0	1	0	0.928	0.84	0.864	0.992	0	0	0	0.992	0	0	0.792	0	0	0.976	1	0.432	0.912	0.896	1	1	0.568	0.712	0.976	0	0.896	0.832	0.808	0.968	0	0.44	0.832	0.984	1	0	0	0.768	1	0.952	0.96
Capitella_teleta	0	0.976	0.92	0.896	0.96	0.976	0.848	0.936	0	0.976	0.936	0.904	0	0	0	0.896	0.976		0.888	0.976	0.952	0.728	0	0.968	0.976	0.968	0	0.968	0.976	0.824	0.928	0.76	0.776	0.872	0	0.936	0.808	0.976	0	0	0.936	0.976	0.976	0.448	0.968	0.976	0	0.976	0.84	0.952	0.944	0	0	0.968	0.872	0	0.976	0	0.92	0.824	0.848	0.976	0	0	0	0.968	0	0	0.776	0	0	0.952	0.976	0.432	0.896	0.872	0.976	0.976	0.552	0.688	0.96	0	0.88	0.808	0.784	0.952	0	0.424	0.816	0.968	0.976	0	0	0.752	0.976	0.928	0.936
Capsaspora_owczarzaki_atcc30864	0	0.904	0.904	0.824	0.896	0.904	0.816	0.864	0	0.904	0.872	0.84	0	0	0	0.824	0.904	0.888		0.904	0.888	0.656	0	0.904	0.904	0.904	0	0.904	0.904	0.784	0.856	0.76	0.776	0.816	0	0.896	0.768	0.904	0	0	0.864	0.904	0.904	0.416	0.904	0.904	0	0.904	0.8	0.896	0.896	0	0	0.904	0.856	0	0.904	0	0.832	0.824	0.848	0.904	0	0	0	0.904	0	0	0.752	0	0	0.88	0.904	0.432	0.824	0.856	0.904	0.904	0.568	0.64	0.904	0	0.832	0.736	0.728	0.904	0	0.4	0.816	0.904	0.904	0	0	0.712	0.904	0.904	0.88
Cestum_veneris	0	1	0.936	0.912	0.984	1	0.872	0.952	0	1	0.952	0.928	0	0	0	0.912	1	0.976	0.904		0.976	0.752	0	0.984	1	0.984	0	0.984	1	0.84	0.952	0.776	0.792	0.896	0	0.952	0.824	1	0	0	0.96	1	1	0.448	0.992	1	0	1	0.856	0.976	0.96	0	0	0.984	0.888	0	1	0	0.928	0.84	0.864	0.992	0	0	0	0.992	0	0	0.792	0	0	0.976	1	0.432	0.912	0.896	1	1	0.568	0.712	0.976	0	0.896	0.832	0.808	0.968	0	0.44	0.832	0.984	1	0	0	0.768	1	0.952	0.96
Choanoeca_perplexa_11	0	0.976	0.92	0.888	0.968	0.976	0.872	0.944	0	0.976	0.952	0.928	0	0	0	0.888	0.976	0.952	0.888	0.976		0.744	0	0.968	0.976	0.96	0	0.968	0.976	0.816	0.944	0.76	0.776	0.872	0	0.944	0.816	0.976	0	0	0.952	0.976	0.976	0.448	0.976	0.976	0	0.976	0.856	0.952	0.952	0	0	0.968	0.888	0	0.976	0	0.904	0.84	0.848	0.968	0	0	0	0.976	0	0	0.776	0	0	0.952	0.976	0.416	0.888	0.88	0.976	0.976	0.552	0.712	0.96	0	0.896	0.824	0.8	0.952	0	0.44	0.816	0.968	0.976	0	0	0.76	0.976	0.936	0.936
Chondrilla_nucula	0	0.752	0.688	0.664	0.736	0.752	0.672	0.744	0	0.752	0.736	0.744	0	0	0	0.664	0.752	0.728	0.656	0.752	0.744		0	0.736	0.752	0.736	0	0.736	0.752	0.592	0.752	0.528	0.552	0.648	0	0.712	0.592	0.752	0	0	0.752	0.752	0.752	0.448	0.744	0.752	0	0.752	0.704	0.728	0.72	0	0	0.736	0.688	0	0.752	0	0.68	0.64	0.616	0.744	0	0	0	0.744	0	0	0.576	0	0	0.752	0.752	0.184	0.664	0.648	0.752	0.752	0.44	0.632	0.728	0	0.72	0.752	0.736	0.72	0	0.44	0.584	0.736	0.752	0	0	0.592	0.752	0.704	0.712
Clathrina_coriacea	0	0	0	0	0	0	0	0	0	0	0	0	0	0	0	0	0	0	0	0	0	0		0	0	0	0	0	0	0	0	0	0	0	0	0	0	0	0	0	0	0	0	0	0	0	0	0	0	0	0	0	0	0	0	0	0	0	0	0	0	0	0	0	0	0	0	0	0	0	0	0	0	0	0	0	0	0	0	0	0	0	0	0	0	0	0	0	0	0	0	0	0	0	0	0	0
Clytia_hemisphaerica	0	0.984	0.936	0.904	0.976	0.984	0.864	0.944	0	0.984	0.952	0.92	0	0	0	0.904	0.984	0.968	0.904	0.984	0.968	0.736	0		0.984	0.976	0	0.984	0.984	0.832	0.936	0.776	0.792	0.88	0	0.952	0.816	0.984	0	0	0.944	0.984	0.984	0.448	0.984	0.984	0	0.984	0.856	0.96	0.96	0	0	0.984	0.888	0	0.984	0	0.912	0.84	0.864	0.984	0	0	0	0.984	0	0	0.792	0	0	0.96	0.984	0.432	0.904	0.888	0.984	0.984	0.568	0.704	0.976	0	0.896	0.816	0.792	0.968	0	0.44	0.832	0.984	0.984	0	0	0.76	0.984	0.944	0.944
Codosiga_hollandica_17	0	1	0.936	0.912	0.984	1	0.872	0.952	0	1	0.952	0.928	0	0	0	0.912	1	0.976	0.904	1	0.976	0.752	0	0.984		0.984	0	0.984	1	0.84	0.952	0.776	0.792	0.896	0	0.952	0.824	1	0	0	0.96	1	1	0.448	0.992	1	0	1	0.856	0.976	0.96	0	0	0.984	0.888	0	1	0	0.928	0.84	0.864	0.992	0	0	0	0.992	0	0	0.792	0	0	0.976	1	0.432	0.912	0.896	1	1	0.568	0.712	0.976	0	0.896	0.832	0.808	0.968	0	0.44	0.832	0.984	1	0	0	0.768	1	0.952	0.96
Coeloplana_species	0	0.984	0.928	0.904	0.968	0.984	0.856	0.944	0	0.984	0.944	0.912	0	0	0	0.904	0.984	0.968	0.904	0.984	0.96	0.736	0	0.976	0.984		0	0.976	0.984	0.84	0.936	0.776	0.792	0.88	0	0.952	0.824	0.984	0	0	0.944	0.984	0.984	0.448	0.976	0.984	0	0.984	0.856	0.96	0.96	0	0	0.976	0.88	0	0.984	0	0.912	0.84	0.864	0.984	0	0	0	0.976	0	0	0.792	0	0	0.96	0.984	0.432	0.904	0.88	0.984	0.984	0.568	0.696	0.976	0	0.888	0.816	0.792	0.96	0	0.44	0.832	0.976	0.984	0	0	0.768	0.984	0.936	0.944
Corticium_candelabrum	0	0	0	0	0	0	0	0	0	0	0	0	0	0	0	0	0	0	0	0	0	0	0	0	0	0		0	0	0	0	0	0	0	0	0	0	0	0	0	0	0	0	0	0	0	0	0	0	0	0	0	0	0	0	0	0	0	0	0	0	0	0	0	0	0	0	0	0	0	0	0	0	0	0	0	0	0	0	0	0	0	0	0	0	0	0	0	0	0	0	0	0	0	0	0	0
Craspedacusta_sowerbyi	0	0.984	0.936	0.904	0.976	0.984	0.864	0.944	0	0.984	0.952	0.92	0	0	0	0.904	0.984	0.968	0.904	0.984	0.968	0.736	0	0.984	0.984	0.976	0		0.984	0.832	0.936	0.776	0.792	0.88	0	0.952	0.816	0.984	0	0	0.944	0.984	0.984	0.448	0.984	0.984	0	0.984	0.856	0.96	0.96	0	0	0.984	0.888	0	0.984	0	0.912	0.84	0.864	0.984	0	0	0	0.984	0	0	0.792	0	0	0.96	0.984	0.432	0.904	0.888	0.984	0.984	0.568	0.704	0.976	0	0.896	0.816	0.792	0.968	0	0.44	0.832	0.984	0.984	0	0	0.76	0.984	0.944	0.944
Crassostrea_gigas	0	1	0.936	0.912	0.984	1	0.872	0.952	0	1	0.952	0.928	0	0	0	0.912	1	0.976	0.904	1	0.976	0.752	0	0.984	1	0.984	0	0.984		0.84	0.952	0.776	0.792	0.896	0	0.952	0.824	1	0	0	0.96	1	1	0.448	0.992	1	0	1	0.856	0.976	0.96	0	0	0.984	0.888	0	1	0	0.928	0.84	0.864	0.992	0	0	0	0.992	0	0	0.792	0	0	0.976	1	0.432	0.912	0.896	1	1	0.568	0.712	0.976	0	0.896	0.832	0.808	0.968	0	0.44	0.832	0.984	1	0	0	0.768	1	0.952	0.96
Creolimax_fragrantissima	0	0.84	0.784	0.76	0.824	0.84	0.712	0.8	0	0.84	0.8	0.768	0	0	0	0.76	0.84	0.824	0.784	0.84	0.816	0.592	0	0.832	0.84	0.84	0	0.832	0.84		0.792	0.648	0.792	0.84	0	0.816	0.824	0.84	0	0	0.8	0.84	0.84	0.304	0.832	0.84	0	0.84	0.728	0.84	0.816	0	0	0.832	0.736	0	0.84	0	0.768	0.704	0.736	0.84	0	0	0	0.832	0	0	0.792	0	0	0.816	0.84	0.432	0.76	0.736	0.84	0.84	0.568	0.568	0.832	0	0.744	0.672	0.664	0.816	0	0.44	0.704	0.832	0.84	0	0	0.768	0.84	0.792	0.84
Daphnia_pulex	0	0.952	0.888	0.864	0.936	0.952	0.84	0.944	0	0.952	0.936	0.928	0	0	0	0.864	0.952	0.928	0.856	0.952	0.944	0.752	0	0.936	0.952	0.936	0	0.936	0.952	0.792		0.728	0.744	0.848	0	0.912	0.792	0.952	0	0	0.952	0.952	0.952	0.448	0.944	0.952	0	0.952	0.856	0.928	0.92	0	0	0.936	0.888	0	0.952	0	0.88	0.808	0.816	0.944	0	0	0	0.944	0	0	0.744	0	0	0.928	0.952	0.384	0.864	0.848	0.952	0.952	0.528	0.712	0.928	0	0.896	0.832	0.808	0.92	0	0.44	0.784	0.936	0.952	0	0	0.768	0.952	0.904	0.912
Diaphanoeca_grandis_RI_01	0	0.776	0.776	0.696	0.768	0.776	0.688	0.736	0	0.776	0.744	0.712	0	0	0	0.696	0.776	0.76	0.76	0.776	0.76	0.528	0	0.776	0.776	0.776	0	0.776	0.776	0.648	0.728		0.64	0.672	0	0.768	0.632	0.776	0	0	0.736	0.776	0.776	0.288	0.776	0.776	0	0.776	0.68	0.752	0.768	0	0	0.776	0.728	0	0.776	0	0.704	0.712	0.744	0.776	0	0	0	0.776	0	0	0.616	0	0	0.752	0.776	0.432	0.696	0.776	0.776	0.776	0.48	0.568	0.776	0	0.704	0.608	0.584	0.776	0	0.264	0.776	0.776	0.776	0	0	0.576	0.776	0.776	0.736
Didymoeca_costata_10	0	0.792	0.776	0.712	0.784	0.792	0.704	0.752	0	0.792	0.76	0.728	0	0	0	0.712	0.792	0.776	0.776	0.792	0.776	0.552	0	0.792	0.792	0.792	0	0.792	0.792	0.792	0.744	0.64		0.792	0	0.784	0.776	0.792	0	0	0.752	0.792	0.792	0.304	0.792	0.792	0	0.792	0.696	0.792	0.784	0	0	0.792	0.728	0	0.792	0	0.72	0.696	0.728	0.792	0	0	0	0.792	0	0	0.76	0	0	0.768	0.792	0.424	0.712	0.728	0.792	0.792	0.568	0.536	0.792	0	0.72	0.632	0.624	0.792	0	0.416	0.696	0.792	0.792	0	0	0.72	0.792	0.784	0.792
Dryodora_glandiformis	0	0.896	0.832	0.808	0.88	0.896	0.768	0.848	0	0.896	0.848	0.824	0	0	0	0.808	0.896	0.872	0.816	0.896	0.872	0.648	0	0.88	0.896	0.88	0	0.88	0.896	0.84	0.848	0.672	0.792		0	0.848	0.824	0.896	0	0	0.856	0.896	0.896	0.344	0.888	0.896	0	0.896	0.752	0.896	0.856	0	0	0.88	0.784	0	0.896	0	0.824	0.736	0.76	0.888	0	0	0	0.888	0	0	0.792	0	0	0.872	0.896	0.432	0.808	0.792	0.896	0.896	0.568	0.624	0.872	0	0.792	0.728	0.72	0.864	0	0.44	0.728	0.88	0.896	0	0	0.768	0.896	0.848	0.896
Edwardsiella_lineata	0	0	0	0	0	0	0	0	0	0	0	0	0	0	0	0	0	0	0	0	0	0	0	0	0	0	0	0	0	0	0	0	0	0		0	0	0	0	0	0	0	0	0	0	0	0	0	0	0	0	0	0	0	0	0	0	0	0	0	0	0	0	0	0	0	0	0	0	0	0	0	0	0	0	0	0	0	0	0	0	0	0	0	0	0	0	0	0	0	0	0	0	0	0	0	0
Ephydatia_muelleri	0	0.952	0.912	0.872	0.944	0.952	0.848	0.92	0	0.952	0.928	0.896	0	0	0	0.872	0.952	0.936	0.896	0.952	0.944	0.712	0	0.952	0.952	0.952	0	0.952	0.952	0.816	0.912	0.768	0.784	0.848	0		0.808	0.952	0	0	0.92	0.952	0.952	0.44	0.952	0.952	0	0.952	0.856	0.928	0.952	0	0	0.952	0.872	0	0.952	0	0.88	0.84	0.856	0.952	0	0	0	0.952	0	0	0.784	0	0	0.928	0.952	0.424	0.872	0.864	0.952	0.952	0.56	0.68	0.952	0	0.88	0.792	0.768	0.944	0	0.44	0.824	0.952	0.952	0	0	0.752	0.952	0.92	0.912
Euplectella_aspergillum	0	0.824	0.768	0.744	0.808	0.824	0.712	0.8	0	0.824	0.8	0.768	0	0	0	0.744	0.824	0.808	0.768	0.824	0.816	0.592	0	0.816	0.824	0.824	0	0.816	0.824	0.824	0.792	0.632	0.776	0.824	0	0.808		0.824	0	0	0.8	0.824	0.824	0.304	0.816	0.824	0	0.824	0.728	0.824	0.808	0	0	0.816	0.736	0	0.824	0	0.752	0.704	0.72	0.824	0	0	0	0.816	0	0	0.776	0	0	0.8	0.824	0.416	0.744	0.72	0.824	0.824	0.552	0.568	0.816	0	0.744	0.672	0.664	0.8	0	0.44	0.688	0.816	0.824	0	0	0.768	0.824	0.776	0.824
Euplokamis_dunlapae	0	1	0.936	0.912	0.984	1	0.872	0.952	0	1	0.952	0.928	0	0	0	0.912	1	0.976	0.904	1	0.976	0.752	0	0.984	1	0.984	0	0.984	1	0.84	0.952	0.776	0.792	0.896	0	0.952	0.824		0	0	0.96	1	1	0.448	0.992	1	0	1	0.856	0.976	0.96	0	0	0.984	0.888	0	1	0	0.928	0.84	0.864	0.992	0	0	0	0.992	0	0	0.792	0	0	0.976	1	0.432	0.912	0.896	1	1	0.568	0.712	0.976	0	0.896	0.832	0.808	0.968	0	0.44	0.832	0.984	1	0	0	0.768	1	0.952	0.96
Gorgonia_ventalina	0	0	0	0	0	0	0	0	0	0	0	0	0	0	0	0	0	0	0	0	0	0	0	0	0	0	0	0	0	0	0	0	0	0	0	0	0	0		0	0	0	0	0	0	0	0	0	0	0	0	0	0	0	0	0	0	0	0	0	0	0	0	0	0	0	0	0	0	0	0	0	0	0	0	0	0	0	0	0	0	0	0	0	0	0	0	0	0	0	0	0	0	0	0	0	0
Grantia_compressa	0	0	0	0	0	0	0	0	0	0	0	0	0	0	0	0	0	0	0	0	0	0	0	0	0	0	0	0	0	0	0	0	0	0	0	0	0	0	0		0	0	0	0	0	0	0	0	0	0	0	0	0	0	0	0	0	0	0	0	0	0	0	0	0	0	0	0	0	0	0	0	0	0	0	0	0	0	0	0	0	0	0	0	0	0	0	0	0	0	0	0	0	0	0	0	0
Helobdella_robusta	0	0.96	0.896	0.872	0.944	0.96	0.848	0.952	0	0.96	0.944	0.928	0	0	0	0.872	0.96	0.936	0.864	0.96	0.952	0.752	0	0.944	0.96	0.944	0	0.944	0.96	0.8	0.952	0.736	0.752	0.856	0	0.92	0.8	0.96	0	0		0.96	0.96	0.448	0.952	0.96	0	0.96	0.856	0.936	0.928	0	0	0.944	0.888	0	0.96	0	0.888	0.816	0.824	0.952	0	0	0	0.952	0	0	0.752	0	0	0.936	0.96	0.392	0.872	0.856	0.96	0.96	0.528	0.712	0.936	0	0.896	0.832	0.808	0.928	0	0.44	0.792	0.944	0.96	0	0	0.768	0.96	0.912	0.92
Homo_sapiens	0	1	0.936	0.912	0.984	1	0.872	0.952	0	1	0.952	0.928	0	0	0	0.912	1	0.976	0.904	1	0.976	0.752	0	0.984	1	0.984	0	0.984	1	0.84	0.952	0.776	0.792	0.896	0	0.952	0.824	1	0	0	0.96		1	0.448	0.992	1	0	1	0.856	0.976	0.96	0	0	0.984	0.888	0	1	0	0.928	0.84	0.864	0.992	0	0	0	0.992	0	0	0.792	0	0	0.976	1	0.432	0.912	0.896	1	1	0.568	0.712	0.976	0	0.896	0.832	0.808	0.968	0	0.44	0.832	0.984	1	0	0	0.768	1	0.952	0.96
Hormiphora_californensis	0	1	0.936	0.912	0.984	1	0.872	0.952	0	1	0.952	0.928	0	0	0	0.912	1	0.976	0.904	1	0.976	0.752	0	0.984	1	0.984	0	0.984	1	0.84	0.952	0.776	0.792	0.896	0	0.952	0.824	1	0	0	0.96	1		0.448	0.992	1	0	1	0.856	0.976	0.96	0	0	0.984	0.888	0	1	0	0.928	0.84	0.864	0.992	0	0	0	0.992	0	0	0.792	0	0	0.976	1	0.432	0.912	0.896	1	1	0.568	0.712	0.976	0	0.896	0.832	0.808	0.968	0	0.44	0.832	0.984	1	0	0	0.768	1	0.952	0.96
Hyalonema_populiferum	0	0.448	0.44	0.4	0.44	0.448	0.448	0.448	0	0.448	0.448	0.448	0	0	0	0.4	0.448	0.448	0.416	0.448	0.448	0.448	0	0.448	0.448	0.448	0	0.448	0.448	0.304	0.448	0.288	0.304	0.344	0	0.44	0.304	0.448	0	0	0.448	0.448	0.448		0.448	0.448	0	0.448	0.432	0.424	0.448	0	0	0.448	0.44	0	0.448	0	0.432	0.416	0.376	0.448	0	0	0	0.448	0	0	0.304	0	0	0.448	0.448	0	0.4	0.392	0.448	0.448	0.2	0.336	0.448	0	0.448	0.448	0.432	0.448	0	0.304	0.344	0.448	0.448	0	0	0.304	0.448	0.448	0.408
Hydra_magnipapillata	0	0.992	0.936	0.904	0.984	0.992	0.872	0.944	0	0.992	0.952	0.928	0	0	0	0.904	0.992	0.968	0.904	0.992	0.976	0.744	0	0.984	0.992	0.976	0	0.984	0.992	0.832	0.944	0.776	0.792	0.888	0	0.952	0.816	0.992	0	0	0.952	0.992	0.992	0.448		0.992	0	0.992	0.856	0.968	0.96	0	0	0.984	0.888	0	0.992	0	0.92	0.84	0.864	0.984	0	0	0	0.992	0	0	0.792	0	0	0.968	0.992	0.432	0.904	0.896	0.992	0.992	0.568	0.712	0.976	0	0.896	0.824	0.8	0.968	0	0.44	0.832	0.984	0.992	0	0	0.76	0.992	0.952	0.952
Hydractinia_polyclina	0	1	0.936	0.912	0.984	1	0.872	0.952	0	1	0.952	0.928	0	0	0	0.912	1	0.976	0.904	1	0.976	0.752	0	0.984	1	0.984	0	0.984	1	0.84	0.952	0.776	0.792	0.896	0	0.952	0.824	1	0	0	0.96	1	1	0.448	0.992		0	1	0.856	0.976	0.96	0	0	0.984	0.888	0	1	0	0.928	0.84	0.864	0.992	0	0	0	0.992	0	0	0.792	0	0	0.976	1	0.432	0.912	0.896	1	1	0.568	0.712	0.976	0	0.896	0.832	0.808	0.968	0	0.44	0.832	0.984	1	0	0	0.768	1	0.952	0.96
Ircinia_fasciculata	0	0	0	0	0	0	0	0	0	0	0	0	0	0	0	0	0	0	0	0	0	0	0	0	0	0	0	0	0	0	0	0	0	0	0	0	0	0	0	0	0	0	0	0	0	0		0	0	0	0	0	0	0	0	0	0	0	0	0	0	0	0	0	0	0	0	0	0	0	0	0	0	0	0	0	0	0	0	0	0	0	0	0	0	0	0	0	0	0	0	0	0	0	0	0	0
Ixodes_scapularis	0	1	0.936	0.912	0.984	1	0.872	0.952	0	1	0.952	0.928	0	0	0	0.912	1	0.976	0.904	1	0.976	0.752	0	0.984	1	0.984	0	0.984	1	0.84	0.952	0.776	0.792	0.896	0	0.952	0.824	1	0	0	0.96	1	1	0.448	0.992	1	0		0.856	0.976	0.96	0	0	0.984	0.888	0	1	0	0.928	0.84	0.864	0.992	0	0	0	0.992	0	0	0.792	0	0	0.976	1	0.432	0.912	0.896	1	1	0.568	0.712	0.976	0	0.896	0.832	0.808	0.968	0	0.44	0.832	0.984	1	0	0	0.768	1	0.952	0.96
Kirkpatrickia_variolosa	0	0.856	0.816	0.776	0.848	0.856	0.76	0.856	0	0.856	0.856	0.856	0	0	0	0.776	0.856	0.84	0.8	0.856	0.856	0.704	0	0.856	0.856	0.856	0	0.856	0.856	0.728	0.856	0.68	0.696	0.752	0	0.856	0.728	0.856	0	0	0.856	0.856	0.856	0.432	0.856	0.856	0	0.856		0.832	0.856	0	0	0.856	0.816	0	0.856	0	0.784	0.752	0.768	0.856	0	0	0	0.856	0	0	0.696	0	0	0.832	0.856	0.336	0.776	0.768	0.856	0.856	0.528	0.672	0.856	0	0.848	0.784	0.76	0.848	0	0.44	0.736	0.856	0.856	0	0	0.728	0.856	0.824	0.816
Lampea_pancerina	0	0.976	0.912	0.888	0.96	0.976	0.848	0.928	0	0.976	0.928	0.904	0	0	0	0.888	0.976	0.952	0.896	0.976	0.952	0.728	0	0.96	0.976	0.96	0	0.96	0.976	0.84	0.928	0.752	0.792	0.896	0	0.928	0.824	0.976	0	0	0.936	0.976	0.976	0.424	0.968	0.976	0	0.976	0.832		0.936	0	0	0.96	0.864	0	0.976	0	0.904	0.816	0.84	0.968	0	0	0	0.968	0	0	0.792	0	0	0.952	0.976	0.432	0.888	0.872	0.976	0.976	0.568	0.704	0.952	0	0.872	0.808	0.8	0.944	0	0.44	0.808	0.96	0.976	0	0	0.768	0.976	0.928	0.96
Latrunculia_apicalis	0	0.96	0.92	0.88	0.952	0.96	0.856	0.928	0	0.96	0.936	0.904	0	0	0	0.88	0.96	0.944	0.896	0.96	0.952	0.72	0	0.96	0.96	0.96	0	0.96	0.96	0.816	0.92	0.768	0.784	0.856	0	0.952	0.808	0.96	0	0	0.928	0.96	0.96	0.448	0.96	0.96	0	0.96	0.856	0.936		0	0	0.96	0.88	0	0.96	0	0.888	0.84	0.856	0.96	0	0	0	0.96	0	0	0.784	0	0	0.936	0.96	0.424	0.88	0.872	0.96	0.96	0.56	0.688	0.96	0	0.888	0.8	0.776	0.952	0	0.44	0.824	0.96	0.96	0	0	0.752	0.96	0.928	0.92
Leuconia_nivea	0	0	0	0	0	0	0	0	0	0	0	0	0	0	0	0	0	0	0	0	0	0	0	0	0	0	0	0	0	0	0	0	0	0	0	0	0	0	0	0	0	0	0	0	0	0	0	0	0	0	0		0	0	0	0	0	0	0	0	0	0	0	0	0	0	0	0	0	0	0	0	0	0	0	0	0	0	0	0	0	0	0	0	0	0	0	0	0	0	0	0	0	0	0	0	0
Leucosolenia_complicata	0	0	0	0	0	0	0	0	0	0	0	0	0	0	0	0	0	0	0	0	0	0	0	0	0	0	0	0	0	0	0	0	0	0	0	0	0	0	0	0	0	0	0	0	0	0	0	0	0	0	0	0		0	0	0	0	0	0	0	0	0	0	0	0	0	0	0	0	0	0	0	0	0	0	0	0	0	0	0	0	0	0	0	0	0	0	0	0	0	0	0	0	0	0	0	0
Liriope_tetraphylla	0	0.984	0.936	0.904	0.976	0.984	0.864	0.944	0	0.984	0.952	0.92	0	0	0	0.904	0.984	0.968	0.904	0.984	0.968	0.736	0	0.984	0.984	0.976	0	0.984	0.984	0.832	0.936	0.776	0.792	0.88	0	0.952	0.816	0.984	0	0	0.944	0.984	0.984	0.448	0.984	0.984	0	0.984	0.856	0.96	0.96	0	0		0.888	0	0.984	0	0.912	0.84	0.864	0.984	0	0	0	0.984	0	0	0.792	0	0	0.96	0.984	0.432	0.904	0.888	0.984	0.984	0.568	0.704	0.976	0	0.896	0.816	0.792	0.968	0	0.44	0.832	0.984	0.984	0	0	0.76	0.984	0.944	0.944
Lucernariopsis_campanulata	0	0.888	0.888	0.808	0.88	0.888	0.816	0.888	0	0.888	0.888	0.872	0	0	0	0.808	0.888	0.872	0.856	0.888	0.888	0.688	0	0.888	0.888	0.88	0	0.888	0.888	0.736	0.888	0.728	0.728	0.784	0	0.872	0.736	0.888	0	0	0.888	0.888	0.888	0.44	0.888	0.888	0	0.888	0.816	0.864	0.88	0	0	0.888		0	0.888	0	0.816	0.808	0.816	0.888	0	0	0	0.888	0	0	0.704	0	0	0.864	0.888	0.384	0.808	0.84	0.888	0.888	0.528	0.656	0.88	0	0.864	0.768	0.744	0.888	0	0.4	0.784	0.888	0.888	0	0	0.712	0.888	0.888	0.848
Ministeria_vibrans	0	0	0	0	0	0	0	0	0	0	0	0	0	0	0	0	0	0	0	0	0	0	0	0	0	0	0	0	0	0	0	0	0	0	0	0	0	0	0	0	0	0	0	0	0	0	0	0	0	0	0	0	0	0	0		0	0	0	0	0	0	0	0	0	0	0	0	0	0	0	0	0	0	0	0	0	0	0	0	0	0	0	0	0	0	0	0	0	0	0	0	0	0	0	0	0
Mnemiopsis_leidyi	0	1	0.936	0.912	0.984	1	0.872	0.952	0	1	0.952	0.928	0	0	0	0.912	1	0.976	0.904	1	0.976	0.752	0	0.984	1	0.984	0	0.984	1	0.84	0.952	0.776	0.792	0.896	0	0.952	0.824	1	0	0	0.96	1	1	0.448	0.992	1	0	1	0.856	0.976	0.96	0	0	0.984	0.888	0		0	0.928	0.84	0.864	0.992	0	0	0	0.992	0	0	0.792	0	0	0.976	1	0.432	0.912	0.896	1	1	0.568	0.712	0.976	0	0.896	0.832	0.808	0.968	0	0.44	0.832	0.984	1	0	0	0.768	1	0.952	0.96
Monosiga_brevicollis_mx1	0	0	0	0	0	0	0	0	0	0	0	0	0	0	0	0	0	0	0	0	0	0	0	0	0	0	0	0	0	0	0	0	0	0	0	0	0	0	0	0	0	0	0	0	0	0	0	0	0	0	0	0	0	0	0	0	0		0	0	0	0	0	0	0	0	0	0	0	0	0	0	0	0	0	0	0	0	0	0	0	0	0	0	0	0	0	0	0	0	0	0	0	0	0	0	0
Montastraea_faveolata	0	0.928	0.864	0.888	0.912	0.928	0.8	0.88	0	0.928	0.88	0.856	0	0	0	0.888	0.928	0.92	0.832	0.928	0.904	0.68	0	0.912	0.928	0.912	0	0.912	0.928	0.768	0.88	0.704	0.72	0.824	0	0.88	0.752	0.928	0	0	0.888	0.928	0.928	0.432	0.92	0.928	0	0.928	0.784	0.904	0.888	0	0	0.912	0.816	0	0.928	0		0.768	0.792	0.92	0	0	0	0.92	0	0	0.72	0	0	0.904	0.928	0.432	0.888	0.824	0.928	0.928	0.496	0.64	0.904	0	0.824	0.76	0.736	0.896	0	0.368	0.76	0.912	0.928	0	0	0.696	0.928	0.88	0.888
Mycale_phyllophila	0	0.84	0.84	0.76	0.832	0.84	0.816	0.816	0	0.84	0.824	0.792	0	0	0	0.76	0.84	0.824	0.824	0.84	0.84	0.64	0	0.84	0.84	0.84	0	0.84	0.84	0.704	0.808	0.712	0.696	0.736	0	0.84	0.704	0.84	0	0	0.816	0.84	0.84	0.416	0.84	0.84	0	0.84	0.752	0.816	0.84	0	0	0.84	0.808	0	0.84	0	0.768		0.8	0.84	0	0	0	0.84	0	0	0.704	0	0	0.84	0.84	0.368	0.76	0.808	0.84	0.84	0.504	0.576	0.84	0	0.784	0.688	0.664	0.84	0	0.384	0.76	0.84	0.84	0	0	0.648	0.84	0.84	0.8
Mylnosiga_fluctuans_19	0	0.864	0.864	0.808	0.856	0.864	0.776	0.824	0	0.864	0.832	0.8	0	0	0	0.808	0.864	0.848	0.848	0.864	0.848	0.616	0	0.864	0.864	0.864	0	0.864	0.864	0.736	0.816	0.744	0.728	0.76	0	0.856	0.72	0.864	0	0	0.824	0.864	0.864	0.376	0.864	0.864	0	0.864	0.768	0.84	0.856	0	0	0.864	0.816	0	0.864	0	0.792	0.8		0.864	0	0	0	0.864	0	0	0.704	0	0	0.84	0.864	0.432	0.808	0.832	0.864	0.864	0.568	0.584	0.864	0	0.792	0.696	0.672	0.864	0	0.352	0.792	0.864	0.864	0	0	0.664	0.864	0.864	0.824
Nanomia_bijuga	0	0.992	0.936	0.912	0.976	0.992	0.864	0.952	0	0.992	0.952	0.92	0	0	0	0.912	0.992	0.976	0.904	0.992	0.968	0.744	0	0.984	0.992	0.984	0	0.984	0.992	0.84	0.944	0.776	0.792	0.888	0	0.952	0.824	0.992	0	0	0.952	0.992	0.992	0.448	0.984	0.992	0	0.992	0.856	0.968	0.96	0	0	0.984	0.888	0	0.992	0	0.92	0.84	0.864		0	0	0	0.984	0	0	0.792	0	0	0.968	0.992	0.432	0.912	0.888	0.992	0.992	0.568	0.704	0.976	0	0.896	0.824	0.8	0.968	0	0.44	0.832	0.984	0.992	0	0	0.768	0.992	0.944	0.952
Nematostella_vectensis	0	0	0	0	0	0	0	0	0	0	0	0	0	0	0	0	0	0	0	0	0	0	0	0	0	0	0	0	0	0	0	0	0	0	0	0	0	0	0	0	0	0	0	0	0	0	0	0	0	0	0	0	0	0	0	0	0	0	0	0	0	0		0	0	0	0	0	0	0	0	0	0	0	0	0	0	0	0	0	0	0	0	0	0	0	0	0	0	0	0	0	0	0	0	0	0
Oscarella_carmela	0	0	0	0	0	0	0	0	0	0	0	0	0	0	0	0	0	0	0	0	0	0	0	0	0	0	0	0	0	0	0	0	0	0	0	0	0	0	0	0	0	0	0	0	0	0	0	0	0	0	0	0	0	0	0	0	0	0	0	0	0	0	0		0	0	0	0	0	0	0	0	0	0	0	0	0	0	0	0	0	0	0	0	0	0	0	0	0	0	0	0	0	0	0	0	0
Oscarella_species	0	0	0	0	0	0	0	0	0	0	0	0	0	0	0	0	0	0	0	0	0	0	0	0	0	0	0	0	0	0	0	0	0	0	0	0	0	0	0	0	0	0	0	0	0	0	0	0	0	0	0	0	0	0	0	0	0	0	0	0	0	0	0	0		0	0	0	0	0	0	0	0	0	0	0	0	0	0	0	0	0	0	0	0	0	0	0	0	0	0	0	0	0	0	0	0
Pelagia_noctiluca	0	0.992	0.936	0.904	0.984	0.992	0.872	0.944	0	0.992	0.952	0.928	0	0	0	0.904	0.992	0.968	0.904	0.992	0.976	0.744	0	0.984	0.992	0.976	0	0.984	0.992	0.832	0.944	0.776	0.792	0.888	0	0.952	0.816	0.992	0	0	0.952	0.992	0.992	0.448	0.992	0.992	0	0.992	0.856	0.968	0.96	0	0	0.984	0.888	0	0.992	0	0.92	0.84	0.864	0.984	0	0	0		0	0	0.792	0	0	0.968	0.992	0.432	0.904	0.896	0.992	0.992	0.568	0.712	0.976	0	0.896	0.824	0.8	0.968	0	0.44	0.832	0.984	0.992	0	0	0.76	0.992	0.952	0.952
Pennatula_rubra	0	0	0	0	0	0	0	0	0	0	0	0	0	0	0	0	0	0	0	0	0	0	0	0	0	0	0	0	0	0	0	0	0	0	0	0	0	0	0	0	0	0	0	0	0	0	0	0	0	0	0	0	0	0	0	0	0	0	0	0	0	0	0	0	0	0		0	0	0	0	0	0	0	0	0	0	0	0	0	0	0	0	0	0	0	0	0	0	0	0	0	0	0	0	0	0
Periphylla_periphylla	0	0	0	0	0	0	0	0	0	0	0	0	0	0	0	0	0	0	0	0	0	0	0	0	0	0	0	0	0	0	0	0	0	0	0	0	0	0	0	0	0	0	0	0	0	0	0	0	0	0	0	0	0	0	0	0	0	0	0	0	0	0	0	0	0	0	0		0	0	0	0	0	0	0	0	0	0	0	0	0	0	0	0	0	0	0	0	0	0	0	0	0	0	0	0	0
Petrosia_ficiformis	0	0.792	0.752	0.712	0.784	0.792	0.712	0.752	0	0.792	0.76	0.728	0	0	0	0.712	0.792	0.776	0.752	0.792	0.776	0.576	0	0.792	0.792	0.792	0	0.792	0.792	0.792	0.744	0.616	0.76	0.792	0	0.784	0.776	0.792	0	0	0.752	0.792	0.792	0.304	0.792	0.792	0	0.792	0.696	0.792	0.784	0	0	0.792	0.704	0	0.792	0	0.72	0.704	0.704	0.792	0	0	0	0.792	0	0		0	0	0.792	0.792	0.4	0.712	0.704	0.792	0.792	0.536	0.528	0.792	0	0.712	0.624	0.616	0.784	0	0.44	0.672	0.792	0.792	0	0	0.72	0.792	0.76	0.792
Pirum_gemmata	0	0	0	0	0	0	0	0	0	0	0	0	0	0	0	0	0	0	0	0	0	0	0	0	0	0	0	0	0	0	0	0	0	0	0	0	0	0	0	0	0	0	0	0	0	0	0	0	0	0	0	0	0	0	0	0	0	0	0	0	0	0	0	0	0	0	0	0	0		0	0	0	0	0	0	0	0	0	0	0	0	0	0	0	0	0	0	0	0	0	0	0	0	0	0	0
Plakina_jani	0	0	0	0	0	0	0	0	0	0	0	0	0	0	0	0	0	0	0	0	0	0	0	0	0	0	0	0	0	0	0	0	0	0	0	0	0	0	0	0	0	0	0	0	0	0	0	0	0	0	0	0	0	0	0	0	0	0	0	0	0	0	0	0	0	0	0	0	0	0		0	0	0	0	0	0	0	0	0	0	0	0	0	0	0	0	0	0	0	0	0	0	0	0	0	0
Pleraplysilla_spinifera	0	0.976	0.912	0.888	0.96	0.976	0.872	0.928	0	0.976	0.928	0.904	0	0	0	0.888	0.976	0.952	0.88	0.976	0.952	0.752	0	0.96	0.976	0.96	0	0.96	0.976	0.816	0.928	0.752	0.768	0.872	0	0.928	0.8	0.976	0	0	0.936	0.976	0.976	0.448	0.968	0.976	0	0.976	0.832	0.952	0.936	0	0	0.96	0.864	0	0.976	0	0.904	0.84	0.84	0.968	0	0	0	0.968	0	0	0.792	0	0		0.976	0.408	0.888	0.872	0.976	0.976	0.544	0.688	0.952	0	0.872	0.808	0.784	0.944	0	0.44	0.808	0.96	0.976	0	0	0.744	0.976	0.928	0.936
Pleurobrachia_species	0	1	0.936	0.912	0.984	1	0.872	0.952	0	1	0.952	0.928	0	0	0	0.912	1	0.976	0.904	1	0.976	0.752	0	0.984	1	0.984	0	0.984	1	0.84	0.952	0.776	0.792	0.896	0	0.952	0.824	1	0	0	0.96	1	1	0.448	0.992	1	0	1	0.856	0.976	0.96	0	0	0.984	0.888	0	1	0	0.928	0.84	0.864	0.992	0	0	0	0.992	0	0	0.792	0	0	0.976		0.432	0.912	0.896	1	1	0.568	0.712	0.976	0	0.896	0.832	0.808	0.968	0	0.44	0.832	0.984	1	0	0	0.768	1	0.952	0.96
Plumapathes_pennacea	0	0.432	0.432	0.432	0.432	0.432	0.344	0.392	0	0.432	0.4	0.368	0	0	0	0.432	0.432	0.432	0.432	0.432	0.416	0.184	0	0.432	0.432	0.432	0	0.432	0.432	0.432	0.384	0.432	0.424	0.432	0	0.424	0.416	0.432	0	0	0.392	0.432	0.432	0	0.432	0.432	0	0.432	0.336	0.432	0.424	0	0	0.432	0.384	0	0.432	0	0.432	0.368	0.432	0.432	0	0	0	0.432	0	0	0.4	0	0	0.408	0.432		0.432	0.432	0.432	0.432	0.312	0.264	0.432	0	0.36	0.264	0.256	0.432	0	0.048	0.432	0.432	0.432	0	0	0.36	0.432	0.432	0.432
Porites_australiensis	0	0.912	0.856	0.912	0.896	0.912	0.784	0.872	0	0.912	0.872	0.84	0	0	0	0.912	0.912	0.896	0.824	0.912	0.888	0.664	0	0.904	0.912	0.904	0	0.904	0.912	0.76	0.864	0.696	0.712	0.808	0	0.872	0.744	0.912	0	0	0.872	0.912	0.912	0.4	0.904	0.912	0	0.912	0.776	0.888	0.88	0	0	0.904	0.808	0	0.912	0	0.888	0.76	0.808	0.912	0	0	0	0.904	0	0	0.712	0	0	0.888	0.912	0.432		0.808	0.912	0.912	0.512	0.624	0.896	0	0.816	0.744	0.72	0.888	0	0.36	0.752	0.904	0.912	0	0	0.688	0.912	0.864	0.872
Rossella_fibulata	0	0.896	0.888	0.808	0.888	0.896	0.808	0.848	0	0.896	0.856	0.832	0	0	0	0.808	0.896	0.872	0.856	0.896	0.88	0.648	0	0.888	0.896	0.88	0	0.888	0.896	0.736	0.848	0.776	0.728	0.792	0	0.864	0.72	0.896	0	0	0.856	0.896	0.896	0.392	0.896	0.896	0	0.896	0.768	0.872	0.872	0	0	0.888	0.84	0	0.896	0	0.824	0.808	0.832	0.888	0	0	0	0.896	0	0	0.704	0	0	0.872	0.896	0.432	0.808		0.896	0.896	0.568	0.616	0.88	0	0.816	0.728	0.704	0.888	0	0.352	0.792	0.888	0.896	0	0	0.664	0.896	0.896	0.856
Saccoglossus_kowalevskii	0	1	0.936	0.912	0.984	1	0.872	0.952	0	1	0.952	0.928	0	0	0	0.912	1	0.976	0.904	1	0.976	0.752	0	0.984	1	0.984	0	0.984	1	0.84	0.952	0.776	0.792	0.896	0	0.952	0.824	1	0	0	0.96	1	1	0.448	0.992	1	0	1	0.856	0.976	0.96	0	0	0.984	0.888	0	1	0	0.928	0.84	0.864	0.992	0	0	0	0.992	0	0	0.792	0	0	0.976	1	0.432	0.912	0.896		1	0.568	0.712	0.976	0	0.896	0.832	0.808	0.968	0	0.44	0.832	0.984	1	0	0	0.768	1	0.952	0.96
Salpingoeca_dolichothecata_16	0	1	0.936	0.912	0.984	1	0.872	0.952	0	1	0.952	0.928	0	0	0	0.912	1	0.976	0.904	1	0.976	0.752	0	0.984	1	0.984	0	0.984	1	0.84	0.952	0.776	0.792	0.896	0	0.952	0.824	1	0	0	0.96	1	1	0.448	0.992	1	0	1	0.856	0.976	0.96	0	0	0.984	0.888	0	1	0	0.928	0.84	0.864	0.992	0	0	0	0.992	0	0	0.792	0	0	0.976	1	0.432	0.912	0.896	1		0.568	0.712	0.976	0	0.896	0.832	0.808	0.968	0	0.44	0.832	0.984	1	0	0	0.768	1	0.952	0.96
Salpingoeca_helianthica_18	0	0.568	0.568	0.512	0.568	0.568	0.48	0.528	0	0.568	0.536	0.528	0	0	0	0.512	0.568	0.552	0.568	0.568	0.552	0.44	0	0.568	0.568	0.568	0	0.568	0.568	0.568	0.528	0.48	0.568	0.568	0	0.56	0.552	0.568	0	0	0.528	0.568	0.568	0.2	0.568	0.568	0	0.568	0.528	0.568	0.56	0	0	0.568	0.528	0	0.568	0	0.496	0.504	0.568	0.568	0	0	0	0.568	0	0	0.536	0	0	0.544	0.568	0.312	0.512	0.568	0.568	0.568		0.424	0.568	0	0.528	0.52	0.512	0.568	0	0.304	0.496	0.568	0.568	0	0	0.528	0.568	0.568	0.568
Salpingoeca_infusionum_12	0	0.712	0.656	0.624	0.704	0.712	0.608	0.704	0	0.712	0.704	0.712	0	0	0	0.624	0.712	0.688	0.64	0.712	0.712	0.632	0	0.704	0.712	0.696	0	0.704	0.712	0.568	0.712	0.568	0.536	0.624	0	0.68	0.568	0.712	0	0	0.712	0.712	0.712	0.336	0.712	0.712	0	0.712	0.672	0.704	0.688	0	0	0.704	0.656	0	0.712	0	0.64	0.576	0.584	0.704	0	0	0	0.712	0	0	0.528	0	0	0.688	0.712	0.264	0.624	0.616	0.712	0.712	0.424		0.696	0	0.688	0.712	0.704	0.688	0	0.344	0.624	0.704	0.712	0	0	0.568	0.712	0.672	0.688
Salpingoeca_macrocollata_06	0	0.976	0.928	0.896	0.968	0.976	0.856	0.936	0	0.976	0.944	0.912	0	0	0	0.896	0.976	0.96	0.904	0.976	0.96	0.728	0	0.976	0.976	0.976	0	0.976	0.976	0.832	0.928	0.776	0.792	0.872	0	0.952	0.816	0.976	0	0	0.936	0.976	0.976	0.448	0.976	0.976	0	0.976	0.856	0.952	0.96	0	0	0.976	0.88	0	0.976	0	0.904	0.84	0.864	0.976	0	0	0	0.976	0	0	0.792	0	0	0.952	0.976	0.432	0.896	0.88	0.976	0.976	0.568	0.696		0	0.888	0.808	0.784	0.96	0	0.44	0.832	0.976	0.976	0	0	0.76	0.976	0.936	0.936
Salpingoeca_punica_03	0	0	0	0	0	0	0	0	0	0	0	0	0	0	0	0	0	0	0	0	0	0	0	0	0	0	0	0	0	0	0	0	0	0	0	0	0	0	0	0	0	0	0	0	0	0	0	0	0	0	0	0	0	0	0	0	0	0	0	0	0	0	0	0	0	0	0	0	0	0	0	0	0	0	0	0	0	0	0	0	0		0	0	0	0	0	0	0	0	0	0	0	0	0	0	0
Salpingoeca_qvevrii_09	0	0.896	0.864	0.816	0.888	0.896	0.808	0.896	0	0.896	0.896	0.896	0	0	0	0.816	0.896	0.88	0.832	0.896	0.896	0.72	0	0.896	0.896	0.888	0	0.896	0.896	0.744	0.896	0.704	0.72	0.792	0	0.88	0.744	0.896	0	0	0.896	0.896	0.896	0.448	0.896	0.896	0	0.896	0.848	0.872	0.888	0	0	0.896	0.864	0	0.896	0	0.824	0.784	0.792	0.896	0	0	0	0.896	0	0	0.712	0	0	0.872	0.896	0.36	0.816	0.816	0.896	0.896	0.528	0.688	0.888	0		0.8	0.776	0.896	0	0.432	0.76	0.896	0.896	0	0	0.744	0.896	0.872	0.856
Salpingoeca_roanoka_13	0	0.832	0.768	0.744	0.816	0.832	0.72	0.824	0	0.832	0.816	0.824	0	0	0	0.744	0.832	0.808	0.736	0.832	0.824	0.752	0	0.816	0.832	0.816	0	0.816	0.832	0.672	0.832	0.608	0.632	0.728	0	0.792	0.672	0.832	0	0	0.832	0.832	0.832	0.448	0.824	0.832	0	0.832	0.784	0.808	0.8	0	0	0.816	0.768	0	0.832	0	0.76	0.688	0.696	0.824	0	0	0	0.824	0	0	0.624	0	0	0.808	0.832	0.264	0.744	0.728	0.832	0.832	0.52	0.712	0.808	0	0.8		0.808	0.8	0	0.44	0.664	0.816	0.832	0	0	0.672	0.832	0.784	0.792
Salpingoeca_rosetta	0	0.808	0.744	0.72	0.792	0.808	0.696	0.8	0	0.808	0.792	0.8	0	0	0	0.72	0.808	0.784	0.728	0.808	0.8	0.736	0	0.792	0.808	0.792	0	0.792	0.808	0.664	0.808	0.584	0.624	0.72	0	0.768	0.664	0.808	0	0	0.808	0.808	0.808	0.432	0.8	0.808	0	0.808	0.76	0.8	0.776	0	0	0.792	0.744	0	0.808	0	0.736	0.664	0.672	0.8	0	0	0	0.8	0	0	0.616	0	0	0.784	0.808	0.256	0.72	0.704	0.808	0.808	0.512	0.704	0.784	0	0.776	0.808		0.776	0	0.44	0.64	0.792	0.808	0	0	0.664	0.808	0.76	0.784
Salpingoeca_urceolata_04	0	0.968	0.936	0.888	0.96	0.968	0.864	0.928	0	0.968	0.936	0.904	0	0	0	0.888	0.968	0.952	0.904	0.968	0.952	0.72	0	0.968	0.968	0.96	0	0.968	0.968	0.816	0.92	0.776	0.792	0.864	0	0.944	0.8	0.968	0	0	0.928	0.968	0.968	0.448	0.968	0.968	0	0.968	0.848	0.944	0.952	0	0	0.968	0.888	0	0.968	0	0.896	0.84	0.864	0.968	0	0	0	0.968	0	0	0.784	0	0	0.944	0.968	0.432	0.888	0.888	0.968	0.968	0.568	0.688	0.96	0	0.896	0.8	0.776		0	0.432	0.832	0.968	0.968	0	0	0.744	0.968	0.944	0.928
Sphaeroforma_arctica_JP610	0	0	0	0	0	0	0	0	0	0	0	0	0	0	0	0	0	0	0	0	0	0	0	0	0	0	0	0	0	0	0	0	0	0	0	0	0	0	0	0	0	0	0	0	0	0	0	0	0	0	0	0	0	0	0	0	0	0	0	0	0	0	0	0	0	0	0	0	0	0	0	0	0	0	0	0	0	0	0	0	0	0	0	0	0	0		0	0	0	0	0	0	0	0	0	0
Spongilla_lacustris	0	0.44	0.4	0.36	0.432	0.44	0.416	0.44	0	0.44	0.44	0.44	0	0	0	0.36	0.44	0.424	0.4	0.44	0.44	0.44	0	0.44	0.44	0.44	0	0.44	0.44	0.44	0.44	0.264	0.416	0.44	0	0.44	0.44	0.44	0	0	0.44	0.44	0.44	0.304	0.44	0.44	0	0.44	0.44	0.44	0.44	0	0	0.44	0.4	0	0.44	0	0.368	0.384	0.352	0.44	0	0	0	0.44	0	0	0.44	0	0	0.44	0.44	0.048	0.36	0.352	0.44	0.44	0.304	0.344	0.44	0	0.432	0.44	0.44	0.432	0		0.32	0.44	0.44	0	0	0.44	0.44	0.408	0.44
Stephanoeca_diplocostata_AUFR	0	0.832	0.832	0.752	0.824	0.832	0.744	0.792	0	0.832	0.8	0.768	0	0	0	0.752	0.832	0.816	0.816	0.832	0.816	0.584	0	0.832	0.832	0.832	0	0.832	0.832	0.704	0.784	0.776	0.696	0.728	0	0.824	0.688	0.832	0	0	0.792	0.832	0.832	0.344	0.832	0.832	0	0.832	0.736	0.808	0.824	0	0	0.832	0.784	0	0.832	0	0.76	0.76	0.792	0.832	0	0	0	0.832	0	0	0.672	0	0	0.808	0.832	0.432	0.752	0.792	0.832	0.832	0.496	0.624	0.832	0	0.76	0.664	0.64	0.832	0	0.32		0.832	0.832	0	0	0.632	0.832	0.832	0.792
Stomolophus_meleagris	0	0.984	0.936	0.904	0.976	0.984	0.864	0.944	0	0.984	0.952	0.92	0	0	0	0.904	0.984	0.968	0.904	0.984	0.968	0.736	0	0.984	0.984	0.976	0	0.984	0.984	0.832	0.936	0.776	0.792	0.88	0	0.952	0.816	0.984	0	0	0.944	0.984	0.984	0.448	0.984	0.984	0	0.984	0.856	0.96	0.96	0	0	0.984	0.888	0	0.984	0	0.912	0.84	0.864	0.984	0	0	0	0.984	0	0	0.792	0	0	0.96	0.984	0.432	0.904	0.888	0.984	0.984	0.568	0.704	0.976	0	0.896	0.816	0.792	0.968	0	0.44	0.832		0.984	0	0	0.76	0.984	0.944	0.944
Strongylocentrotus_purpuratus	0	1	0.936	0.912	0.984	1	0.872	0.952	0	1	0.952	0.928	0	0	0	0.912	1	0.976	0.904	1	0.976	0.752	0	0.984	1	0.984	0	0.984	1	0.84	0.952	0.776	0.792	0.896	0	0.952	0.824	1	0	0	0.96	1	1	0.448	0.992	1	0	1	0.856	0.976	0.96	0	0	0.984	0.888	0	1	0	0.928	0.84	0.864	0.992	0	0	0	0.992	0	0	0.792	0	0	0.976	1	0.432	0.912	0.896	1	1	0.568	0.712	0.976	0	0.896	0.832	0.808	0.968	0	0.44	0.832	0.984		0	0	0.768	1	0.952	0.96
Sycon_ciliatum	0	0	0	0	0	0	0	0	0	0	0	0	0	0	0	0	0	0	0	0	0	0	0	0	0	0	0	0	0	0	0	0	0	0	0	0	0	0	0	0	0	0	0	0	0	0	0	0	0	0	0	0	0	0	0	0	0	0	0	0	0	0	0	0	0	0	0	0	0	0	0	0	0	0	0	0	0	0	0	0	0	0	0	0	0	0	0	0	0	0	0		0	0	0	0	0
Sycon_coactum	0	0	0	0	0	0	0	0	0	0	0	0	0	0	0	0	0	0	0	0	0	0	0	0	0	0	0	0	0	0	0	0	0	0	0	0	0	0	0	0	0	0	0	0	0	0	0	0	0	0	0	0	0	0	0	0	0	0	0	0	0	0	0	0	0	0	0	0	0	0	0	0	0	0	0	0	0	0	0	0	0	0	0	0	0	0	0	0	0	0	0	0		0	0	0	0
Sympagella_nux	0	0.768	0.712	0.688	0.752	0.768	0.656	0.768	0	0.768	0.76	0.76	0	0	0	0.688	0.768	0.752	0.712	0.768	0.76	0.592	0	0.76	0.768	0.768	0	0.76	0.768	0.768	0.768	0.576	0.72	0.768	0	0.752	0.768	0.768	0	0	0.768	0.768	0.768	0.304	0.76	0.768	0	0.768	0.728	0.768	0.752	0	0	0.76	0.712	0	0.768	0	0.696	0.648	0.664	0.768	0	0	0	0.76	0	0	0.72	0	0	0.744	0.768	0.36	0.688	0.664	0.768	0.768	0.528	0.568	0.76	0	0.744	0.672	0.664	0.744	0	0.44	0.632	0.76	0.768	0	0		0.768	0.72	0.768
Tribolium_castaneum	0	1	0.936	0.912	0.984	1	0.872	0.952	0	1	0.952	0.928	0	0	0	0.912	1	0.976	0.904	1	0.976	0.752	0	0.984	1	0.984	0	0.984	1	0.84	0.952	0.776	0.792	0.896	0	0.952	0.824	1	0	0	0.96	1	1	0.448	0.992	1	0	1	0.856	0.976	0.96	0	0	0.984	0.888	0	1	0	0.928	0.84	0.864	0.992	0	0	0	0.992	0	0	0.792	0	0	0.976	1	0.432	0.912	0.896	1	1	0.568	0.712	0.976	0	0.896	0.832	0.808	0.968	0	0.44	0.832	0.984	1	0	0	0.768		0.952	0.96
Trichoplax_adhaerens	0	0.952	0.936	0.864	0.944	0.952	0.864	0.904	0	0.952	0.912	0.888	0	0	0	0.864	0.952	0.928	0.904	0.952	0.936	0.704	0	0.944	0.952	0.936	0	0.944	0.952	0.792	0.904	0.776	0.784	0.848	0	0.92	0.776	0.952	0	0	0.912	0.952	0.952	0.448	0.952	0.952	0	0.952	0.824	0.928	0.928	0	0	0.944	0.888	0	0.952	0	0.88	0.84	0.864	0.944	0	0	0	0.952	0	0	0.76	0	0	0.928	0.952	0.432	0.864	0.896	0.952	0.952	0.568	0.672	0.936	0	0.872	0.784	0.76	0.944	0	0.408	0.832	0.944	0.952	0	0	0.72	0.952		0.912
Vallicula_multiformis	0	0.96	0.896	0.872	0.944	0.96	0.832	0.912	0	0.96	0.912	0.888	0	0	0	0.872	0.96	0.936	0.88	0.96	0.936	0.712	0	0.944	0.96	0.944	0	0.944	0.96	0.84	0.912	0.736	0.792	0.896	0	0.912	0.824	0.96	0	0	0.92	0.96	0.96	0.408	0.952	0.96	0	0.96	0.816	0.96	0.92	0	0	0.944	0.848	0	0.96	0	0.888	0.8	0.824	0.952	0	0	0	0.952	0	0	0.792	0	0	0.936	0.96	0.432	0.872	0.856	0.96	0.96	0.568	0.688	0.936	0	0.856	0.792	0.784	0.928	0	0.44	0.792	0.944	0.96	0	0	0.768	0.96	0.912	
