	Abeoforma_whisleri	Acanthoeca_sp_10tr	Acanthoeca_spectabilis_VA_02	Aiptasia_pallida	Alatina_alata	Amoebidium_parasiticum_JAP72	Amphimedon_queenslandica	Antipathes_caribbeana	Aphrocallistes_vastus	Aplysia_californica	Atolla_vanhoeffeni	Aurelia_aurita	Beroe_abyssicola	Beroe_sp	Bolinopsis_infundibulum	Bolocera_tuedia	Branchiostoma_floridae	Capitella_teleta	Capsaspora_owczarzaki_atcc30864	Cestum_veneris	Choanoeca_perplexa_11	Chondrilla_nucula	Clathrina_coriacea	Clytia_hemisphaerica	Codosiga_hollandica_17	Coeloplana_species	Corticium_candelabrum	Craspedacusta_sowerbyi	Crassostrea_gigas	Creolimax_fragrantissima	Daphnia_pulex	Diaphanoeca_grandis_RI_01	Didymoeca_costata_10	Dryodora_glandiformis	Edwardsiella_lineata	Ephydatia_muelleri	Euplectella_aspergillum	Euplokamis_dunlapae	Gorgonia_ventalina	Grantia_compressa	Helobdella_robusta	Homo_sapiens	Hormiphora_californensis	Hyalonema_populiferum	Hydra_magnipapillata	Hydractinia_polyclina	Ircinia_fasciculata	Ixodes_scapularis	Kirkpatrickia_variolosa	Lampea_pancerina	Latrunculia_apicalis	Leuconia_nivea	Leucosolenia_complicata	Liriope_tetraphylla	Lucernariopsis_campanulata	Ministeria_vibrans	Mnemiopsis_leidyi	Monosiga_brevicollis_mx1	Montastraea_faveolata	Mycale_phyllophila	Mylnosiga_fluctuans_19	Nanomia_bijuga	Nematostella_vectensis	Oscarella_carmela	Oscarella_species	Pelagia_noctiluca	Pennatula_rubra	Periphylla_periphylla	Petrosia_ficiformis	Pirum_gemmata	Plakina_jani	Pleraplysilla_spinifera	Pleurobrachia_species	Plumapathes_pennacea	Porites_australiensis	Rossella_fibulata	Saccoglossus_kowalevskii	Salpingoeca_dolichothecata_16	Salpingoeca_helianthica_18	Salpingoeca_infusionum_12	Salpingoeca_macrocollata_06	Salpingoeca_punica_03	Salpingoeca_qvevrii_09	Salpingoeca_roanoka_13	Salpingoeca_rosetta	Salpingoeca_urceolata_04	Sphaeroforma_arctica_JP610	Spongilla_lacustris	Stephanoeca_diplocostata_AUFR	Stomolophus_meleagris	Strongylocentrotus_purpuratus	Sycon_ciliatum	Sycon_coactum	Sympagella_nux	Tribolium_castaneum	Trichoplax_adhaerens	Vallicula_multiformis
Abeoforma_whisleri		0	0	0.024	0.136	0.008	0	0.008	0.008	0	0.12	0.008	0	0	0.016	0.024	0.008	0.008	0	0.016	0	0.016	0.008	1	0.024	0.016	0.016	0.008	1	1	0	0	0.008	0.024	0	0	0	0	0	1	0	0	0.016	0.416	0	0	0	0.104	0.016	0	1	0	0	0.488	0	0.016	0.016	0.008	0	0.264	0	0.008	0	0.224	0	0.336	0.024	0	0.016	1	0	0.12	0.016	0	0.032	0.12	0	0.016	0	0.024	0	0	0.016	0.016	0	0.016	1	0	0	0.008	1	0.016	0.024	0.12	0	0.016	0.016
Acanthoeca_sp_10tr	0		0	0	0	0	0	0	0	0	0	0	0	0	0	0	0	0	0	0	0	0	0	0	0	0	0	0	0	0	0	0	0	0	0	0	0	0	0	0	0	0	0	0	0	0	0	0	0	0	0	0	0	0	0	0	0	0	0	0	0	0	0	0	0	0	0	0	0	0	0	0	0	0	0	0	0	0	0	0	0	0	0	0	0	0	0	0	0	0	0	0	0	0	0	0	0
Acanthoeca_spectabilis_VA_02	0	0		0	0	0	0	0	0	0	0	0	0	0	0	0	0	0	0	0	0	0	0	0	0	0	0	0	0	0	0	0	0	0	0	0	0	0	0	0	0	0	0	0	0	0	0	0	0	0	0	0	0	0	0	0	0	0	0	0	0	0	0	0	0	0	0	0	0	0	0	0	0	0	0	0	0	0	0	0	0	0	0	0	0	0	0	0	0	0	0	0	0	0	0	0	0
Aiptasia_pallida	0.024	0	0		0.024	0.008	0	0	0	0	0.024	0	0	0	0	0.008	0	0	0	0	0	0	0	0.024	0.008	0	0	0	0.024	0.024	0	0	0	0.024	0	0	0	0	0	0.024	0	0	0	0.024	0	0	0	0	0	0	0.024	0	0	0.024	0	0	0	0	0	0	0	0	0	0.024	0	0.024	0.024	0	0	0.024	0	0.024	0	0	0	0	0	0	0	0	0	0	0	0	0	0	0.024	0	0	0	0.024	0	0	0	0	0	0
Alatina_alata	0.136	0	0	0.024		0.008	0	0	0	0	0.024	0	0	0	0	0.008	0	0	0	0	0	0	0	0.136	0.008	0	0	0	0.136	0.136	0	0	0	0.024	0	0	0	0	0	0.136	0	0	0	0.136	0	0	0	0.04	0	0	0.136	0	0	0.136	0	0	0	0	0	0	0	0	0	0.024	0	0.104	0.024	0	0	0.136	0	0.024	0	0	0	0	0	0	0	0	0	0	0	0	0	0	0.136	0	0	0	0.136	0	0	0	0	0	0
Amoebidium_parasiticum_JAP72	0.008	0	0	0.008	0.008		0	0	0	0	0.008	0	0	0	0	0.008	0	0	0	0	0	0	0	0.008	0.008	0	0	0	0.008	0.008	0	0	0	0.008	0	0	0	0	0	0.008	0	0	0	0.008	0	0	0	0	0	0	0.008	0	0	0.008	0	0	0	0	0	0	0	0	0	0.008	0	0.008	0.008	0	0	0.008	0	0.008	0	0	0	0	0	0	0	0	0	0	0	0	0	0	0.008	0	0	0	0.008	0	0	0	0	0	0
Amphimedon_queenslandica	0	0	0	0	0	0		0	0	0	0	0	0	0	0	0	0	0	0	0	0	0	0	0	0	0	0	0	0	0	0	0	0	0	0	0	0	0	0	0	0	0	0	0	0	0	0	0	0	0	0	0	0	0	0	0	0	0	0	0	0	0	0	0	0	0	0	0	0	0	0	0	0	0	0	0	0	0	0	0	0	0	0	0	0	0	0	0	0	0	0	0	0	0	0	0	0
Antipathes_caribbeana	0.008	0	0	0	0	0	0		0.008	0	0	0.008	0	0	0.008	0.008	0.008	0.008	0	0.008	0	0.008	0.008	0.008	0.008	0.008	0.008	0.008	0.008	0.008	0	0	0.008	0	0	0	0	0	0	0.008	0	0	0.008	0.008	0	0	0	0.008	0.008	0	0.008	0	0	0.008	0	0.008	0.008	0.008	0	0.008	0	0.008	0	0	0	0	0	0	0.008	0.008	0	0.008	0.008	0	0.008	0.008	0	0.008	0	0.008	0	0	0.008	0.008	0	0.008	0.008	0	0	0.008	0.008	0.008	0.008	0.008	0	0.008	0.008
Aphrocallistes_vastus	0.008	0	0	0	0	0	0	0.008		0	0	0.008	0	0	0.008	0.008	0.008	0.008	0	0.008	0	0.008	0.008	0.008	0.008	0.008	0.008	0.008	0.008	0.008	0	0	0.008	0	0	0	0	0	0	0.008	0	0	0.008	0.008	0	0	0	0.008	0.008	0	0.008	0	0	0.008	0	0.008	0.008	0.008	0	0.008	0	0.008	0	0	0	0	0	0	0.008	0.008	0	0.008	0.008	0	0.008	0.008	0	0.008	0	0.008	0	0	0.008	0.008	0	0.008	0.008	0	0	0.008	0.008	0.008	0.008	0.008	0	0.008	0.008
Aplysia_californica	0	0	0	0	0	0	0	0	0		0	0	0	0	0	0	0	0	0	0	0	0	0	0	0	0	0	0	0	0	0	0	0	0	0	0	0	0	0	0	0	0	0	0	0	0	0	0	0	0	0	0	0	0	0	0	0	0	0	0	0	0	0	0	0	0	0	0	0	0	0	0	0	0	0	0	0	0	0	0	0	0	0	0	0	0	0	0	0	0	0	0	0	0	0	0	0
Atolla_vanhoeffeni	0.12	0	0	0.024	0.024	0.008	0	0	0	0		0	0	0	0	0.008	0	0	0	0	0	0	0	0.12	0.008	0	0	0	0.12	0.12	0	0	0	0.024	0	0	0	0	0	0.12	0	0	0	0.12	0	0	0	0	0	0	0.12	0	0	0.12	0	0	0	0	0	0	0	0	0	0.12	0	0.12	0.024	0	0	0.12	0	0.104	0	0	0	0	0	0	0	0	0	0	0	0	0	0	0.12	0	0	0	0.12	0	0	0	0	0	0
Aurelia_aurita	0.008	0	0	0	0	0	0	0.008	0.008	0	0		0	0	0.008	0.008	0.008	0.008	0	0.008	0	0.008	0.008	0.008	0.008	0.008	0.008	0.008	0.008	0.008	0	0	0.008	0	0	0	0	0	0	0.008	0	0	0.008	0.008	0	0	0	0.008	0.008	0	0.008	0	0	0.008	0	0.008	0.008	0.008	0	0.008	0	0.008	0	0	0	0	0	0	0.008	0.008	0	0.008	0.008	0	0.008	0.008	0	0.008	0	0.008	0	0	0.008	0.008	0	0.008	0.008	0	0	0.008	0.008	0.008	0.008	0.008	0	0.008	0.008
Beroe_abyssicola	0	0	0	0	0	0	0	0	0	0	0	0		0	0	0	0	0	0	0	0	0	0	0	0	0	0	0	0	0	0	0	0	0	0	0	0	0	0	0	0	0	0	0	0	0	0	0	0	0	0	0	0	0	0	0	0	0	0	0	0	0	0	0	0	0	0	0	0	0	0	0	0	0	0	0	0	0	0	0	0	0	0	0	0	0	0	0	0	0	0	0	0	0	0	0	0
Beroe_sp	0	0	0	0	0	0	0	0	0	0	0	0	0		0	0	0	0	0	0	0	0	0	0	0	0	0	0	0	0	0	0	0	0	0	0	0	0	0	0	0	0	0	0	0	0	0	0	0	0	0	0	0	0	0	0	0	0	0	0	0	0	0	0	0	0	0	0	0	0	0	0	0	0	0	0	0	0	0	0	0	0	0	0	0	0	0	0	0	0	0	0	0	0	0	0	0
Bolinopsis_infundibulum	0.016	0	0	0	0	0	0	0.008	0.008	0	0	0.008	0	0		0.016	0.008	0.008	0	0.016	0	0.016	0.008	0.016	0.016	0.016	0.016	0.008	0.016	0.016	0	0	0.008	0	0	0	0	0	0	0.016	0	0	0.016	0.016	0	0	0	0.008	0.016	0	0.016	0	0	0.008	0	0.016	0.016	0.008	0	0.016	0	0.008	0	0	0	0	0	0	0.016	0.016	0	0.016	0.016	0	0.016	0.008	0	0.016	0	0.016	0	0	0.016	0.016	0	0.016	0.016	0	0	0.008	0.016	0.016	0.016	0.008	0	0.016	0.016
Bolocera_tuedia	0.024	0	0	0.008	0.008	0.008	0	0.008	0.008	0	0.008	0.008	0	0	0.016		0.008	0.008	0	0.016	0	0.016	0.008	0.024	0.024	0.016	0.016	0.008	0.024	0.024	0	0	0.008	0.008	0	0	0	0	0	0.024	0	0	0.016	0.024	0	0	0	0.008	0.016	0	0.024	0	0	0.016	0	0.016	0.016	0.008	0	0.016	0	0.008	0	0.008	0	0.008	0.008	0	0.016	0.024	0	0.024	0.016	0	0.016	0.008	0	0.016	0	0.016	0	0	0.016	0.016	0	0.016	0.024	0	0	0.008	0.024	0.016	0.016	0.008	0	0.016	0.016
Branchiostoma_floridae	0.008	0	0	0	0	0	0	0.008	0.008	0	0	0.008	0	0	0.008	0.008		0.008	0	0.008	0	0.008	0.008	0.008	0.008	0.008	0.008	0.008	0.008	0.008	0	0	0.008	0	0	0	0	0	0	0.008	0	0	0.008	0.008	0	0	0	0.008	0.008	0	0.008	0	0	0.008	0	0.008	0.008	0.008	0	0.008	0	0.008	0	0	0	0	0	0	0.008	0.008	0	0.008	0.008	0	0.008	0.008	0	0.008	0	0.008	0	0	0.008	0.008	0	0.008	0.008	0	0	0.008	0.008	0.008	0.008	0.008	0	0.008	0.008
Capitella_teleta	0.008	0	0	0	0	0	0	0.008	0.008	0	0	0.008	0	0	0.008	0.008	0.008		0	0.008	0	0.008	0.008	0.008	0.008	0.008	0.008	0.008	0.008	0.008	0	0	0.008	0	0	0	0	0	0	0.008	0	0	0.008	0.008	0	0	0	0.008	0.008	0	0.008	0	0	0.008	0	0.008	0.008	0.008	0	0.008	0	0.008	0	0	0	0	0	0	0.008	0.008	0	0.008	0.008	0	0.008	0.008	0	0.008	0	0.008	0	0	0.008	0.008	0	0.008	0.008	0	0	0.008	0.008	0.008	0.008	0.008	0	0.008	0.008
Capsaspora_owczarzaki_atcc30864	0	0	0	0	0	0	0	0	0	0	0	0	0	0	0	0	0	0		0	0	0	0	0	0	0	0	0	0	0	0	0	0	0	0	0	0	0	0	0	0	0	0	0	0	0	0	0	0	0	0	0	0	0	0	0	0	0	0	0	0	0	0	0	0	0	0	0	0	0	0	0	0	0	0	0	0	0	0	0	0	0	0	0	0	0	0	0	0	0	0	0	0	0	0	0	0
Cestum_veneris	0.016	0	0	0	0	0	0	0.008	0.008	0	0	0.008	0	0	0.016	0.016	0.008	0.008	0		0	0.016	0.008	0.016	0.016	0.016	0.016	0.008	0.016	0.016	0	0	0.008	0	0	0	0	0	0	0.016	0	0	0.016	0.016	0	0	0	0.008	0.016	0	0.016	0	0	0.008	0	0.016	0.016	0.008	0	0.016	0	0.008	0	0	0	0	0	0	0.016	0.016	0	0.016	0.016	0	0.016	0.008	0	0.016	0	0.016	0	0	0.016	0.016	0	0.016	0.016	0	0	0.008	0.016	0.016	0.016	0.008	0	0.016	0.016
Choanoeca_perplexa_11	0	0	0	0	0	0	0	0	0	0	0	0	0	0	0	0	0	0	0	0		0	0	0	0	0	0	0	0	0	0	0	0	0	0	0	0	0	0	0	0	0	0	0	0	0	0	0	0	0	0	0	0	0	0	0	0	0	0	0	0	0	0	0	0	0	0	0	0	0	0	0	0	0	0	0	0	0	0	0	0	0	0	0	0	0	0	0	0	0	0	0	0	0	0	0	0
Chondrilla_nucula	0.016	0	0	0	0	0	0	0.008	0.008	0	0	0.008	0	0	0.016	0.016	0.008	0.008	0	0.016	0		0.008	0.016	0.016	0.016	0.016	0.008	0.016	0.016	0	0	0.008	0	0	0	0	0	0	0.016	0	0	0.016	0.016	0	0	0	0.008	0.016	0	0.016	0	0	0.008	0	0.016	0.016	0.008	0	0.016	0	0.008	0	0	0	0	0	0	0.016	0.016	0	0.016	0.016	0	0.016	0.008	0	0.016	0	0.016	0	0	0.016	0.016	0	0.016	0.016	0	0	0.008	0.016	0.016	0.016	0.008	0	0.016	0.016
Clathrina_coriacea	0.008	0	0	0	0	0	0	0.008	0.008	0	0	0.008	0	0	0.008	0.008	0.008	0.008	0	0.008	0	0.008		0.008	0.008	0.008	0.008	0.008	0.008	0.008	0	0	0.008	0	0	0	0	0	0	0.008	0	0	0.008	0.008	0	0	0	0.008	0.008	0	0.008	0	0	0.008	0	0.008	0.008	0.008	0	0.008	0	0.008	0	0	0	0	0	0	0.008	0.008	0	0.008	0.008	0	0.008	0.008	0	0.008	0	0.008	0	0	0.008	0.008	0	0.008	0.008	0	0	0.008	0.008	0.008	0.008	0.008	0	0.008	0.008
Clytia_hemisphaerica	1	0	0	0.024	0.136	0.008	0	0.008	0.008	0	0.12	0.008	0	0	0.016	0.024	0.008	0.008	0	0.016	0	0.016	0.008		0.024	0.016	0.016	0.008	1	1	0	0	0.008	0.024	0	0	0	0	0	1	0	0	0.016	0.416	0	0	0	0.104	0.016	0	1	0	0	0.488	0	0.016	0.016	0.008	0	0.264	0	0.008	0	0.224	0	0.336	0.024	0	0.016	1	0	0.12	0.016	0	0.032	0.12	0	0.016	0	0.024	0	0	0.016	0.016	0	0.016	1	0	0	0.008	1	0.016	0.024	0.12	0	0.016	0.016
Codosiga_hollandica_17	0.024	0	0	0.008	0.008	0.008	0	0.008	0.008	0	0.008	0.008	0	0	0.016	0.024	0.008	0.008	0	0.016	0	0.016	0.008	0.024		0.016	0.016	0.008	0.024	0.024	0	0	0.008	0.008	0	0	0	0	0	0.024	0	0	0.016	0.024	0	0	0	0.008	0.016	0	0.024	0	0	0.016	0	0.016	0.016	0.008	0	0.016	0	0.008	0	0.008	0	0.008	0.008	0	0.016	0.024	0	0.024	0.016	0	0.016	0.008	0	0.016	0	0.016	0	0	0.016	0.016	0	0.016	0.024	0	0	0.008	0.024	0.016	0.016	0.008	0	0.016	0.016
Coeloplana_species	0.016	0	0	0	0	0	0	0.008	0.008	0	0	0.008	0	0	0.016	0.016	0.008	0.008	0	0.016	0	0.016	0.008	0.016	0.016		0.016	0.008	0.016	0.016	0	0	0.008	0	0	0	0	0	0	0.016	0	0	0.016	0.016	0	0	0	0.008	0.016	0	0.016	0	0	0.008	0	0.016	0.016	0.008	0	0.016	0	0.008	0	0	0	0	0	0	0.016	0.016	0	0.016	0.016	0	0.016	0.008	0	0.016	0	0.016	0	0	0.016	0.016	0	0.016	0.016	0	0	0.008	0.016	0.016	0.016	0.008	0	0.016	0.016
Corticium_candelabrum	0.016	0	0	0	0	0	0	0.008	0.008	0	0	0.008	0	0	0.016	0.016	0.008	0.008	0	0.016	0	0.016	0.008	0.016	0.016	0.016		0.008	0.016	0.016	0	0	0.008	0	0	0	0	0	0	0.016	0	0	0.016	0.016	0	0	0	0.008	0.016	0	0.016	0	0	0.008	0	0.016	0.016	0.008	0	0.016	0	0.008	0	0	0	0	0	0	0.016	0.016	0	0.016	0.016	0	0.016	0.008	0	0.016	0	0.016	0	0	0.016	0.016	0	0.016	0.016	0	0	0.008	0.016	0.016	0.016	0.008	0	0.016	0.016
Craspedacusta_sowerbyi	0.008	0	0	0	0	0	0	0.008	0.008	0	0	0.008	0	0	0.008	0.008	0.008	0.008	0	0.008	0	0.008	0.008	0.008	0.008	0.008	0.008		0.008	0.008	0	0	0.008	0	0	0	0	0	0	0.008	0	0	0.008	0.008	0	0	0	0.008	0.008	0	0.008	0	0	0.008	0	0.008	0.008	0.008	0	0.008	0	0.008	0	0	0	0	0	0	0.008	0.008	0	0.008	0.008	0	0.008	0.008	0	0.008	0	0.008	0	0	0.008	0.008	0	0.008	0.008	0	0	0.008	0.008	0.008	0.008	0.008	0	0.008	0.008
Crassostrea_gigas	1	0	0	0.024	0.136	0.008	0	0.008	0.008	0	0.12	0.008	0	0	0.016	0.024	0.008	0.008	0	0.016	0	0.016	0.008	1	0.024	0.016	0.016	0.008		1	0	0	0.008	0.024	0	0	0	0	0	1	0	0	0.016	0.416	0	0	0	0.104	0.016	0	1	0	0	0.488	0	0.016	0.016	0.008	0	0.264	0	0.008	0	0.224	0	0.336	0.024	0	0.016	1	0	0.12	0.016	0	0.032	0.12	0	0.016	0	0.024	0	0	0.016	0.016	0	0.016	1	0	0	0.008	1	0.016	0.024	0.12	0	0.016	0.016
Creolimax_fragrantissima	1	0	0	0.024	0.136	0.008	0	0.008	0.008	0	0.12	0.008	0	0	0.016	0.024	0.008	0.008	0	0.016	0	0.016	0.008	1	0.024	0.016	0.016	0.008	1		0	0	0.008	0.024	0	0	0	0	0	1	0	0	0.016	0.416	0	0	0	0.104	0.016	0	1	0	0	0.488	0	0.016	0.016	0.008	0	0.264	0	0.008	0	0.224	0	0.336	0.024	0	0.016	1	0	0.12	0.016	0	0.032	0.12	0	0.016	0	0.024	0	0	0.016	0.016	0	0.016	1	0	0	0.008	1	0.016	0.024	0.12	0	0.016	0.016
Daphnia_pulex	0	0	0	0	0	0	0	0	0	0	0	0	0	0	0	0	0	0	0	0	0	0	0	0	0	0	0	0	0	0		0	0	0	0	0	0	0	0	0	0	0	0	0	0	0	0	0	0	0	0	0	0	0	0	0	0	0	0	0	0	0	0	0	0	0	0	0	0	0	0	0	0	0	0	0	0	0	0	0	0	0	0	0	0	0	0	0	0	0	0	0	0	0	0	0	0
Diaphanoeca_grandis_RI_01	0	0	0	0	0	0	0	0	0	0	0	0	0	0	0	0	0	0	0	0	0	0	0	0	0	0	0	0	0	0	0		0	0	0	0	0	0	0	0	0	0	0	0	0	0	0	0	0	0	0	0	0	0	0	0	0	0	0	0	0	0	0	0	0	0	0	0	0	0	0	0	0	0	0	0	0	0	0	0	0	0	0	0	0	0	0	0	0	0	0	0	0	0	0	0	0
Didymoeca_costata_10	0.008	0	0	0	0	0	0	0.008	0.008	0	0	0.008	0	0	0.008	0.008	0.008	0.008	0	0.008	0	0.008	0.008	0.008	0.008	0.008	0.008	0.008	0.008	0.008	0	0		0	0	0	0	0	0	0.008	0	0	0.008	0.008	0	0	0	0.008	0.008	0	0.008	0	0	0.008	0	0.008	0.008	0.008	0	0.008	0	0.008	0	0	0	0	0	0	0.008	0.008	0	0.008	0.008	0	0.008	0.008	0	0.008	0	0.008	0	0	0.008	0.008	0	0.008	0.008	0	0	0.008	0.008	0.008	0.008	0.008	0	0.008	0.008
Dryodora_glandiformis	0.024	0	0	0.024	0.024	0.008	0	0	0	0	0.024	0	0	0	0	0.008	0	0	0	0	0	0	0	0.024	0.008	0	0	0	0.024	0.024	0	0	0		0	0	0	0	0	0.024	0	0	0	0.024	0	0	0	0	0	0	0.024	0	0	0.024	0	0	0	0	0	0	0	0	0	0.024	0	0.024	0.024	0	0	0.024	0	0.024	0	0	0	0	0	0	0	0	0	0	0	0	0	0	0.024	0	0	0	0.024	0	0	0	0	0	0
Edwardsiella_lineata	0	0	0	0	0	0	0	0	0	0	0	0	0	0	0	0	0	0	0	0	0	0	0	0	0	0	0	0	0	0	0	0	0	0		0	0	0	0	0	0	0	0	0	0	0	0	0	0	0	0	0	0	0	0	0	0	0	0	0	0	0	0	0	0	0	0	0	0	0	0	0	0	0	0	0	0	0	0	0	0	0	0	0	0	0	0	0	0	0	0	0	0	0	0	0	0
Ephydatia_muelleri	0	0	0	0	0	0	0	0	0	0	0	0	0	0	0	0	0	0	0	0	0	0	0	0	0	0	0	0	0	0	0	0	0	0	0		0	0	0	0	0	0	0	0	0	0	0	0	0	0	0	0	0	0	0	0	0	0	0	0	0	0	0	0	0	0	0	0	0	0	0	0	0	0	0	0	0	0	0	0	0	0	0	0	0	0	0	0	0	0	0	0	0	0	0	0	0
Euplectella_aspergillum	0	0	0	0	0	0	0	0	0	0	0	0	0	0	0	0	0	0	0	0	0	0	0	0	0	0	0	0	0	0	0	0	0	0	0	0		0	0	0	0	0	0	0	0	0	0	0	0	0	0	0	0	0	0	0	0	0	0	0	0	0	0	0	0	0	0	0	0	0	0	0	0	0	0	0	0	0	0	0	0	0	0	0	0	0	0	0	0	0	0	0	0	0	0	0	0
Euplokamis_dunlapae	0	0	0	0	0	0	0	0	0	0	0	0	0	0	0	0	0	0	0	0	0	0	0	0	0	0	0	0	0	0	0	0	0	0	0	0	0		0	0	0	0	0	0	0	0	0	0	0	0	0	0	0	0	0	0	0	0	0	0	0	0	0	0	0	0	0	0	0	0	0	0	0	0	0	0	0	0	0	0	0	0	0	0	0	0	0	0	0	0	0	0	0	0	0	0	0
Gorgonia_ventalina	0	0	0	0	0	0	0	0	0	0	0	0	0	0	0	0	0	0	0	0	0	0	0	0	0	0	0	0	0	0	0	0	0	0	0	0	0	0		0	0	0	0	0	0	0	0	0	0	0	0	0	0	0	0	0	0	0	0	0	0	0	0	0	0	0	0	0	0	0	0	0	0	0	0	0	0	0	0	0	0	0	0	0	0	0	0	0	0	0	0	0	0	0	0	0	0
Grantia_compressa	1	0	0	0.024	0.136	0.008	0	0.008	0.008	0	0.12	0.008	0	0	0.016	0.024	0.008	0.008	0	0.016	0	0.016	0.008	1	0.024	0.016	0.016	0.008	1	1	0	0	0.008	0.024	0	0	0	0	0		0	0	0.016	0.416	0	0	0	0.104	0.016	0	1	0	0	0.488	0	0.016	0.016	0.008	0	0.264	0	0.008	0	0.224	0	0.336	0.024	0	0.016	1	0	0.12	0.016	0	0.032	0.12	0	0.016	0	0.024	0	0	0.016	0.016	0	0.016	1	0	0	0.008	1	0.016	0.024	0.12	0	0.016	0.016
Helobdella_robusta	0	0	0	0	0	0	0	0	0	0	0	0	0	0	0	0	0	0	0	0	0	0	0	0	0	0	0	0	0	0	0	0	0	0	0	0	0	0	0	0		0	0	0	0	0	0	0	0	0	0	0	0	0	0	0	0	0	0	0	0	0	0	0	0	0	0	0	0	0	0	0	0	0	0	0	0	0	0	0	0	0	0	0	0	0	0	0	0	0	0	0	0	0	0	0	0
Homo_sapiens	0	0	0	0	0	0	0	0	0	0	0	0	0	0	0	0	0	0	0	0	0	0	0	0	0	0	0	0	0	0	0	0	0	0	0	0	0	0	0	0	0		0	0	0	0	0	0	0	0	0	0	0	0	0	0	0	0	0	0	0	0	0	0	0	0	0	0	0	0	0	0	0	0	0	0	0	0	0	0	0	0	0	0	0	0	0	0	0	0	0	0	0	0	0	0	0
Hormiphora_californensis	0.016	0	0	0	0	0	0	0.008	0.008	0	0	0.008	0	0	0.016	0.016	0.008	0.008	0	0.016	0	0.016	0.008	0.016	0.016	0.016	0.016	0.008	0.016	0.016	0	0	0.008	0	0	0	0	0	0	0.016	0	0		0.016	0	0	0	0.008	0.016	0	0.016	0	0	0.008	0	0.016	0.016	0.008	0	0.016	0	0.008	0	0	0	0	0	0	0.016	0.016	0	0.016	0.016	0	0.016	0.008	0	0.016	0	0.016	0	0	0.016	0.016	0	0.016	0.016	0	0	0.008	0.016	0.016	0.016	0.008	0	0.016	0.016
Hyalonema_populiferum	0.416	0	0	0.024	0.136	0.008	0	0.008	0.008	0	0.12	0.008	0	0	0.016	0.024	0.008	0.008	0	0.016	0	0.016	0.008	0.416	0.024	0.016	0.016	0.008	0.416	0.416	0	0	0.008	0.024	0	0	0	0	0	0.416	0	0	0.016		0	0	0	0.072	0.016	0	0.416	0	0	0.4	0	0.016	0.016	0.008	0	0.024	0	0.008	0	0.224	0	0.336	0.024	0	0.016	0.416	0	0.12	0.016	0	0.024	0.008	0	0.016	0	0.024	0	0	0.016	0.016	0	0.016	0.416	0	0	0.008	0.416	0.016	0.024	0.008	0	0.016	0.016
Hydra_magnipapillata	0	0	0	0	0	0	0	0	0	0	0	0	0	0	0	0	0	0	0	0	0	0	0	0	0	0	0	0	0	0	0	0	0	0	0	0	0	0	0	0	0	0	0	0		0	0	0	0	0	0	0	0	0	0	0	0	0	0	0	0	0	0	0	0	0	0	0	0	0	0	0	0	0	0	0	0	0	0	0	0	0	0	0	0	0	0	0	0	0	0	0	0	0	0	0	0
Hydractinia_polyclina	0	0	0	0	0	0	0	0	0	0	0	0	0	0	0	0	0	0	0	0	0	0	0	0	0	0	0	0	0	0	0	0	0	0	0	0	0	0	0	0	0	0	0	0	0		0	0	0	0	0	0	0	0	0	0	0	0	0	0	0	0	0	0	0	0	0	0	0	0	0	0	0	0	0	0	0	0	0	0	0	0	0	0	0	0	0	0	0	0	0	0	0	0	0	0	0
Ircinia_fasciculata	0	0	0	0	0	0	0	0	0	0	0	0	0	0	0	0	0	0	0	0	0	0	0	0	0	0	0	0	0	0	0	0	0	0	0	0	0	0	0	0	0	0	0	0	0	0		0	0	0	0	0	0	0	0	0	0	0	0	0	0	0	0	0	0	0	0	0	0	0	0	0	0	0	0	0	0	0	0	0	0	0	0	0	0	0	0	0	0	0	0	0	0	0	0	0	0
Ixodes_scapularis	0.104	0	0	0	0.04	0	0	0.008	0.008	0	0	0.008	0	0	0.008	0.008	0.008	0.008	0	0.008	0	0.008	0.008	0.104	0.008	0.008	0.008	0.008	0.104	0.104	0	0	0.008	0	0	0	0	0	0	0.104	0	0	0.008	0.072	0	0	0		0.008	0	0.104	0	0	0.096	0	0.008	0.008	0.008	0	0.008	0	0.008	0	0	0	0.008	0	0	0.008	0.104	0	0.008	0.008	0	0.008	0.008	0	0.008	0	0.008	0	0	0.008	0.008	0	0.008	0.104	0	0	0.008	0.104	0.008	0.008	0.008	0	0.008	0.008
Kirkpatrickia_variolosa	0.016	0	0	0	0	0	0	0.008	0.008	0	0	0.008	0	0	0.016	0.016	0.008	0.008	0	0.016	0	0.016	0.008	0.016	0.016	0.016	0.016	0.008	0.016	0.016	0	0	0.008	0	0	0	0	0	0	0.016	0	0	0.016	0.016	0	0	0	0.008		0	0.016	0	0	0.008	0	0.016	0.016	0.008	0	0.016	0	0.008	0	0	0	0	0	0	0.016	0.016	0	0.016	0.016	0	0.016	0.008	0	0.016	0	0.016	0	0	0.016	0.016	0	0.016	0.016	0	0	0.008	0.016	0.016	0.016	0.008	0	0.016	0.016
Lampea_pancerina	0	0	0	0	0	0	0	0	0	0	0	0	0	0	0	0	0	0	0	0	0	0	0	0	0	0	0	0	0	0	0	0	0	0	0	0	0	0	0	0	0	0	0	0	0	0	0	0	0		0	0	0	0	0	0	0	0	0	0	0	0	0	0	0	0	0	0	0	0	0	0	0	0	0	0	0	0	0	0	0	0	0	0	0	0	0	0	0	0	0	0	0	0	0	0	0
Latrunculia_apicalis	1	0	0	0.024	0.136	0.008	0	0.008	0.008	0	0.12	0.008	0	0	0.016	0.024	0.008	0.008	0	0.016	0	0.016	0.008	1	0.024	0.016	0.016	0.008	1	1	0	0	0.008	0.024	0	0	0	0	0	1	0	0	0.016	0.416	0	0	0	0.104	0.016	0		0	0	0.488	0	0.016	0.016	0.008	0	0.264	0	0.008	0	0.224	0	0.336	0.024	0	0.016	1	0	0.12	0.016	0	0.032	0.12	0	0.016	0	0.024	0	0	0.016	0.016	0	0.016	1	0	0	0.008	1	0.016	0.024	0.12	0	0.016	0.016
Leuconia_nivea	0	0	0	0	0	0	0	0	0	0	0	0	0	0	0	0	0	0	0	0	0	0	0	0	0	0	0	0	0	0	0	0	0	0	0	0	0	0	0	0	0	0	0	0	0	0	0	0	0	0	0		0	0	0	0	0	0	0	0	0	0	0	0	0	0	0	0	0	0	0	0	0	0	0	0	0	0	0	0	0	0	0	0	0	0	0	0	0	0	0	0	0	0	0	0	0
Leucosolenia_complicata	0	0	0	0	0	0	0	0	0	0	0	0	0	0	0	0	0	0	0	0	0	0	0	0	0	0	0	0	0	0	0	0	0	0	0	0	0	0	0	0	0	0	0	0	0	0	0	0	0	0	0	0		0	0	0	0	0	0	0	0	0	0	0	0	0	0	0	0	0	0	0	0	0	0	0	0	0	0	0	0	0	0	0	0	0	0	0	0	0	0	0	0	0	0	0	0
Liriope_tetraphylla	0.488	0	0	0.024	0.136	0.008	0	0.008	0.008	0	0.12	0.008	0	0	0.008	0.016	0.008	0.008	0	0.008	0	0.008	0.008	0.488	0.016	0.008	0.008	0.008	0.488	0.488	0	0	0.008	0.024	0	0	0	0	0	0.488	0	0	0.008	0.4	0	0	0	0.096	0.008	0	0.488	0	0		0	0.008	0.008	0.008	0	0.008	0	0.008	0	0.224	0	0.336	0.024	0	0.008	0.488	0	0.112	0.008	0	0.008	0.008	0	0.008	0	0.008	0	0	0.008	0.008	0	0.008	0.488	0	0	0.008	0.488	0.008	0.008	0.008	0	0.008	0.008
Lucernariopsis_campanulata	0	0	0	0	0	0	0	0	0	0	0	0	0	0	0	0	0	0	0	0	0	0	0	0	0	0	0	0	0	0	0	0	0	0	0	0	0	0	0	0	0	0	0	0	0	0	0	0	0	0	0	0	0	0		0	0	0	0	0	0	0	0	0	0	0	0	0	0	0	0	0	0	0	0	0	0	0	0	0	0	0	0	0	0	0	0	0	0	0	0	0	0	0	0	0	0
Ministeria_vibrans	0.016	0	0	0	0	0	0	0.008	0.008	0	0	0.008	0	0	0.016	0.016	0.008	0.008	0	0.016	0	0.016	0.008	0.016	0.016	0.016	0.016	0.008	0.016	0.016	0	0	0.008	0	0	0	0	0	0	0.016	0	0	0.016	0.016	0	0	0	0.008	0.016	0	0.016	0	0	0.008	0		0.016	0.008	0	0.016	0	0.008	0	0	0	0	0	0	0.016	0.016	0	0.016	0.016	0	0.016	0.008	0	0.016	0	0.016	0	0	0.016	0.016	0	0.016	0.016	0	0	0.008	0.016	0.016	0.016	0.008	0	0.016	0.016
Mnemiopsis_leidyi	0.016	0	0	0	0	0	0	0.008	0.008	0	0	0.008	0	0	0.016	0.016	0.008	0.008	0	0.016	0	0.016	0.008	0.016	0.016	0.016	0.016	0.008	0.016	0.016	0	0	0.008	0	0	0	0	0	0	0.016	0	0	0.016	0.016	0	0	0	0.008	0.016	0	0.016	0	0	0.008	0	0.016		0.008	0	0.016	0	0.008	0	0	0	0	0	0	0.016	0.016	0	0.016	0.016	0	0.016	0.008	0	0.016	0	0.016	0	0	0.016	0.016	0	0.016	0.016	0	0	0.008	0.016	0.016	0.016	0.008	0	0.016	0.016
Monosiga_brevicollis_mx1	0.008	0	0	0	0	0	0	0.008	0.008	0	0	0.008	0	0	0.008	0.008	0.008	0.008	0	0.008	0	0.008	0.008	0.008	0.008	0.008	0.008	0.008	0.008	0.008	0	0	0.008	0	0	0	0	0	0	0.008	0	0	0.008	0.008	0	0	0	0.008	0.008	0	0.008	0	0	0.008	0	0.008	0.008		0	0.008	0	0.008	0	0	0	0	0	0	0.008	0.008	0	0.008	0.008	0	0.008	0.008	0	0.008	0	0.008	0	0	0.008	0.008	0	0.008	0.008	0	0	0.008	0.008	0.008	0.008	0.008	0	0.008	0.008
Montastraea_faveolata	0	0	0	0	0	0	0	0	0	0	0	0	0	0	0	0	0	0	0	0	0	0	0	0	0	0	0	0	0	0	0	0	0	0	0	0	0	0	0	0	0	0	0	0	0	0	0	0	0	0	0	0	0	0	0	0	0	0		0	0	0	0	0	0	0	0	0	0	0	0	0	0	0	0	0	0	0	0	0	0	0	0	0	0	0	0	0	0	0	0	0	0	0	0	0	0
Mycale_phyllophila	0.264	0	0	0	0	0	0	0.008	0.008	0	0	0.008	0	0	0.016	0.016	0.008	0.008	0	0.016	0	0.016	0.008	0.264	0.016	0.016	0.016	0.008	0.264	0.264	0	0	0.008	0	0	0	0	0	0	0.264	0	0	0.016	0.024	0	0	0	0.008	0.016	0	0.264	0	0	0.008	0	0.016	0.016	0.008	0		0	0.008	0	0	0	0	0	0	0.016	0.264	0	0.016	0.016	0	0.032	0.12	0	0.016	0	0.024	0	0	0.016	0.016	0	0.016	0.264	0	0	0.008	0.264	0.016	0.024	0.008	0	0.016	0.016
Mylnosiga_fluctuans_19	0	0	0	0	0	0	0	0	0	0	0	0	0	0	0	0	0	0	0	0	0	0	0	0	0	0	0	0	0	0	0	0	0	0	0	0	0	0	0	0	0	0	0	0	0	0	0	0	0	0	0	0	0	0	0	0	0	0	0	0		0	0	0	0	0	0	0	0	0	0	0	0	0	0	0	0	0	0	0	0	0	0	0	0	0	0	0	0	0	0	0	0	0	0	0	0
Nanomia_bijuga	0.008	0	0	0	0	0	0	0.008	0.008	0	0	0.008	0	0	0.008	0.008	0.008	0.008	0	0.008	0	0.008	0.008	0.008	0.008	0.008	0.008	0.008	0.008	0.008	0	0	0.008	0	0	0	0	0	0	0.008	0	0	0.008	0.008	0	0	0	0.008	0.008	0	0.008	0	0	0.008	0	0.008	0.008	0.008	0	0.008	0		0	0	0	0	0	0	0.008	0.008	0	0.008	0.008	0	0.008	0.008	0	0.008	0	0.008	0	0	0.008	0.008	0	0.008	0.008	0	0	0.008	0.008	0.008	0.008	0.008	0	0.008	0.008
Nematostella_vectensis	0	0	0	0	0	0	0	0	0	0	0	0	0	0	0	0	0	0	0	0	0	0	0	0	0	0	0	0	0	0	0	0	0	0	0	0	0	0	0	0	0	0	0	0	0	0	0	0	0	0	0	0	0	0	0	0	0	0	0	0	0	0		0	0	0	0	0	0	0	0	0	0	0	0	0	0	0	0	0	0	0	0	0	0	0	0	0	0	0	0	0	0	0	0	0	0
Oscarella_carmela	0.224	0	0	0.024	0.024	0.008	0	0	0	0	0.12	0	0	0	0	0.008	0	0	0	0	0	0	0	0.224	0.008	0	0	0	0.224	0.224	0	0	0	0.024	0	0	0	0	0	0.224	0	0	0	0.224	0	0	0	0	0	0	0.224	0	0	0.224	0	0	0	0	0	0	0	0	0		0	0.224	0.024	0	0	0.224	0	0.104	0	0	0	0	0	0	0	0	0	0	0	0	0	0	0.224	0	0	0	0.224	0	0	0	0	0	0
Oscarella_species	0	0	0	0	0	0	0	0	0	0	0	0	0	0	0	0	0	0	0	0	0	0	0	0	0	0	0	0	0	0	0	0	0	0	0	0	0	0	0	0	0	0	0	0	0	0	0	0	0	0	0	0	0	0	0	0	0	0	0	0	0	0	0	0		0	0	0	0	0	0	0	0	0	0	0	0	0	0	0	0	0	0	0	0	0	0	0	0	0	0	0	0	0	0	0	0
Pelagia_noctiluca	0.336	0	0	0.024	0.104	0.008	0	0	0	0	0.12	0	0	0	0	0.008	0	0	0	0	0	0	0	0.336	0.008	0	0	0	0.336	0.336	0	0	0	0.024	0	0	0	0	0	0.336	0	0	0	0.336	0	0	0	0.008	0	0	0.336	0	0	0.336	0	0	0	0	0	0	0	0	0	0.224	0		0.024	0	0	0.336	0	0.104	0	0	0	0	0	0	0	0	0	0	0	0	0	0	0.336	0	0	0	0.336	0	0	0	0	0	0
Pennatula_rubra	0.024	0	0	0.024	0.024	0.008	0	0	0	0	0.024	0	0	0	0	0.008	0	0	0	0	0	0	0	0.024	0.008	0	0	0	0.024	0.024	0	0	0	0.024	0	0	0	0	0	0.024	0	0	0	0.024	0	0	0	0	0	0	0.024	0	0	0.024	0	0	0	0	0	0	0	0	0	0.024	0	0.024		0	0	0.024	0	0.024	0	0	0	0	0	0	0	0	0	0	0	0	0	0	0.024	0	0	0	0.024	0	0	0	0	0	0
Periphylla_periphylla	0	0	0	0	0	0	0	0	0	0	0	0	0	0	0	0	0	0	0	0	0	0	0	0	0	0	0	0	0	0	0	0	0	0	0	0	0	0	0	0	0	0	0	0	0	0	0	0	0	0	0	0	0	0	0	0	0	0	0	0	0	0	0	0	0	0	0		0	0	0	0	0	0	0	0	0	0	0	0	0	0	0	0	0	0	0	0	0	0	0	0	0	0	0	0	0
Petrosia_ficiformis	0.016	0	0	0	0	0	0	0.008	0.008	0	0	0.008	0	0	0.016	0.016	0.008	0.008	0	0.016	0	0.016	0.008	0.016	0.016	0.016	0.016	0.008	0.016	0.016	0	0	0.008	0	0	0	0	0	0	0.016	0	0	0.016	0.016	0	0	0	0.008	0.016	0	0.016	0	0	0.008	0	0.016	0.016	0.008	0	0.016	0	0.008	0	0	0	0	0	0		0.016	0	0.016	0.016	0	0.016	0.008	0	0.016	0	0.016	0	0	0.016	0.016	0	0.016	0.016	0	0	0.008	0.016	0.016	0.016	0.008	0	0.016	0.016
Pirum_gemmata	1	0	0	0.024	0.136	0.008	0	0.008	0.008	0	0.12	0.008	0	0	0.016	0.024	0.008	0.008	0	0.016	0	0.016	0.008	1	0.024	0.016	0.016	0.008	1	1	0	0	0.008	0.024	0	0	0	0	0	1	0	0	0.016	0.416	0	0	0	0.104	0.016	0	1	0	0	0.488	0	0.016	0.016	0.008	0	0.264	0	0.008	0	0.224	0	0.336	0.024	0	0.016		0	0.12	0.016	0	0.032	0.12	0	0.016	0	0.024	0	0	0.016	0.016	0	0.016	1	0	0	0.008	1	0.016	0.024	0.12	0	0.016	0.016
Plakina_jani	0	0	0	0	0	0	0	0	0	0	0	0	0	0	0	0	0	0	0	0	0	0	0	0	0	0	0	0	0	0	0	0	0	0	0	0	0	0	0	0	0	0	0	0	0	0	0	0	0	0	0	0	0	0	0	0	0	0	0	0	0	0	0	0	0	0	0	0	0	0		0	0	0	0	0	0	0	0	0	0	0	0	0	0	0	0	0	0	0	0	0	0	0	0	0	0
Pleraplysilla_spinifera	0.12	0	0	0.024	0.024	0.008	0	0.008	0.008	0	0.104	0.008	0	0	0.016	0.024	0.008	0.008	0	0.016	0	0.016	0.008	0.12	0.024	0.016	0.016	0.008	0.12	0.12	0	0	0.008	0.024	0	0	0	0	0	0.12	0	0	0.016	0.12	0	0	0	0.008	0.016	0	0.12	0	0	0.112	0	0.016	0.016	0.008	0	0.016	0	0.008	0	0.104	0	0.104	0.024	0	0.016	0.12	0		0.016	0	0.016	0.008	0	0.016	0	0.016	0	0	0.016	0.016	0	0.016	0.12	0	0	0.008	0.12	0.016	0.016	0.008	0	0.016	0.016
Pleurobrachia_species	0.016	0	0	0	0	0	0	0.008	0.008	0	0	0.008	0	0	0.016	0.016	0.008	0.008	0	0.016	0	0.016	0.008	0.016	0.016	0.016	0.016	0.008	0.016	0.016	0	0	0.008	0	0	0	0	0	0	0.016	0	0	0.016	0.016	0	0	0	0.008	0.016	0	0.016	0	0	0.008	0	0.016	0.016	0.008	0	0.016	0	0.008	0	0	0	0	0	0	0.016	0.016	0	0.016		0	0.016	0.008	0	0.016	0	0.016	0	0	0.016	0.016	0	0.016	0.016	0	0	0.008	0.016	0.016	0.016	0.008	0	0.016	0.016
Plumapathes_pennacea	0	0	0	0	0	0	0	0	0	0	0	0	0	0	0	0	0	0	0	0	0	0	0	0	0	0	0	0	0	0	0	0	0	0	0	0	0	0	0	0	0	0	0	0	0	0	0	0	0	0	0	0	0	0	0	0	0	0	0	0	0	0	0	0	0	0	0	0	0	0	0	0	0		0	0	0	0	0	0	0	0	0	0	0	0	0	0	0	0	0	0	0	0	0	0	0
Porites_australiensis	0.032	0	0	0	0	0	0	0.008	0.008	0	0	0.008	0	0	0.016	0.016	0.008	0.008	0	0.016	0	0.016	0.008	0.032	0.016	0.016	0.016	0.008	0.032	0.032	0	0	0.008	0	0	0	0	0	0	0.032	0	0	0.016	0.024	0	0	0	0.008	0.016	0	0.032	0	0	0.008	0	0.016	0.016	0.008	0	0.032	0	0.008	0	0	0	0	0	0	0.016	0.032	0	0.016	0.016	0		0.008	0	0.016	0	0.024	0	0	0.016	0.016	0	0.016	0.032	0	0	0.008	0.032	0.016	0.024	0.008	0	0.016	0.016
Rossella_fibulata	0.12	0	0	0	0	0	0	0.008	0.008	0	0	0.008	0	0	0.008	0.008	0.008	0.008	0	0.008	0	0.008	0.008	0.12	0.008	0.008	0.008	0.008	0.12	0.12	0	0	0.008	0	0	0	0	0	0	0.12	0	0	0.008	0.008	0	0	0	0.008	0.008	0	0.12	0	0	0.008	0	0.008	0.008	0.008	0	0.12	0	0.008	0	0	0	0	0	0	0.008	0.12	0	0.008	0.008	0	0.008		0	0.008	0	0.008	0	0	0.008	0.008	0	0.008	0.12	0	0	0.008	0.12	0.008	0.008	0.008	0	0.008	0.008
Saccoglossus_kowalevskii	0	0	0	0	0	0	0	0	0	0	0	0	0	0	0	0	0	0	0	0	0	0	0	0	0	0	0	0	0	0	0	0	0	0	0	0	0	0	0	0	0	0	0	0	0	0	0	0	0	0	0	0	0	0	0	0	0	0	0	0	0	0	0	0	0	0	0	0	0	0	0	0	0	0	0	0		0	0	0	0	0	0	0	0	0	0	0	0	0	0	0	0	0	0	0	0
Salpingoeca_dolichothecata_16	0.016	0	0	0	0	0	0	0.008	0.008	0	0	0.008	0	0	0.016	0.016	0.008	0.008	0	0.016	0	0.016	0.008	0.016	0.016	0.016	0.016	0.008	0.016	0.016	0	0	0.008	0	0	0	0	0	0	0.016	0	0	0.016	0.016	0	0	0	0.008	0.016	0	0.016	0	0	0.008	0	0.016	0.016	0.008	0	0.016	0	0.008	0	0	0	0	0	0	0.016	0.016	0	0.016	0.016	0	0.016	0.008	0		0	0.016	0	0	0.016	0.016	0	0.016	0.016	0	0	0.008	0.016	0.016	0.016	0.008	0	0.016	0.016
Salpingoeca_helianthica_18	0	0	0	0	0	0	0	0	0	0	0	0	0	0	0	0	0	0	0	0	0	0	0	0	0	0	0	0	0	0	0	0	0	0	0	0	0	0	0	0	0	0	0	0	0	0	0	0	0	0	0	0	0	0	0	0	0	0	0	0	0	0	0	0	0	0	0	0	0	0	0	0	0	0	0	0	0	0		0	0	0	0	0	0	0	0	0	0	0	0	0	0	0	0	0	0
Salpingoeca_infusionum_12	0.024	0	0	0	0	0	0	0.008	0.008	0	0	0.008	0	0	0.016	0.016	0.008	0.008	0	0.016	0	0.016	0.008	0.024	0.016	0.016	0.016	0.008	0.024	0.024	0	0	0.008	0	0	0	0	0	0	0.024	0	0	0.016	0.024	0	0	0	0.008	0.016	0	0.024	0	0	0.008	0	0.016	0.016	0.008	0	0.024	0	0.008	0	0	0	0	0	0	0.016	0.024	0	0.016	0.016	0	0.024	0.008	0	0.016	0		0	0	0.016	0.016	0	0.016	0.024	0	0	0.008	0.024	0.016	0.024	0.008	0	0.016	0.016
Salpingoeca_macrocollata_06	0	0	0	0	0	0	0	0	0	0	0	0	0	0	0	0	0	0	0	0	0	0	0	0	0	0	0	0	0	0	0	0	0	0	0	0	0	0	0	0	0	0	0	0	0	0	0	0	0	0	0	0	0	0	0	0	0	0	0	0	0	0	0	0	0	0	0	0	0	0	0	0	0	0	0	0	0	0	0	0		0	0	0	0	0	0	0	0	0	0	0	0	0	0	0	0
Salpingoeca_punica_03	0	0	0	0	0	0	0	0	0	0	0	0	0	0	0	0	0	0	0	0	0	0	0	0	0	0	0	0	0	0	0	0	0	0	0	0	0	0	0	0	0	0	0	0	0	0	0	0	0	0	0	0	0	0	0	0	0	0	0	0	0	0	0	0	0	0	0	0	0	0	0	0	0	0	0	0	0	0	0	0	0		0	0	0	0	0	0	0	0	0	0	0	0	0	0	0
Salpingoeca_qvevrii_09	0.016	0	0	0	0	0	0	0.008	0.008	0	0	0.008	0	0	0.016	0.016	0.008	0.008	0	0.016	0	0.016	0.008	0.016	0.016	0.016	0.016	0.008	0.016	0.016	0	0	0.008	0	0	0	0	0	0	0.016	0	0	0.016	0.016	0	0	0	0.008	0.016	0	0.016	0	0	0.008	0	0.016	0.016	0.008	0	0.016	0	0.008	0	0	0	0	0	0	0.016	0.016	0	0.016	0.016	0	0.016	0.008	0	0.016	0	0.016	0	0		0.016	0	0.016	0.016	0	0	0.008	0.016	0.016	0.016	0.008	0	0.016	0.016
Salpingoeca_roanoka_13	0.016	0	0	0	0	0	0	0.008	0.008	0	0	0.008	0	0	0.016	0.016	0.008	0.008	0	0.016	0	0.016	0.008	0.016	0.016	0.016	0.016	0.008	0.016	0.016	0	0	0.008	0	0	0	0	0	0	0.016	0	0	0.016	0.016	0	0	0	0.008	0.016	0	0.016	0	0	0.008	0	0.016	0.016	0.008	0	0.016	0	0.008	0	0	0	0	0	0	0.016	0.016	0	0.016	0.016	0	0.016	0.008	0	0.016	0	0.016	0	0	0.016		0	0.016	0.016	0	0	0.008	0.016	0.016	0.016	0.008	0	0.016	0.016
Salpingoeca_rosetta	0	0	0	0	0	0	0	0	0	0	0	0	0	0	0	0	0	0	0	0	0	0	0	0	0	0	0	0	0	0	0	0	0	0	0	0	0	0	0	0	0	0	0	0	0	0	0	0	0	0	0	0	0	0	0	0	0	0	0	0	0	0	0	0	0	0	0	0	0	0	0	0	0	0	0	0	0	0	0	0	0	0	0	0		0	0	0	0	0	0	0	0	0	0	0	0
Salpingoeca_urceolata_04	0.016	0	0	0	0	0	0	0.008	0.008	0	0	0.008	0	0	0.016	0.016	0.008	0.008	0	0.016	0	0.016	0.008	0.016	0.016	0.016	0.016	0.008	0.016	0.016	0	0	0.008	0	0	0	0	0	0	0.016	0	0	0.016	0.016	0	0	0	0.008	0.016	0	0.016	0	0	0.008	0	0.016	0.016	0.008	0	0.016	0	0.008	0	0	0	0	0	0	0.016	0.016	0	0.016	0.016	0	0.016	0.008	0	0.016	0	0.016	0	0	0.016	0.016	0		0.016	0	0	0.008	0.016	0.016	0.016	0.008	0	0.016	0.016
Sphaeroforma_arctica_JP610	1	0	0	0.024	0.136	0.008	0	0.008	0.008	0	0.12	0.008	0	0	0.016	0.024	0.008	0.008	0	0.016	0	0.016	0.008	1	0.024	0.016	0.016	0.008	1	1	0	0	0.008	0.024	0	0	0	0	0	1	0	0	0.016	0.416	0	0	0	0.104	0.016	0	1	0	0	0.488	0	0.016	0.016	0.008	0	0.264	0	0.008	0	0.224	0	0.336	0.024	0	0.016	1	0	0.12	0.016	0	0.032	0.12	0	0.016	0	0.024	0	0	0.016	0.016	0	0.016		0	0	0.008	1	0.016	0.024	0.12	0	0.016	0.016
Spongilla_lacustris	0	0	0	0	0	0	0	0	0	0	0	0	0	0	0	0	0	0	0	0	0	0	0	0	0	0	0	0	0	0	0	0	0	0	0	0	0	0	0	0	0	0	0	0	0	0	0	0	0	0	0	0	0	0	0	0	0	0	0	0	0	0	0	0	0	0	0	0	0	0	0	0	0	0	0	0	0	0	0	0	0	0	0	0	0	0	0		0	0	0	0	0	0	0	0	0
Stephanoeca_diplocostata_AUFR	0	0	0	0	0	0	0	0	0	0	0	0	0	0	0	0	0	0	0	0	0	0	0	0	0	0	0	0	0	0	0	0	0	0	0	0	0	0	0	0	0	0	0	0	0	0	0	0	0	0	0	0	0	0	0	0	0	0	0	0	0	0	0	0	0	0	0	0	0	0	0	0	0	0	0	0	0	0	0	0	0	0	0	0	0	0	0	0		0	0	0	0	0	0	0	0
Stomolophus_meleagris	0.008	0	0	0	0	0	0	0.008	0.008	0	0	0.008	0	0	0.008	0.008	0.008	0.008	0	0.008	0	0.008	0.008	0.008	0.008	0.008	0.008	0.008	0.008	0.008	0	0	0.008	0	0	0	0	0	0	0.008	0	0	0.008	0.008	0	0	0	0.008	0.008	0	0.008	0	0	0.008	0	0.008	0.008	0.008	0	0.008	0	0.008	0	0	0	0	0	0	0.008	0.008	0	0.008	0.008	0	0.008	0.008	0	0.008	0	0.008	0	0	0.008	0.008	0	0.008	0.008	0	0		0.008	0.008	0.008	0.008	0	0.008	0.008
Strongylocentrotus_purpuratus	1	0	0	0.024	0.136	0.008	0	0.008	0.008	0	0.12	0.008	0	0	0.016	0.024	0.008	0.008	0	0.016	0	0.016	0.008	1	0.024	0.016	0.016	0.008	1	1	0	0	0.008	0.024	0	0	0	0	0	1	0	0	0.016	0.416	0	0	0	0.104	0.016	0	1	0	0	0.488	0	0.016	0.016	0.008	0	0.264	0	0.008	0	0.224	0	0.336	0.024	0	0.016	1	0	0.12	0.016	0	0.032	0.12	0	0.016	0	0.024	0	0	0.016	0.016	0	0.016	1	0	0	0.008		0.016	0.024	0.12	0	0.016	0.016
Sycon_ciliatum	0.016	0	0	0	0	0	0	0.008	0.008	0	0	0.008	0	0	0.016	0.016	0.008	0.008	0	0.016	0	0.016	0.008	0.016	0.016	0.016	0.016	0.008	0.016	0.016	0	0	0.008	0	0	0	0	0	0	0.016	0	0	0.016	0.016	0	0	0	0.008	0.016	0	0.016	0	0	0.008	0	0.016	0.016	0.008	0	0.016	0	0.008	0	0	0	0	0	0	0.016	0.016	0	0.016	0.016	0	0.016	0.008	0	0.016	0	0.016	0	0	0.016	0.016	0	0.016	0.016	0	0	0.008	0.016		0.016	0.008	0	0.016	0.016
Sycon_coactum	0.024	0	0	0	0	0	0	0.008	0.008	0	0	0.008	0	0	0.016	0.016	0.008	0.008	0	0.016	0	0.016	0.008	0.024	0.016	0.016	0.016	0.008	0.024	0.024	0	0	0.008	0	0	0	0	0	0	0.024	0	0	0.016	0.024	0	0	0	0.008	0.016	0	0.024	0	0	0.008	0	0.016	0.016	0.008	0	0.024	0	0.008	0	0	0	0	0	0	0.016	0.024	0	0.016	0.016	0	0.024	0.008	0	0.016	0	0.024	0	0	0.016	0.016	0	0.016	0.024	0	0	0.008	0.024	0.016		0.008	0	0.016	0.016
Sympagella_nux	0.12	0	0	0	0	0	0	0.008	0.008	0	0	0.008	0	0	0.008	0.008	0.008	0.008	0	0.008	0	0.008	0.008	0.12	0.008	0.008	0.008	0.008	0.12	0.12	0	0	0.008	0	0	0	0	0	0	0.12	0	0	0.008	0.008	0	0	0	0.008	0.008	0	0.12	0	0	0.008	0	0.008	0.008	0.008	0	0.008	0	0.008	0	0	0	0	0	0	0.008	0.12	0	0.008	0.008	0	0.008	0.008	0	0.008	0	0.008	0	0	0.008	0.008	0	0.008	0.12	0	0	0.008	0.12	0.008	0.008		0	0.008	0.008
Tribolium_castaneum	0	0	0	0	0	0	0	0	0	0	0	0	0	0	0	0	0	0	0	0	0	0	0	0	0	0	0	0	0	0	0	0	0	0	0	0	0	0	0	0	0	0	0	0	0	0	0	0	0	0	0	0	0	0	0	0	0	0	0	0	0	0	0	0	0	0	0	0	0	0	0	0	0	0	0	0	0	0	0	0	0	0	0	0	0	0	0	0	0	0	0	0	0	0		0	0
Trichoplax_adhaerens	0.016	0	0	0	0	0	0	0.008	0.008	0	0	0.008	0	0	0.016	0.016	0.008	0.008	0	0.016	0	0.016	0.008	0.016	0.016	0.016	0.016	0.008	0.016	0.016	0	0	0.008	0	0	0	0	0	0	0.016	0	0	0.016	0.016	0	0	0	0.008	0.016	0	0.016	0	0	0.008	0	0.016	0.016	0.008	0	0.016	0	0.008	0	0	0	0	0	0	0.016	0.016	0	0.016	0.016	0	0.016	0.008	0	0.016	0	0.016	0	0	0.016	0.016	0	0.016	0.016	0	0	0.008	0.016	0.016	0.016	0.008	0		0.016
Vallicula_multiformis	0.016	0	0	0	0	0	0	0.008	0.008	0	0	0.008	0	0	0.016	0.016	0.008	0.008	0	0.016	0	0.016	0.008	0.016	0.016	0.016	0.016	0.008	0.016	0.016	0	0	0.008	0	0	0	0	0	0	0.016	0	0	0.016	0.016	0	0	0	0.008	0.016	0	0.016	0	0	0.008	0	0.016	0.016	0.008	0	0.016	0	0.008	0	0	0	0	0	0	0.016	0.016	0	0.016	0.016	0	0.016	0.008	0	0.016	0	0.016	0	0	0.016	0.016	0	0.016	0.016	0	0	0.008	0.016	0.016	0.016	0.008	0	0.016	
