	Abeoforma_whisleri	Acanthoeca_sp_10tr	Acanthoeca_spectabilis_VA_02	Aiptasia_pallida	Alatina_alata	Amoebidium_parasiticum_JAP72	Amphimedon_queenslandica	Antipathes_caribbeana	Aphrocallistes_vastus	Aplysia_californica	Atolla_vanhoeffeni	Aurelia_aurita	Beroe_abyssicola	Beroe_sp	Bolinopsis_infundibulum	Bolocera_tuedia	Branchiostoma_floridae	Capitella_teleta	Capsaspora_owczarzaki_atcc30864	Cestum_veneris	Choanoeca_perplexa_11	Chondrilla_nucula	Clathrina_coriacea	Clytia_hemisphaerica	Codosiga_hollandica_17	Coeloplana_species	Corticium_candelabrum	Craspedacusta_sowerbyi	Crassostrea_gigas	Creolimax_fragrantissima	Daphnia_pulex	Diaphanoeca_grandis_RI_01	Didymoeca_costata_10	Dryodora_glandiformis	Edwardsiella_lineata	Ephydatia_muelleri	Euplectella_aspergillum	Euplokamis_dunlapae	Gorgonia_ventalina	Grantia_compressa	Helobdella_robusta	Homo_sapiens	Hormiphora_californensis	Hyalonema_populiferum	Hydra_magnipapillata	Hydractinia_polyclina	Ircinia_fasciculata	Ixodes_scapularis	Kirkpatrickia_variolosa	Lampea_pancerina	Latrunculia_apicalis	Leuconia_nivea	Leucosolenia_complicata	Liriope_tetraphylla	Lucernariopsis_campanulata	Ministeria_vibrans	Mnemiopsis_leidyi	Monosiga_brevicollis_mx1	Montastraea_faveolata	Mycale_phyllophila	Mylnosiga_fluctuans_19	Nanomia_bijuga	Nematostella_vectensis	Oscarella_carmela	Oscarella_species	Pelagia_noctiluca	Pennatula_rubra	Periphylla_periphylla	Petrosia_ficiformis	Pirum_gemmata	Plakina_jani	Pleraplysilla_spinifera	Pleurobrachia_species	Plumapathes_pennacea	Porites_australiensis	Rossella_fibulata	Saccoglossus_kowalevskii	Salpingoeca_dolichothecata_16	Salpingoeca_helianthica_18	Salpingoeca_infusionum_12	Salpingoeca_macrocollata_06	Salpingoeca_punica_03	Salpingoeca_qvevrii_09	Salpingoeca_roanoka_13	Salpingoeca_rosetta	Salpingoeca_urceolata_04	Sphaeroforma_arctica_JP610	Spongilla_lacustris	Stephanoeca_diplocostata_AUFR	Stomolophus_meleagris	Strongylocentrotus_purpuratus	Sycon_ciliatum	Sycon_coactum	Sympagella_nux	Tribolium_castaneum	Trichoplax_adhaerens	Vallicula_multiformis
Abeoforma_whisleri		0	0	0	0	0	0	0	0	0	0	0	0	0	0	0	0	0	0	0	0	0	0	0	0	0	0	0	0	0	0	0	0	0	0	0	0	0	0	0	0	0	0	0	0	0	0	0	0	0	0	0	0	0	0	0	0	0	0	0	0	0	0	0	0	0	0	0	0	0	0	0	0	0	0	0	0	0	0	0	0	0	0	0	0	0	0	0	0	0	0	0	0	0	0	0	0
Acanthoeca_sp_10tr	0		0	0	0	0	0	0	0	0	0	0	0	0	0	0	0	0	0	0	0	0	0	0	0	0	0	0	0	0	0	0	0	0	0	0	0	0	0	0	0	0	0	0	0	0	0	0	0	0	0	0	0	0	0	0	0	0	0	0	0	0	0	0	0	0	0	0	0	0	0	0	0	0	0	0	0	0	0	0	0	0	0	0	0	0	0	0	0	0	0	0	0	0	0	0	0
Acanthoeca_spectabilis_VA_02	0	0		0	0	0	0	0	0	0	0	0	0	0	0	0	0	0	0	0	0	0	0	0	0	0	0	0	0	0	0	0	0	0	0	0	0	0	0	0	0	0	0	0	0	0	0	0	0	0	0	0	0	0	0	0	0	0	0	0	0	0	0	0	0	0	0	0	0	0	0	0	0	0	0	0	0	0	0	0	0	0	0	0	0	0	0	0	0	0	0	0	0	0	0	0	0
Aiptasia_pallida	0	0	0		0	0	0	0	0	0	0	0	0	0	0	0	0	0	0	0	0	0	0	0	0	0	0	0	0	0	0	0	0	0	0	0	0	0	0	0	0	0	0	0	0	0	0	0	0	0	0	0	0	0	0	0	0	0	0	0	0	0	0	0	0	0	0	0	0	0	0	0	0	0	0	0	0	0	0	0	0	0	0	0	0	0	0	0	0	0	0	0	0	0	0	0	0
Alatina_alata	0	0	0	0		0	1	0	0	1	0.772727272727273	0.532467532467532	0.993506493506494	0	0	0	0.467532467532468	1	0.785714285714286	0	0.922077922077922	0	1	0.155844155844156	0	0.792207792207792	0.636363636363636	1	0.974025974025974	0	0	0.655844155844156	0.850649350649351	0.12987012987013	0	0.402597402597403	0	0	0	0.993506493506494	0	0.974025974025974	0.993506493506494	0	0.467532467532468	0.941558441558442	0.857142857142857	0.987012987012987	1	0.954545454545455	1	1	1	1	1	0	0.961038961038961	0	1	1	0	0.227272727272727	0	0.649350649350649	1	0.805194805194805	0	0.902597402597403	0.772727272727273	0	0.980519480519481	0.863636363636364	0.987012987012987	0	1	0	1	0.961038961038961	0	0	0.967532467532468	0	0	0.844155844155844	0.948051948051948	0.961038961038961	0	0.746753246753247	0.662337662337662	1	0.766233766233766	0.987012987012987	0.941558441558442	0	1	1	0.987012987012987
Amoebidium_parasiticum_JAP72	0	0	0	0	0		0	0	0	0	0	0	0	0	0	0	0	0	0	0	0	0	0	0	0	0	0	0	0	0	0	0	0	0	0	0	0	0	0	0	0	0	0	0	0	0	0	0	0	0	0	0	0	0	0	0	0	0	0	0	0	0	0	0	0	0	0	0	0	0	0	0	0	0	0	0	0	0	0	0	0	0	0	0	0	0	0	0	0	0	0	0	0	0	0	0	0
Amphimedon_queenslandica	0	0	0	0	1	0		0	0	1	0.772727272727273	0.532467532467532	0.993506493506494	0	0	0	0.467532467532468	1	0.785714285714286	0	0.922077922077922	0	1	0.155844155844156	0	0.792207792207792	0.636363636363636	1	0.974025974025974	0	0	0.655844155844156	0.850649350649351	0.12987012987013	0	0.402597402597403	0	0	0	0.993506493506494	0	0.974025974025974	0.993506493506494	0	0.467532467532468	0.941558441558442	0.857142857142857	0.987012987012987	1	0.954545454545455	1	1	1	1	1	0	0.961038961038961	0	1	1	0	0.227272727272727	0	0.649350649350649	1	0.805194805194805	0	0.902597402597403	0.772727272727273	0	0.980519480519481	0.863636363636364	0.987012987012987	0	1	0	1	0.961038961038961	0	0	0.967532467532468	0	0	0.844155844155844	0.948051948051948	0.961038961038961	0	0.746753246753247	0.662337662337662	1	0.766233766233766	0.987012987012987	0.941558441558442	0	1	1	0.987012987012987
Antipathes_caribbeana	0	0	0	0	0	0	0		0	0	0	0	0	0	0	0	0	0	0	0	0	0	0	0	0	0	0	0	0	0	0	0	0	0	0	0	0	0	0	0	0	0	0	0	0	0	0	0	0	0	0	0	0	0	0	0	0	0	0	0	0	0	0	0	0	0	0	0	0	0	0	0	0	0	0	0	0	0	0	0	0	0	0	0	0	0	0	0	0	0	0	0	0	0	0	0	0
Aphrocallistes_vastus	0	0	0	0	0	0	0	0		0	0	0	0	0	0	0	0	0	0	0	0	0	0	0	0	0	0	0	0	0	0	0	0	0	0	0	0	0	0	0	0	0	0	0	0	0	0	0	0	0	0	0	0	0	0	0	0	0	0	0	0	0	0	0	0	0	0	0	0	0	0	0	0	0	0	0	0	0	0	0	0	0	0	0	0	0	0	0	0	0	0	0	0	0	0	0	0
Aplysia_californica	0	0	0	0	1	0	1	0	0		0.772727272727273	0.532467532467532	0.993506493506494	0	0	0	0.467532467532468	1	0.785714285714286	0	0.922077922077922	0	1	0.155844155844156	0	0.792207792207792	0.636363636363636	1	0.974025974025974	0	0	0.655844155844156	0.850649350649351	0.12987012987013	0	0.402597402597403	0	0	0	0.993506493506494	0	0.974025974025974	0.993506493506494	0	0.467532467532468	0.941558441558442	0.857142857142857	0.987012987012987	1	0.954545454545455	1	1	1	1	1	0	0.961038961038961	0	1	1	0	0.227272727272727	0	0.649350649350649	1	0.805194805194805	0	0.902597402597403	0.772727272727273	0	0.980519480519481	0.863636363636364	0.987012987012987	0	1	0	1	0.961038961038961	0	0	0.967532467532468	0	0	0.844155844155844	0.948051948051948	0.961038961038961	0	0.746753246753247	0.662337662337662	1	0.766233766233766	0.987012987012987	0.941558441558442	0	1	1	0.987012987012987
Atolla_vanhoeffeni	0	0	0	0	0.772727272727273	0	0.772727272727273	0	0	0.772727272727273		0.532467532467532	0.772727272727273	0	0	0	0.24025974025974	0.772727272727273	0.668831168831169	0	0.75974025974026	0	0.772727272727273	0.155844155844156	0	0.662337662337662	0.584415584415584	0.772727272727273	0.746753246753247	0	0	0.558441558441558	0.642857142857143	0	0	0.402597402597403	0	0	0	0.766233766233766	0	0.746753246753247	0.766233766233766	0	0.37012987012987	0.714285714285714	0.636363636363636	0.772727272727273	0.772727272727273	0.772727272727273	0.772727272727273	0.772727272727273	0.772727272727273	0.772727272727273	0.772727272727273	0	0.75974025974026	0	0.772727272727273	0.772727272727273	0	0	0	0.551948051948052	0.772727272727273	0.577922077922078	0	0.772727272727273	0.772727272727273	0	0.772727272727273	0.74025974025974	0.75974025974026	0	0.772727272727273	0	0.772727272727273	0.75974025974026	0	0	0.75974025974026	0	0	0.675324675324675	0.746753246753247	0.753246753246753	0	0.746753246753247	0.584415584415584	0.772727272727273	0.714285714285714	0.772727272727273	0.772727272727273	0	0.772727272727273	0.772727272727273	0.75974025974026
Aurelia_aurita	0	0	0	0	0.532467532467532	0	0.532467532467532	0	0	0.532467532467532	0.532467532467532		0.532467532467532	0	0	0	0.188311688311688	0.532467532467532	0.461038961038961	0	0.525974025974026	0	0.532467532467532	0	0	0.435064935064935	0.344155844155844	0.532467532467532	0.506493506493506	0	0	0.454545454545455	0.5	0	0	0.402597402597403	0	0	0	0.525974025974026	0	0.506493506493506	0.525974025974026	0	0.12987012987013	0.474025974025974	0.532467532467532	0.532467532467532	0.532467532467532	0.532467532467532	0.532467532467532	0.532467532467532	0.532467532467532	0.532467532467532	0.532467532467532	0	0.519480519480519	0	0.532467532467532	0.532467532467532	0	0	0	0.532467532467532	0.532467532467532	0.337662337662338	0	0.532467532467532	0.532467532467532	0	0.532467532467532	0.532467532467532	0.519480519480519	0	0.532467532467532	0	0.532467532467532	0.519480519480519	0	0	0.519480519480519	0	0	0.435064935064935	0.506493506493506	0.512987012987013	0	0.506493506493506	0.454545454545455	0.532467532467532	0.532467532467532	0.532467532467532	0.532467532467532	0	0.532467532467532	0.532467532467532	0.532467532467532
Beroe_abyssicola	0	0	0	0	0.993506493506494	0	0.993506493506494	0	0	0.993506493506494	0.772727272727273	0.532467532467532		0	0	0	0.461038961038961	0.993506493506494	0.779220779220779	0	0.915584415584416	0	0.993506493506494	0.155844155844156	0	0.792207792207792	0.636363636363636	0.993506493506494	0.967532467532468	0	0	0.649350649350649	0.844155844155844	0.12987012987013	0	0.402597402597403	0	0	0	0.987012987012987	0	0.967532467532468	0.987012987012987	0	0.461038961038961	0.935064935064935	0.850649350649351	0.980519480519481	0.993506493506494	0.948051948051948	0.993506493506494	0.993506493506494	0.993506493506494	0.993506493506494	0.993506493506494	0	0.961038961038961	0	0.993506493506494	0.993506493506494	0	0.220779220779221	0	0.642857142857143	0.993506493506494	0.798701298701299	0	0.902597402597403	0.772727272727273	0	0.980519480519481	0.863636363636364	0.980519480519481	0	0.993506493506494	0	0.993506493506494	0.954545454545455	0	0	0.961038961038961	0	0	0.837662337662338	0.941558441558442	0.954545454545455	0	0.746753246753247	0.655844155844156	0.993506493506494	0.766233766233766	0.980519480519481	0.935064935064935	0	0.993506493506494	0.993506493506494	0.980519480519481
Beroe_sp	0	0	0	0	0	0	0	0	0	0	0	0	0		0	0	0	0	0	0	0	0	0	0	0	0	0	0	0	0	0	0	0	0	0	0	0	0	0	0	0	0	0	0	0	0	0	0	0	0	0	0	0	0	0	0	0	0	0	0	0	0	0	0	0	0	0	0	0	0	0	0	0	0	0	0	0	0	0	0	0	0	0	0	0	0	0	0	0	0	0	0	0	0	0	0	0
Bolinopsis_infundibulum	0	0	0	0	0	0	0	0	0	0	0	0	0	0		0	0	0	0	0	0	0	0	0	0	0	0	0	0	0	0	0	0	0	0	0	0	0	0	0	0	0	0	0	0	0	0	0	0	0	0	0	0	0	0	0	0	0	0	0	0	0	0	0	0	0	0	0	0	0	0	0	0	0	0	0	0	0	0	0	0	0	0	0	0	0	0	0	0	0	0	0	0	0	0	0	0
Bolocera_tuedia	0	0	0	0	0	0	0	0	0	0	0	0	0	0	0		0	0	0	0	0	0	0	0	0	0	0	0	0	0	0	0	0	0	0	0	0	0	0	0	0	0	0	0	0	0	0	0	0	0	0	0	0	0	0	0	0	0	0	0	0	0	0	0	0	0	0	0	0	0	0	0	0	0	0	0	0	0	0	0	0	0	0	0	0	0	0	0	0	0	0	0	0	0	0	0	0
Branchiostoma_floridae	0	0	0	0	0.467532467532468	0	0.467532467532468	0	0	0.467532467532468	0.24025974025974	0.188311688311688	0.461038961038961	0	0	0		0.467532467532468	0.253246753246753	0	0.396103896103896	0	0.467532467532468	0.051948051948052	0	0.25974025974026	0.103896103896104	0.467532467532468	0.467532467532468	0	0	0.214285714285714	0.37012987012987	0.12987012987013	0	0.188311688311688	0	0	0	0.461038961038961	0	0.441558441558442	0.461038961038961	0	0.149350649350649	0.409090909090909	0.409090909090909	0.454545454545455	0.467532467532468	0.422077922077922	0.467532467532468	0.467532467532468	0.467532467532468	0.467532467532468	0.467532467532468	0	0.428571428571429	0	0.467532467532468	0.467532467532468	0	0.227272727272727	0	0.285714285714286	0.467532467532468	0.279220779220779	0	0.37012987012987	0.24025974025974	0	0.448051948051948	0.331168831168831	0.454545454545455	0	0.467532467532468	0	0.467532467532468	0.441558441558442	0	0	0.448051948051948	0	0	0.311688311688312	0.415584415584416	0.435064935064935	0	0.24025974025974	0.201298701298701	0.467532467532468	0.292207792207792	0.454545454545455	0.409090909090909	0	0.467532467532468	0.467532467532468	0.454545454545455
Capitella_teleta	0	0	0	0	1	0	1	0	0	1	0.772727272727273	0.532467532467532	0.993506493506494	0	0	0	0.467532467532468		0.785714285714286	0	0.922077922077922	0	1	0.155844155844156	0	0.792207792207792	0.636363636363636	1	0.974025974025974	0	0	0.655844155844156	0.850649350649351	0.12987012987013	0	0.402597402597403	0	0	0	0.993506493506494	0	0.974025974025974	0.993506493506494	0	0.467532467532468	0.941558441558442	0.857142857142857	0.987012987012987	1	0.954545454545455	1	1	1	1	1	0	0.961038961038961	0	1	1	0	0.227272727272727	0	0.649350649350649	1	0.805194805194805	0	0.902597402597403	0.772727272727273	0	0.980519480519481	0.863636363636364	0.987012987012987	0	1	0	1	0.961038961038961	0	0	0.967532467532468	0	0	0.844155844155844	0.948051948051948	0.961038961038961	0	0.746753246753247	0.662337662337662	1	0.766233766233766	0.987012987012987	0.941558441558442	0	1	1	0.987012987012987
Capsaspora_owczarzaki_atcc30864	0	0	0	0	0.785714285714286	0	0.785714285714286	0	0	0.785714285714286	0.668831168831169	0.461038961038961	0.779220779220779	0	0	0	0.253246753246753	0.785714285714286		0	0.733766233766234	0	0.785714285714286	0.123376623376623	0	0.707792207792208	0.603896103896104	0.785714285714286	0.75974025974026	0	0	0.558441558441558	0.694805194805195	0.0649350649350649	0	0.331168831168831	0	0	0	0.785714285714286	0	0.785714285714286	0.785714285714286	0	0.38961038961039	0.785714285714286	0.681818181818182	0.785714285714286	0.785714285714286	0.74025974025974	0.785714285714286	0.785714285714286	0.785714285714286	0.785714285714286	0.785714285714286	0	0.75974025974026	0	0.785714285714286	0.785714285714286	0	0.116883116883117	0	0.532467532467532	0.785714285714286	0.662337662337662	0	0.733766233766234	0.668831168831169	0	0.766233766233766	0.733766233766234	0.785714285714286	0	0.785714285714286	0	0.785714285714286	0.772727272727273	0	0	0.772727272727273	0	0	0.681818181818182	0.766233766233766	0.779220779220779	0	0.642857142857143	0.590909090909091	0.785714285714286	0.662337662337662	0.772727272727273	0.727272727272727	0	0.785714285714286	0.785714285714286	0.785714285714286
Cestum_veneris	0	0	0	0	0	0	0	0	0	0	0	0	0	0	0	0	0	0	0		0	0	0	0	0	0	0	0	0	0	0	0	0	0	0	0	0	0	0	0	0	0	0	0	0	0	0	0	0	0	0	0	0	0	0	0	0	0	0	0	0	0	0	0	0	0	0	0	0	0	0	0	0	0	0	0	0	0	0	0	0	0	0	0	0	0	0	0	0	0	0	0	0	0	0	0	0
Choanoeca_perplexa_11	0	0	0	0	0.922077922077922	0	0.922077922077922	0	0	0.922077922077922	0.75974025974026	0.525974025974026	0.915584415584416	0	0	0	0.396103896103896	0.922077922077922	0.733766233766234	0		0	0.922077922077922	0.149350649350649	0	0.727272727272727	0.584415584415584	0.922077922077922	0.896103896103896	0	0	0.642857142857143	0.805194805194805	0.0714285714285714	0	0.396103896103896	0	0	0	0.922077922077922	0	0.902597402597403	0.922077922077922	0	0.454545454545455	0.87012987012987	0.779220779220779	0.922077922077922	0.922077922077922	0.922077922077922	0.922077922077922	0.922077922077922	0.922077922077922	0.922077922077922	0.922077922077922	0	0.909090909090909	0	0.922077922077922	0.922077922077922	0	0.162337662337662	0	0.636363636363636	0.922077922077922	0.733766233766234	0	0.831168831168831	0.75974025974026	0	0.902597402597403	0.792207792207792	0.915584415584416	0	0.922077922077922	0	0.922077922077922	0.902597402597403	0	0	0.902597402597403	0	0	0.824675324675325	0.902597402597403	0.909090909090909	0	0.733766233766234	0.655844155844156	0.922077922077922	0.707792207792208	0.922077922077922	0.909090909090909	0	0.922077922077922	0.922077922077922	0.909090909090909
Chondrilla_nucula	0	0	0	0	0	0	0	0	0	0	0	0	0	0	0	0	0	0	0	0	0		0	0	0	0	0	0	0	0	0	0	0	0	0	0	0	0	0	0	0	0	0	0	0	0	0	0	0	0	0	0	0	0	0	0	0	0	0	0	0	0	0	0	0	0	0	0	0	0	0	0	0	0	0	0	0	0	0	0	0	0	0	0	0	0	0	0	0	0	0	0	0	0	0	0	0
Clathrina_coriacea	0	0	0	0	1	0	1	0	0	1	0.772727272727273	0.532467532467532	0.993506493506494	0	0	0	0.467532467532468	1	0.785714285714286	0	0.922077922077922	0		0.155844155844156	0	0.792207792207792	0.636363636363636	1	0.974025974025974	0	0	0.655844155844156	0.850649350649351	0.12987012987013	0	0.402597402597403	0	0	0	0.993506493506494	0	0.974025974025974	0.993506493506494	0	0.467532467532468	0.941558441558442	0.857142857142857	0.987012987012987	1	0.954545454545455	1	1	1	1	1	0	0.961038961038961	0	1	1	0	0.227272727272727	0	0.649350649350649	1	0.805194805194805	0	0.902597402597403	0.772727272727273	0	0.980519480519481	0.863636363636364	0.987012987012987	0	1	0	1	0.961038961038961	0	0	0.967532467532468	0	0	0.844155844155844	0.948051948051948	0.961038961038961	0	0.746753246753247	0.662337662337662	1	0.766233766233766	0.987012987012987	0.941558441558442	0	1	1	0.987012987012987
Clytia_hemisphaerica	0	0	0	0	0.155844155844156	0	0.155844155844156	0	0	0.155844155844156	0.155844155844156	0	0.155844155844156	0	0	0	0.051948051948052	0.155844155844156	0.123376623376623	0	0.149350649350649	0	0.155844155844156		0	0.142857142857143	0.155844155844156	0.155844155844156	0.155844155844156	0	0	0.0194805194805195	0.0584415584415584	0	0	0	0	0	0	0.155844155844156	0	0.155844155844156	0.155844155844156	0	0.155844155844156	0.155844155844156	0.0194805194805195	0.155844155844156	0.155844155844156	0.155844155844156	0.155844155844156	0.155844155844156	0.155844155844156	0.155844155844156	0.155844155844156	0	0.155844155844156	0	0.155844155844156	0.155844155844156	0	0	0	0	0.155844155844156	0.155844155844156	0	0.155844155844156	0.155844155844156	0	0.155844155844156	0.123376623376623	0.155844155844156	0	0.155844155844156	0	0.155844155844156	0.155844155844156	0	0	0.155844155844156	0	0	0.155844155844156	0.155844155844156	0.155844155844156	0	0.155844155844156	0.0454545454545455	0.155844155844156	0.149350649350649	0.155844155844156	0.155844155844156	0	0.155844155844156	0.155844155844156	0.142857142857143
Codosiga_hollandica_17	0	0	0	0	0	0	0	0	0	0	0	0	0	0	0	0	0	0	0	0	0	0	0	0		0	0	0	0	0	0	0	0	0	0	0	0	0	0	0	0	0	0	0	0	0	0	0	0	0	0	0	0	0	0	0	0	0	0	0	0	0	0	0	0	0	0	0	0	0	0	0	0	0	0	0	0	0	0	0	0	0	0	0	0	0	0	0	0	0	0	0	0	0	0	0	0
Coeloplana_species	0	0	0	0	0.792207792207792	0	0.792207792207792	0	0	0.792207792207792	0.662337662337662	0.435064935064935	0.792207792207792	0	0	0	0.25974025974026	0.792207792207792	0.707792207792208	0	0.727272727272727	0	0.792207792207792	0.142857142857143	0		0.623376623376623	0.792207792207792	0.766233766233766	0	0	0.506493506493506	0.681818181818182	0.12987012987013	0	0.305194805194805	0	0	0	0.792207792207792	0	0.792207792207792	0.792207792207792	0	0.357142857142857	0.792207792207792	0.662337662337662	0.779220779220779	0.792207792207792	0.746753246753247	0.792207792207792	0.792207792207792	0.792207792207792	0.792207792207792	0.792207792207792	0	0.772727272727273	0	0.792207792207792	0.792207792207792	0	0.12987012987013	0	0.454545454545455	0.792207792207792	0.694805194805195	0	0.792207792207792	0.662337662337662	0	0.792207792207792	0.766233766233766	0.792207792207792	0	0.792207792207792	0	0.792207792207792	0.75974025974026	0	0	0.75974025974026	0	0	0.714285714285714	0.772727272727273	0.772727272727273	0	0.636363636363636	0.538961038961039	0.792207792207792	0.655844155844156	0.779220779220779	0.733766233766234	0	0.792207792207792	0.792207792207792	0.792207792207792
Corticium_candelabrum	0	0	0	0	0.636363636363636	0	0.636363636363636	0	0	0.636363636363636	0.584415584415584	0.344155844155844	0.636363636363636	0	0	0	0.103896103896104	0.636363636363636	0.603896103896104	0	0.584415584415584	0	0.636363636363636	0.155844155844156	0	0.623376623376623		0.636363636363636	0.61038961038961	0	0	0.441558441558442	0.512987012987013	0.051948051948052	0	0.214285714285714	0	0	0	0.636363636363636	0	0.636363636363636	0.636363636363636	0	0.37012987012987	0.636363636363636	0.5	0.636363636363636	0.636363636363636	0.590909090909091	0.636363636363636	0.636363636363636	0.636363636363636	0.636363636363636	0.636363636363636	0	0.616883116883117	0	0.636363636363636	0.636363636363636	0	0.051948051948052	0	0.363636363636364	0.636363636363636	0.62987012987013	0	0.636363636363636	0.584415584415584	0	0.636363636363636	0.603896103896104	0.636363636363636	0	0.636363636363636	0	0.636363636363636	0.623376623376623	0	0	0.623376623376623	0	0	0.584415584415584	0.616883116883117	0.62987012987013	0	0.558441558441558	0.461038961038961	0.636363636363636	0.577922077922078	0.623376623376623	0.584415584415584	0	0.636363636363636	0.636363636363636	0.623376623376623
Craspedacusta_sowerbyi	0	0	0	0	1	0	1	0	0	1	0.772727272727273	0.532467532467532	0.993506493506494	0	0	0	0.467532467532468	1	0.785714285714286	0	0.922077922077922	0	1	0.155844155844156	0	0.792207792207792	0.636363636363636		0.974025974025974	0	0	0.655844155844156	0.850649350649351	0.12987012987013	0	0.402597402597403	0	0	0	0.993506493506494	0	0.974025974025974	0.993506493506494	0	0.467532467532468	0.941558441558442	0.857142857142857	0.987012987012987	1	0.954545454545455	1	1	1	1	1	0	0.961038961038961	0	1	1	0	0.227272727272727	0	0.649350649350649	1	0.805194805194805	0	0.902597402597403	0.772727272727273	0	0.980519480519481	0.863636363636364	0.987012987012987	0	1	0	1	0.961038961038961	0	0	0.967532467532468	0	0	0.844155844155844	0.948051948051948	0.961038961038961	0	0.746753246753247	0.662337662337662	1	0.766233766233766	0.987012987012987	0.941558441558442	0	1	1	0.987012987012987
Crassostrea_gigas	0	0	0	0	0.974025974025974	0	0.974025974025974	0	0	0.974025974025974	0.746753246753247	0.506493506493506	0.967532467532468	0	0	0	0.467532467532468	0.974025974025974	0.75974025974026	0	0.896103896103896	0	0.974025974025974	0.155844155844156	0	0.766233766233766	0.61038961038961	0.974025974025974		0	0	0.62987012987013	0.824675324675325	0.12987012987013	0	0.376623376623377	0	0	0	0.967532467532468	0	0.948051948051948	0.967532467532468	0	0.467532467532468	0.915584415584416	0.831168831168831	0.961038961038961	0.974025974025974	0.928571428571429	0.974025974025974	0.974025974025974	0.974025974025974	0.974025974025974	0.974025974025974	0	0.935064935064935	0	0.974025974025974	0.974025974025974	0	0.227272727272727	0	0.623376623376623	0.974025974025974	0.785714285714286	0	0.876623376623377	0.746753246753247	0	0.954545454545455	0.837662337662338	0.961038961038961	0	0.974025974025974	0	0.974025974025974	0.935064935064935	0	0	0.941558441558442	0	0	0.818181818181818	0.922077922077922	0.935064935064935	0	0.720779220779221	0.636363636363636	0.974025974025974	0.74025974025974	0.961038961038961	0.915584415584416	0	0.974025974025974	0.974025974025974	0.961038961038961
Creolimax_fragrantissima	0	0	0	0	0	0	0	0	0	0	0	0	0	0	0	0	0	0	0	0	0	0	0	0	0	0	0	0	0		0	0	0	0	0	0	0	0	0	0	0	0	0	0	0	0	0	0	0	0	0	0	0	0	0	0	0	0	0	0	0	0	0	0	0	0	0	0	0	0	0	0	0	0	0	0	0	0	0	0	0	0	0	0	0	0	0	0	0	0	0	0	0	0	0	0	0
Daphnia_pulex	0	0	0	0	0	0	0	0	0	0	0	0	0	0	0	0	0	0	0	0	0	0	0	0	0	0	0	0	0	0		0	0	0	0	0	0	0	0	0	0	0	0	0	0	0	0	0	0	0	0	0	0	0	0	0	0	0	0	0	0	0	0	0	0	0	0	0	0	0	0	0	0	0	0	0	0	0	0	0	0	0	0	0	0	0	0	0	0	0	0	0	0	0	0	0	0
Diaphanoeca_grandis_RI_01	0	0	0	0	0.655844155844156	0	0.655844155844156	0	0	0.655844155844156	0.558441558441558	0.454545454545455	0.649350649350649	0	0	0	0.214285714285714	0.655844155844156	0.558441558441558	0	0.642857142857143	0	0.655844155844156	0.0194805194805195	0	0.506493506493506	0.441558441558442	0.655844155844156	0.62987012987013	0	0		0.62987012987013	0	0	0.324675324675325	0	0	0	0.649350649350649	0	0.62987012987013	0.649350649350649	0	0.331168831168831	0.603896103896104	0.642857142857143	0.655844155844156	0.655844155844156	0.655844155844156	0.655844155844156	0.655844155844156	0.655844155844156	0.655844155844156	0.655844155844156	0	0.636363636363636	0	0.655844155844156	0.655844155844156	0	0.0974025974025974	0	0.571428571428571	0.655844155844156	0.532467532467532	0	0.558441558441558	0.558441558441558	0	0.636363636363636	0.558441558441558	0.642857142857143	0	0.655844155844156	0	0.655844155844156	0.642857142857143	0	0	0.649350649350649	0	0	0.623376623376623	0.623376623376623	0.636363636363636	0	0.538961038961039	0.623376623376623	0.655844155844156	0.5	0.655844155844156	0.655844155844156	0	0.655844155844156	0.655844155844156	0.655844155844156
Didymoeca_costata_10	0	0	0	0	0.850649350649351	0	0.850649350649351	0	0	0.850649350649351	0.642857142857143	0.5	0.844155844155844	0	0	0	0.37012987012987	0.850649350649351	0.694805194805195	0	0.805194805194805	0	0.850649350649351	0.0584415584415584	0	0.681818181818182	0.512987012987013	0.850649350649351	0.824675324675325	0	0	0.62987012987013		0.11038961038961	0	0.37012987012987	0	0	0	0.850649350649351	0	0.850649350649351	0.850649350649351	0	0.37012987012987	0.818181818181818	0.798701298701299	0.837662337662338	0.850649350649351	0.824675324675325	0.850649350649351	0.850649350649351	0.850649350649351	0.850649350649351	0.850649350649351	0	0.844155844155844	0	0.850649350649351	0.850649350649351	0	0.207792207792208	0	0.616883116883117	0.850649350649351	0.681818181818182	0	0.753246753246753	0.642857142857143	0	0.831168831168831	0.746753246753247	0.850649350649351	0	0.850649350649351	0	0.850649350649351	0.818181818181818	0	0	0.824675324675325	0	0	0.74025974025974	0.844155844155844	0.831168831168831	0	0.623376623376623	0.636363636363636	0.850649350649351	0.616883116883117	0.850649350649351	0.811688311688312	0	0.850649350649351	0.850649350649351	0.850649350649351
Dryodora_glandiformis	0	0	0	0	0.12987012987013	0	0.12987012987013	0	0	0.12987012987013	0	0	0.12987012987013	0	0	0	0.12987012987013	0.12987012987013	0.0649350649350649	0	0.0714285714285714	0	0.12987012987013	0	0	0.12987012987013	0.051948051948052	0.12987012987013	0.12987012987013	0	0	0	0.11038961038961		0	0	0	0	0	0.12987012987013	0	0.12987012987013	0.12987012987013	0	0	0.12987012987013	0.123376623376623	0.116883116883117	0.12987012987013	0.0844155844155844	0.12987012987013	0.12987012987013	0.12987012987013	0.12987012987013	0.12987012987013	0	0.11038961038961	0	0.12987012987013	0.12987012987013	0	0.12987012987013	0	0	0.12987012987013	0.12987012987013	0	0.12987012987013	0	0	0.12987012987013	0.123376623376623	0.12987012987013	0	0.12987012987013	0	0.12987012987013	0.11038961038961	0	0	0.11038961038961	0	0	0.0779220779220779	0.11038961038961	0.116883116883117	0	0	0	0.12987012987013	0.051948051948052	0.116883116883117	0.0714285714285714	0	0.12987012987013	0.12987012987013	0.12987012987013
Edwardsiella_lineata	0	0	0	0	0	0	0	0	0	0	0	0	0	0	0	0	0	0	0	0	0	0	0	0	0	0	0	0	0	0	0	0	0	0		0	0	0	0	0	0	0	0	0	0	0	0	0	0	0	0	0	0	0	0	0	0	0	0	0	0	0	0	0	0	0	0	0	0	0	0	0	0	0	0	0	0	0	0	0	0	0	0	0	0	0	0	0	0	0	0	0	0	0	0	0	0
Ephydatia_muelleri	0	0	0	0	0.402597402597403	0	0.402597402597403	0	0	0.402597402597403	0.402597402597403	0.402597402597403	0.402597402597403	0	0	0	0.188311688311688	0.402597402597403	0.331168831168831	0	0.396103896103896	0	0.402597402597403	0	0	0.305194805194805	0.214285714285714	0.402597402597403	0.376623376623377	0	0	0.324675324675325	0.37012987012987	0	0		0	0	0	0.396103896103896	0	0.376623376623377	0.396103896103896	0	0	0.344155844155844	0.402597402597403	0.402597402597403	0.402597402597403	0.402597402597403	0.402597402597403	0.402597402597403	0.402597402597403	0.402597402597403	0.402597402597403	0	0.38961038961039	0	0.402597402597403	0.402597402597403	0	0	0	0.402597402597403	0.402597402597403	0.207792207792208	0	0.402597402597403	0.402597402597403	0	0.402597402597403	0.402597402597403	0.38961038961039	0	0.402597402597403	0	0.402597402597403	0.396103896103896	0	0	0.396103896103896	0	0	0.305194805194805	0.376623376623377	0.383116883116883	0	0.383116883116883	0.331168831168831	0.402597402597403	0.402597402597403	0.402597402597403	0.402597402597403	0	0.402597402597403	0.402597402597403	0.402597402597403
Euplectella_aspergillum	0	0	0	0	0	0	0	0	0	0	0	0	0	0	0	0	0	0	0	0	0	0	0	0	0	0	0	0	0	0	0	0	0	0	0	0		0	0	0	0	0	0	0	0	0	0	0	0	0	0	0	0	0	0	0	0	0	0	0	0	0	0	0	0	0	0	0	0	0	0	0	0	0	0	0	0	0	0	0	0	0	0	0	0	0	0	0	0	0	0	0	0	0	0	0	0
Euplokamis_dunlapae	0	0	0	0	0	0	0	0	0	0	0	0	0	0	0	0	0	0	0	0	0	0	0	0	0	0	0	0	0	0	0	0	0	0	0	0	0		0	0	0	0	0	0	0	0	0	0	0	0	0	0	0	0	0	0	0	0	0	0	0	0	0	0	0	0	0	0	0	0	0	0	0	0	0	0	0	0	0	0	0	0	0	0	0	0	0	0	0	0	0	0	0	0	0	0	0
Gorgonia_ventalina	0	0	0	0	0	0	0	0	0	0	0	0	0	0	0	0	0	0	0	0	0	0	0	0	0	0	0	0	0	0	0	0	0	0	0	0	0	0		0	0	0	0	0	0	0	0	0	0	0	0	0	0	0	0	0	0	0	0	0	0	0	0	0	0	0	0	0	0	0	0	0	0	0	0	0	0	0	0	0	0	0	0	0	0	0	0	0	0	0	0	0	0	0	0	0	0
Grantia_compressa	0	0	0	0	0.993506493506494	0	0.993506493506494	0	0	0.993506493506494	0.766233766233766	0.525974025974026	0.987012987012987	0	0	0	0.461038961038961	0.993506493506494	0.785714285714286	0	0.922077922077922	0	0.993506493506494	0.155844155844156	0	0.792207792207792	0.636363636363636	0.993506493506494	0.967532467532468	0	0	0.649350649350649	0.850649350649351	0.12987012987013	0	0.396103896103896	0	0	0		0	0.974025974025974	0.993506493506494	0	0.467532467532468	0.941558441558442	0.850649350649351	0.980519480519481	0.993506493506494	0.948051948051948	0.993506493506494	0.993506493506494	0.993506493506494	0.993506493506494	0.993506493506494	0	0.961038961038961	0	0.993506493506494	0.993506493506494	0	0.227272727272727	0	0.642857142857143	0.993506493506494	0.805194805194805	0	0.896103896103896	0.766233766233766	0	0.974025974025974	0.857142857142857	0.987012987012987	0	0.993506493506494	0	0.993506493506494	0.954545454545455	0	0	0.961038961038961	0	0	0.844155844155844	0.948051948051948	0.961038961038961	0	0.74025974025974	0.655844155844156	0.993506493506494	0.75974025974026	0.980519480519481	0.935064935064935	0	0.993506493506494	0.993506493506494	0.980519480519481
Helobdella_robusta	0	0	0	0	0	0	0	0	0	0	0	0	0	0	0	0	0	0	0	0	0	0	0	0	0	0	0	0	0	0	0	0	0	0	0	0	0	0	0	0		0	0	0	0	0	0	0	0	0	0	0	0	0	0	0	0	0	0	0	0	0	0	0	0	0	0	0	0	0	0	0	0	0	0	0	0	0	0	0	0	0	0	0	0	0	0	0	0	0	0	0	0	0	0	0	0
Homo_sapiens	0	0	0	0	0.974025974025974	0	0.974025974025974	0	0	0.974025974025974	0.746753246753247	0.506493506493506	0.967532467532468	0	0	0	0.441558441558442	0.974025974025974	0.785714285714286	0	0.902597402597403	0	0.974025974025974	0.155844155844156	0	0.792207792207792	0.636363636363636	0.974025974025974	0.948051948051948	0	0	0.62987012987013	0.850649350649351	0.12987012987013	0	0.376623376623377	0	0	0	0.974025974025974	0		0.974025974025974	0	0.467532467532468	0.941558441558442	0.831168831168831	0.961038961038961	0.974025974025974	0.928571428571429	0.974025974025974	0.974025974025974	0.974025974025974	0.974025974025974	0.974025974025974	0	0.948051948051948	0	0.974025974025974	0.974025974025974	0	0.227272727272727	0	0.623376623376623	0.974025974025974	0.805194805194805	0	0.876623376623377	0.746753246753247	0	0.954545454545455	0.837662337662338	0.974025974025974	0	0.974025974025974	0	0.974025974025974	0.935064935064935	0	0	0.941558441558442	0	0	0.844155844155844	0.948051948051948	0.948051948051948	0	0.720779220779221	0.636363636363636	0.974025974025974	0.74025974025974	0.961038961038961	0.915584415584416	0	0.974025974025974	0.974025974025974	0.961038961038961
Hormiphora_californensis	0	0	0	0	0.993506493506494	0	0.993506493506494	0	0	0.993506493506494	0.766233766233766	0.525974025974026	0.987012987012987	0	0	0	0.461038961038961	0.993506493506494	0.785714285714286	0	0.922077922077922	0	0.993506493506494	0.155844155844156	0	0.792207792207792	0.636363636363636	0.993506493506494	0.967532467532468	0	0	0.649350649350649	0.850649350649351	0.12987012987013	0	0.396103896103896	0	0	0	0.993506493506494	0	0.974025974025974		0	0.467532467532468	0.941558441558442	0.850649350649351	0.980519480519481	0.993506493506494	0.948051948051948	0.993506493506494	0.993506493506494	0.993506493506494	0.993506493506494	0.993506493506494	0	0.961038961038961	0	0.993506493506494	0.993506493506494	0	0.227272727272727	0	0.642857142857143	0.993506493506494	0.805194805194805	0	0.896103896103896	0.766233766233766	0	0.974025974025974	0.857142857142857	0.987012987012987	0	0.993506493506494	0	0.993506493506494	0.954545454545455	0	0	0.961038961038961	0	0	0.844155844155844	0.948051948051948	0.961038961038961	0	0.74025974025974	0.655844155844156	0.993506493506494	0.75974025974026	0.980519480519481	0.935064935064935	0	0.993506493506494	0.993506493506494	0.980519480519481
Hyalonema_populiferum	0	0	0	0	0	0	0	0	0	0	0	0	0	0	0	0	0	0	0	0	0	0	0	0	0	0	0	0	0	0	0	0	0	0	0	0	0	0	0	0	0	0	0		0	0	0	0	0	0	0	0	0	0	0	0	0	0	0	0	0	0	0	0	0	0	0	0	0	0	0	0	0	0	0	0	0	0	0	0	0	0	0	0	0	0	0	0	0	0	0	0	0	0	0	0	0
Hydra_magnipapillata	0	0	0	0	0.467532467532468	0	0.467532467532468	0	0	0.467532467532468	0.37012987012987	0.12987012987013	0.461038961038961	0	0	0	0.149350649350649	0.467532467532468	0.38961038961039	0	0.454545454545455	0	0.467532467532468	0.155844155844156	0	0.357142857142857	0.37012987012987	0.467532467532468	0.467532467532468	0	0	0.331168831168831	0.37012987012987	0	0	0	0	0	0	0.467532467532468	0	0.467532467532468	0.467532467532468	0		0.467532467532468	0.331168831168831	0.467532467532468	0.467532467532468	0.467532467532468	0.467532467532468	0.467532467532468	0.467532467532468	0.467532467532468	0.467532467532468	0	0.461038961038961	0	0.467532467532468	0.467532467532468	0	0.0974025974025974	0	0.246753246753247	0.467532467532468	0.467532467532468	0	0.37012987012987	0.37012987012987	0	0.448051948051948	0.337662337662338	0.467532467532468	0	0.467532467532468	0	0.467532467532468	0.454545454545455	0	0	0.461038961038961	0	0	0.461038961038961	0.461038961038961	0.461038961038961	0	0.363636363636364	0.331168831168831	0.467532467532468	0.311688311688312	0.467532467532468	0.467532467532468	0	0.467532467532468	0.467532467532468	0.454545454545455
Hydractinia_polyclina	0	0	0	0	0.941558441558442	0	0.941558441558442	0	0	0.941558441558442	0.714285714285714	0.474025974025974	0.935064935064935	0	0	0	0.409090909090909	0.941558441558442	0.785714285714286	0	0.87012987012987	0	0.941558441558442	0.155844155844156	0	0.792207792207792	0.636363636363636	0.941558441558442	0.915584415584416	0	0	0.603896103896104	0.818181818181818	0.12987012987013	0	0.344155844155844	0	0	0	0.941558441558442	0	0.941558441558442	0.941558441558442	0	0.467532467532468		0.798701298701299	0.928571428571429	0.941558441558442	0.896103896103896	0.941558441558442	0.941558441558442	0.941558441558442	0.941558441558442	0.941558441558442	0	0.915584415584416	0	0.941558441558442	0.941558441558442	0	0.227272727272727	0	0.590909090909091	0.941558441558442	0.805194805194805	0	0.844155844155844	0.714285714285714	0	0.922077922077922	0.805194805194805	0.941558441558442	0	0.941558441558442	0	0.941558441558442	0.902597402597403	0	0	0.909090909090909	0	0	0.818181818181818	0.915584415584416	0.915584415584416	0	0.688311688311688	0.616883116883117	0.941558441558442	0.707792207792208	0.928571428571429	0.883116883116883	0	0.941558441558442	0.941558441558442	0.928571428571429
Ircinia_fasciculata	0	0	0	0	0.857142857142857	0	0.857142857142857	0	0	0.857142857142857	0.636363636363636	0.532467532467532	0.850649350649351	0	0	0	0.409090909090909	0.857142857142857	0.681818181818182	0	0.779220779220779	0	0.857142857142857	0.0194805194805195	0	0.662337662337662	0.5	0.857142857142857	0.831168831168831	0	0	0.642857142857143	0.798701298701299	0.123376623376623	0	0.402597402597403	0	0	0	0.850649350649351	0	0.831168831168831	0.850649350649351	0	0.331168831168831	0.798701298701299		0.844155844155844	0.857142857142857	0.811688311688312	0.857142857142857	0.857142857142857	0.857142857142857	0.857142857142857	0.857142857142857	0	0.818181818181818	0	0.857142857142857	0.857142857142857	0	0.220779220779221	0	0.649350649350649	0.857142857142857	0.662337662337662	0	0.75974025974026	0.636363636363636	0	0.837662337662338	0.75974025974026	0.844155844155844	0	0.857142857142857	0	0.857142857142857	0.824675324675325	0	0	0.831168831168831	0	0	0.701298701298701	0.805194805194805	0.818181818181818	0	0.61038961038961	0.62987012987013	0.857142857142857	0.636363636363636	0.844155844155844	0.798701298701299	0	0.857142857142857	0.857142857142857	0.857142857142857
Ixodes_scapularis	0	0	0	0	0.987012987012987	0	0.987012987012987	0	0	0.987012987012987	0.772727272727273	0.532467532467532	0.980519480519481	0	0	0	0.454545454545455	0.987012987012987	0.785714285714286	0	0.922077922077922	0	0.987012987012987	0.155844155844156	0	0.779220779220779	0.636363636363636	0.987012987012987	0.961038961038961	0	0	0.655844155844156	0.837662337662338	0.116883116883117	0	0.402597402597403	0	0	0	0.980519480519481	0	0.961038961038961	0.980519480519481	0	0.467532467532468	0.928571428571429	0.844155844155844		0.987012987012987	0.941558441558442	0.987012987012987	0.987012987012987	0.987012987012987	0.987012987012987	0.987012987012987	0	0.948051948051948	0	0.987012987012987	0.987012987012987	0	0.214285714285714	0	0.649350649350649	0.987012987012987	0.792207792207792	0	0.88961038961039	0.772727272727273	0	0.967532467532468	0.850649350649351	0.974025974025974	0	0.987012987012987	0	0.987012987012987	0.961038961038961	0	0	0.967532467532468	0	0	0.831168831168831	0.935064935064935	0.961038961038961	0	0.746753246753247	0.662337662337662	0.987012987012987	0.766233766233766	0.974025974025974	0.928571428571429	0	0.987012987012987	0.987012987012987	0.974025974025974
Kirkpatrickia_variolosa	0	0	0	0	1	0	1	0	0	1	0.772727272727273	0.532467532467532	0.993506493506494	0	0	0	0.467532467532468	1	0.785714285714286	0	0.922077922077922	0	1	0.155844155844156	0	0.792207792207792	0.636363636363636	1	0.974025974025974	0	0	0.655844155844156	0.850649350649351	0.12987012987013	0	0.402597402597403	0	0	0	0.993506493506494	0	0.974025974025974	0.993506493506494	0	0.467532467532468	0.941558441558442	0.857142857142857	0.987012987012987		0.954545454545455	1	1	1	1	1	0	0.961038961038961	0	1	1	0	0.227272727272727	0	0.649350649350649	1	0.805194805194805	0	0.902597402597403	0.772727272727273	0	0.980519480519481	0.863636363636364	0.987012987012987	0	1	0	1	0.961038961038961	0	0	0.967532467532468	0	0	0.844155844155844	0.948051948051948	0.961038961038961	0	0.746753246753247	0.662337662337662	1	0.766233766233766	0.987012987012987	0.941558441558442	0	1	1	0.987012987012987
Lampea_pancerina	0	0	0	0	0.954545454545455	0	0.954545454545455	0	0	0.954545454545455	0.772727272727273	0.532467532467532	0.948051948051948	0	0	0	0.422077922077922	0.954545454545455	0.74025974025974	0	0.922077922077922	0	0.954545454545455	0.155844155844156	0	0.746753246753247	0.590909090909091	0.954545454545455	0.928571428571429	0	0	0.655844155844156	0.824675324675325	0.0844155844155844	0	0.402597402597403	0	0	0	0.948051948051948	0	0.928571428571429	0.948051948051948	0	0.467532467532468	0.896103896103896	0.811688311688312	0.941558441558442	0.954545454545455		0.954545454545455	0.954545454545455	0.954545454545455	0.954545454545455	0.954545454545455	0	0.935064935064935	0	0.954545454545455	0.954545454545455	0	0.181818181818182	0	0.649350649350649	0.954545454545455	0.75974025974026	0	0.857142857142857	0.772727272727273	0	0.935064935064935	0.818181818181818	0.941558441558442	0	0.954545454545455	0	0.954545454545455	0.915584415584416	0	0	0.922077922077922	0	0	0.844155844155844	0.922077922077922	0.915584415584416	0	0.746753246753247	0.662337662337662	0.954545454545455	0.720779220779221	0.954545454545455	0.941558441558442	0	0.954545454545455	0.954545454545455	0.941558441558442
Latrunculia_apicalis	0	0	0	0	1	0	1	0	0	1	0.772727272727273	0.532467532467532	0.993506493506494	0	0	0	0.467532467532468	1	0.785714285714286	0	0.922077922077922	0	1	0.155844155844156	0	0.792207792207792	0.636363636363636	1	0.974025974025974	0	0	0.655844155844156	0.850649350649351	0.12987012987013	0	0.402597402597403	0	0	0	0.993506493506494	0	0.974025974025974	0.993506493506494	0	0.467532467532468	0.941558441558442	0.857142857142857	0.987012987012987	1	0.954545454545455		1	1	1	1	0	0.961038961038961	0	1	1	0	0.227272727272727	0	0.649350649350649	1	0.805194805194805	0	0.902597402597403	0.772727272727273	0	0.980519480519481	0.863636363636364	0.987012987012987	0	1	0	1	0.961038961038961	0	0	0.967532467532468	0	0	0.844155844155844	0.948051948051948	0.961038961038961	0	0.746753246753247	0.662337662337662	1	0.766233766233766	0.987012987012987	0.941558441558442	0	1	1	0.987012987012987
Leuconia_nivea	0	0	0	0	1	0	1	0	0	1	0.772727272727273	0.532467532467532	0.993506493506494	0	0	0	0.467532467532468	1	0.785714285714286	0	0.922077922077922	0	1	0.155844155844156	0	0.792207792207792	0.636363636363636	1	0.974025974025974	0	0	0.655844155844156	0.850649350649351	0.12987012987013	0	0.402597402597403	0	0	0	0.993506493506494	0	0.974025974025974	0.993506493506494	0	0.467532467532468	0.941558441558442	0.857142857142857	0.987012987012987	1	0.954545454545455	1		1	1	1	0	0.961038961038961	0	1	1	0	0.227272727272727	0	0.649350649350649	1	0.805194805194805	0	0.902597402597403	0.772727272727273	0	0.980519480519481	0.863636363636364	0.987012987012987	0	1	0	1	0.961038961038961	0	0	0.967532467532468	0	0	0.844155844155844	0.948051948051948	0.961038961038961	0	0.746753246753247	0.662337662337662	1	0.766233766233766	0.987012987012987	0.941558441558442	0	1	1	0.987012987012987
Leucosolenia_complicata	0	0	0	0	1	0	1	0	0	1	0.772727272727273	0.532467532467532	0.993506493506494	0	0	0	0.467532467532468	1	0.785714285714286	0	0.922077922077922	0	1	0.155844155844156	0	0.792207792207792	0.636363636363636	1	0.974025974025974	0	0	0.655844155844156	0.850649350649351	0.12987012987013	0	0.402597402597403	0	0	0	0.993506493506494	0	0.974025974025974	0.993506493506494	0	0.467532467532468	0.941558441558442	0.857142857142857	0.987012987012987	1	0.954545454545455	1	1		1	1	0	0.961038961038961	0	1	1	0	0.227272727272727	0	0.649350649350649	1	0.805194805194805	0	0.902597402597403	0.772727272727273	0	0.980519480519481	0.863636363636364	0.987012987012987	0	1	0	1	0.961038961038961	0	0	0.967532467532468	0	0	0.844155844155844	0.948051948051948	0.961038961038961	0	0.746753246753247	0.662337662337662	1	0.766233766233766	0.987012987012987	0.941558441558442	0	1	1	0.987012987012987
Liriope_tetraphylla	0	0	0	0	1	0	1	0	0	1	0.772727272727273	0.532467532467532	0.993506493506494	0	0	0	0.467532467532468	1	0.785714285714286	0	0.922077922077922	0	1	0.155844155844156	0	0.792207792207792	0.636363636363636	1	0.974025974025974	0	0	0.655844155844156	0.850649350649351	0.12987012987013	0	0.402597402597403	0	0	0	0.993506493506494	0	0.974025974025974	0.993506493506494	0	0.467532467532468	0.941558441558442	0.857142857142857	0.987012987012987	1	0.954545454545455	1	1	1		1	0	0.961038961038961	0	1	1	0	0.227272727272727	0	0.649350649350649	1	0.805194805194805	0	0.902597402597403	0.772727272727273	0	0.980519480519481	0.863636363636364	0.987012987012987	0	1	0	1	0.961038961038961	0	0	0.967532467532468	0	0	0.844155844155844	0.948051948051948	0.961038961038961	0	0.746753246753247	0.662337662337662	1	0.766233766233766	0.987012987012987	0.941558441558442	0	1	1	0.987012987012987
Lucernariopsis_campanulata	0	0	0	0	1	0	1	0	0	1	0.772727272727273	0.532467532467532	0.993506493506494	0	0	0	0.467532467532468	1	0.785714285714286	0	0.922077922077922	0	1	0.155844155844156	0	0.792207792207792	0.636363636363636	1	0.974025974025974	0	0	0.655844155844156	0.850649350649351	0.12987012987013	0	0.402597402597403	0	0	0	0.993506493506494	0	0.974025974025974	0.993506493506494	0	0.467532467532468	0.941558441558442	0.857142857142857	0.987012987012987	1	0.954545454545455	1	1	1	1		0	0.961038961038961	0	1	1	0	0.227272727272727	0	0.649350649350649	1	0.805194805194805	0	0.902597402597403	0.772727272727273	0	0.980519480519481	0.863636363636364	0.987012987012987	0	1	0	1	0.961038961038961	0	0	0.967532467532468	0	0	0.844155844155844	0.948051948051948	0.961038961038961	0	0.746753246753247	0.662337662337662	1	0.766233766233766	0.987012987012987	0.941558441558442	0	1	1	0.987012987012987
Ministeria_vibrans	0	0	0	0	0	0	0	0	0	0	0	0	0	0	0	0	0	0	0	0	0	0	0	0	0	0	0	0	0	0	0	0	0	0	0	0	0	0	0	0	0	0	0	0	0	0	0	0	0	0	0	0	0	0	0		0	0	0	0	0	0	0	0	0	0	0	0	0	0	0	0	0	0	0	0	0	0	0	0	0	0	0	0	0	0	0	0	0	0	0	0	0	0	0	0	0
Mnemiopsis_leidyi	0	0	0	0	0.961038961038961	0	0.961038961038961	0	0	0.961038961038961	0.75974025974026	0.519480519480519	0.961038961038961	0	0	0	0.428571428571429	0.961038961038961	0.75974025974026	0	0.909090909090909	0	0.961038961038961	0.155844155844156	0	0.772727272727273	0.616883116883117	0.961038961038961	0.935064935064935	0	0	0.636363636363636	0.844155844155844	0.11038961038961	0	0.38961038961039	0	0	0	0.961038961038961	0	0.948051948051948	0.961038961038961	0	0.461038961038961	0.915584415584416	0.818181818181818	0.948051948051948	0.961038961038961	0.935064935064935	0.961038961038961	0.961038961038961	0.961038961038961	0.961038961038961	0.961038961038961	0		0	0.961038961038961	0.961038961038961	0	0.201298701298701	0	0.62987012987013	0.961038961038961	0.779220779220779	0	0.87012987012987	0.75974025974026	0	0.948051948051948	0.831168831168831	0.961038961038961	0	0.961038961038961	0	0.961038961038961	0.922077922077922	0	0	0.928571428571429	0	0	0.837662337662338	0.941558441558442	0.935064935064935	0	0.733766233766234	0.642857142857143	0.961038961038961	0.733766233766234	0.961038961038961	0.922077922077922	0	0.961038961038961	0.961038961038961	0.948051948051948
Monosiga_brevicollis_mx1	0	0	0	0	0	0	0	0	0	0	0	0	0	0	0	0	0	0	0	0	0	0	0	0	0	0	0	0	0	0	0	0	0	0	0	0	0	0	0	0	0	0	0	0	0	0	0	0	0	0	0	0	0	0	0	0	0		0	0	0	0	0	0	0	0	0	0	0	0	0	0	0	0	0	0	0	0	0	0	0	0	0	0	0	0	0	0	0	0	0	0	0	0	0	0	0
Montastraea_faveolata	0	0	0	0	1	0	1	0	0	1	0.772727272727273	0.532467532467532	0.993506493506494	0	0	0	0.467532467532468	1	0.785714285714286	0	0.922077922077922	0	1	0.155844155844156	0	0.792207792207792	0.636363636363636	1	0.974025974025974	0	0	0.655844155844156	0.850649350649351	0.12987012987013	0	0.402597402597403	0	0	0	0.993506493506494	0	0.974025974025974	0.993506493506494	0	0.467532467532468	0.941558441558442	0.857142857142857	0.987012987012987	1	0.954545454545455	1	1	1	1	1	0	0.961038961038961	0		1	0	0.227272727272727	0	0.649350649350649	1	0.805194805194805	0	0.902597402597403	0.772727272727273	0	0.980519480519481	0.863636363636364	0.987012987012987	0	1	0	1	0.961038961038961	0	0	0.967532467532468	0	0	0.844155844155844	0.948051948051948	0.961038961038961	0	0.746753246753247	0.662337662337662	1	0.766233766233766	0.987012987012987	0.941558441558442	0	1	1	0.987012987012987
Mycale_phyllophila	0	0	0	0	1	0	1	0	0	1	0.772727272727273	0.532467532467532	0.993506493506494	0	0	0	0.467532467532468	1	0.785714285714286	0	0.922077922077922	0	1	0.155844155844156	0	0.792207792207792	0.636363636363636	1	0.974025974025974	0	0	0.655844155844156	0.850649350649351	0.12987012987013	0	0.402597402597403	0	0	0	0.993506493506494	0	0.974025974025974	0.993506493506494	0	0.467532467532468	0.941558441558442	0.857142857142857	0.987012987012987	1	0.954545454545455	1	1	1	1	1	0	0.961038961038961	0	1		0	0.227272727272727	0	0.649350649350649	1	0.805194805194805	0	0.902597402597403	0.772727272727273	0	0.980519480519481	0.863636363636364	0.987012987012987	0	1	0	1	0.961038961038961	0	0	0.967532467532468	0	0	0.844155844155844	0.948051948051948	0.961038961038961	0	0.746753246753247	0.662337662337662	1	0.766233766233766	0.987012987012987	0.941558441558442	0	1	1	0.987012987012987
Mylnosiga_fluctuans_19	0	0	0	0	0	0	0	0	0	0	0	0	0	0	0	0	0	0	0	0	0	0	0	0	0	0	0	0	0	0	0	0	0	0	0	0	0	0	0	0	0	0	0	0	0	0	0	0	0	0	0	0	0	0	0	0	0	0	0	0		0	0	0	0	0	0	0	0	0	0	0	0	0	0	0	0	0	0	0	0	0	0	0	0	0	0	0	0	0	0	0	0	0	0	0	0
Nanomia_bijuga	0	0	0	0	0.227272727272727	0	0.227272727272727	0	0	0.227272727272727	0	0	0.220779220779221	0	0	0	0.227272727272727	0.227272727272727	0.116883116883117	0	0.162337662337662	0	0.227272727272727	0	0	0.12987012987013	0.051948051948052	0.227272727272727	0.227272727272727	0	0	0.0974025974025974	0.207792207792208	0.12987012987013	0	0	0	0	0	0.227272727272727	0	0.227272727272727	0.227272727272727	0	0.0974025974025974	0.227272727272727	0.220779220779221	0.214285714285714	0.227272727272727	0.181818181818182	0.227272727272727	0.227272727272727	0.227272727272727	0.227272727272727	0.227272727272727	0	0.201298701298701	0	0.227272727272727	0.227272727272727	0		0	0.0974025974025974	0.227272727272727	0.227272727272727	0	0.12987012987013	0	0	0.207792207792208	0.123376623376623	0.227272727272727	0	0.227272727272727	0	0.227272727272727	0.201298701298701	0	0	0.207792207792208	0	0	0.168831168831169	0.201298701298701	0.207792207792208	0	0	0.0779220779220779	0.227272727272727	0.051948051948052	0.214285714285714	0.168831168831169	0	0.227272727272727	0.227272727272727	0.227272727272727
Nematostella_vectensis	0	0	0	0	0	0	0	0	0	0	0	0	0	0	0	0	0	0	0	0	0	0	0	0	0	0	0	0	0	0	0	0	0	0	0	0	0	0	0	0	0	0	0	0	0	0	0	0	0	0	0	0	0	0	0	0	0	0	0	0	0	0		0	0	0	0	0	0	0	0	0	0	0	0	0	0	0	0	0	0	0	0	0	0	0	0	0	0	0	0	0	0	0	0	0	0
Oscarella_carmela	0	0	0	0	0.649350649350649	0	0.649350649350649	0	0	0.649350649350649	0.551948051948052	0.532467532467532	0.642857142857143	0	0	0	0.285714285714286	0.649350649350649	0.532467532467532	0	0.636363636363636	0	0.649350649350649	0	0	0.454545454545455	0.363636363636364	0.649350649350649	0.623376623376623	0	0	0.571428571428571	0.616883116883117	0	0	0.402597402597403	0	0	0	0.642857142857143	0	0.623376623376623	0.642857142857143	0	0.246753246753247	0.590909090909091	0.649350649350649	0.649350649350649	0.649350649350649	0.649350649350649	0.649350649350649	0.649350649350649	0.649350649350649	0.649350649350649	0.649350649350649	0	0.62987012987013	0	0.649350649350649	0.649350649350649	0	0.0974025974025974	0		0.649350649350649	0.454545454545455	0	0.551948051948052	0.551948051948052	0	0.62987012987013	0.551948051948052	0.636363636363636	0	0.649350649350649	0	0.649350649350649	0.62987012987013	0	0	0.636363636363636	0	0	0.545454545454545	0.616883116883117	0.623376623376623	0	0.525974025974026	0.551948051948052	0.649350649350649	0.538961038961039	0.649350649350649	0.649350649350649	0	0.649350649350649	0.649350649350649	0.649350649350649
Oscarella_species	0	0	0	0	1	0	1	0	0	1	0.772727272727273	0.532467532467532	0.993506493506494	0	0	0	0.467532467532468	1	0.785714285714286	0	0.922077922077922	0	1	0.155844155844156	0	0.792207792207792	0.636363636363636	1	0.974025974025974	0	0	0.655844155844156	0.850649350649351	0.12987012987013	0	0.402597402597403	0	0	0	0.993506493506494	0	0.974025974025974	0.993506493506494	0	0.467532467532468	0.941558441558442	0.857142857142857	0.987012987012987	1	0.954545454545455	1	1	1	1	1	0	0.961038961038961	0	1	1	0	0.227272727272727	0	0.649350649350649		0.805194805194805	0	0.902597402597403	0.772727272727273	0	0.980519480519481	0.863636363636364	0.987012987012987	0	1	0	1	0.961038961038961	0	0	0.967532467532468	0	0	0.844155844155844	0.948051948051948	0.961038961038961	0	0.746753246753247	0.662337662337662	1	0.766233766233766	0.987012987012987	0.941558441558442	0	1	1	0.987012987012987
Pelagia_noctiluca	0	0	0	0	0.805194805194805	0	0.805194805194805	0	0	0.805194805194805	0.577922077922078	0.337662337662338	0.798701298701299	0	0	0	0.279220779220779	0.805194805194805	0.662337662337662	0	0.733766233766234	0	0.805194805194805	0.155844155844156	0	0.694805194805195	0.62987012987013	0.805194805194805	0.785714285714286	0	0	0.532467532467532	0.681818181818182	0.12987012987013	0	0.207792207792208	0	0	0	0.805194805194805	0	0.805194805194805	0.805194805194805	0	0.467532467532468	0.805194805194805	0.662337662337662	0.792207792207792	0.805194805194805	0.75974025974026	0.805194805194805	0.805194805194805	0.805194805194805	0.805194805194805	0.805194805194805	0	0.779220779220779	0	0.805194805194805	0.805194805194805	0	0.227272727272727	0	0.454545454545455	0.805194805194805		0	0.707792207792208	0.577922077922078	0	0.785714285714286	0.668831168831169	0.805194805194805	0	0.805194805194805	0	0.805194805194805	0.766233766233766	0	0	0.772727272727273	0	0	0.746753246753247	0.779220779220779	0.779220779220779	0	0.551948051948052	0.532467532467532	0.805194805194805	0.571428571428571	0.792207792207792	0.746753246753247	0	0.805194805194805	0.805194805194805	0.792207792207792
Pennatula_rubra	0	0	0	0	0	0	0	0	0	0	0	0	0	0	0	0	0	0	0	0	0	0	0	0	0	0	0	0	0	0	0	0	0	0	0	0	0	0	0	0	0	0	0	0	0	0	0	0	0	0	0	0	0	0	0	0	0	0	0	0	0	0	0	0	0	0		0	0	0	0	0	0	0	0	0	0	0	0	0	0	0	0	0	0	0	0	0	0	0	0	0	0	0	0	0	0
Periphylla_periphylla	0	0	0	0	0.902597402597403	0	0.902597402597403	0	0	0.902597402597403	0.772727272727273	0.532467532467532	0.902597402597403	0	0	0	0.37012987012987	0.902597402597403	0.733766233766234	0	0.831168831168831	0	0.902597402597403	0.155844155844156	0	0.792207792207792	0.636363636363636	0.902597402597403	0.876623376623377	0	0	0.558441558441558	0.753246753246753	0.12987012987013	0	0.402597402597403	0	0	0	0.896103896103896	0	0.876623376623377	0.896103896103896	0	0.37012987012987	0.844155844155844	0.75974025974026	0.88961038961039	0.902597402597403	0.857142857142857	0.902597402597403	0.902597402597403	0.902597402597403	0.902597402597403	0.902597402597403	0	0.87012987012987	0	0.902597402597403	0.902597402597403	0	0.12987012987013	0	0.551948051948052	0.902597402597403	0.707792207792208	0		0.772727272727273	0	0.902597402597403	0.863636363636364	0.88961038961039	0	0.902597402597403	0	0.902597402597403	0.87012987012987	0	0	0.87012987012987	0	0	0.753246753246753	0.857142857142857	0.87012987012987	0	0.746753246753247	0.584415584415584	0.902597402597403	0.766233766233766	0.88961038961039	0.844155844155844	0	0.902597402597403	0.902597402597403	0.88961038961039
Petrosia_ficiformis	0	0	0	0	0.772727272727273	0	0.772727272727273	0	0	0.772727272727273	0.772727272727273	0.532467532467532	0.772727272727273	0	0	0	0.24025974025974	0.772727272727273	0.668831168831169	0	0.75974025974026	0	0.772727272727273	0.155844155844156	0	0.662337662337662	0.584415584415584	0.772727272727273	0.746753246753247	0	0	0.558441558441558	0.642857142857143	0	0	0.402597402597403	0	0	0	0.766233766233766	0	0.746753246753247	0.766233766233766	0	0.37012987012987	0.714285714285714	0.636363636363636	0.772727272727273	0.772727272727273	0.772727272727273	0.772727272727273	0.772727272727273	0.772727272727273	0.772727272727273	0.772727272727273	0	0.75974025974026	0	0.772727272727273	0.772727272727273	0	0	0	0.551948051948052	0.772727272727273	0.577922077922078	0	0.772727272727273		0	0.772727272727273	0.74025974025974	0.75974025974026	0	0.772727272727273	0	0.772727272727273	0.75974025974026	0	0	0.75974025974026	0	0	0.675324675324675	0.746753246753247	0.753246753246753	0	0.746753246753247	0.584415584415584	0.772727272727273	0.714285714285714	0.772727272727273	0.772727272727273	0	0.772727272727273	0.772727272727273	0.75974025974026
Pirum_gemmata	0	0	0	0	0	0	0	0	0	0	0	0	0	0	0	0	0	0	0	0	0	0	0	0	0	0	0	0	0	0	0	0	0	0	0	0	0	0	0	0	0	0	0	0	0	0	0	0	0	0	0	0	0	0	0	0	0	0	0	0	0	0	0	0	0	0	0	0	0		0	0	0	0	0	0	0	0	0	0	0	0	0	0	0	0	0	0	0	0	0	0	0	0	0	0	0
Plakina_jani	0	0	0	0	0.980519480519481	0	0.980519480519481	0	0	0.980519480519481	0.772727272727273	0.532467532467532	0.980519480519481	0	0	0	0.448051948051948	0.980519480519481	0.766233766233766	0	0.902597402597403	0	0.980519480519481	0.155844155844156	0	0.792207792207792	0.636363636363636	0.980519480519481	0.954545454545455	0	0	0.636363636363636	0.831168831168831	0.12987012987013	0	0.402597402597403	0	0	0	0.974025974025974	0	0.954545454545455	0.974025974025974	0	0.448051948051948	0.922077922077922	0.837662337662338	0.967532467532468	0.980519480519481	0.935064935064935	0.980519480519481	0.980519480519481	0.980519480519481	0.980519480519481	0.980519480519481	0	0.948051948051948	0	0.980519480519481	0.980519480519481	0	0.207792207792208	0	0.62987012987013	0.980519480519481	0.785714285714286	0	0.902597402597403	0.772727272727273	0		0.863636363636364	0.967532467532468	0	0.980519480519481	0	0.980519480519481	0.941558441558442	0	0	0.948051948051948	0	0	0.824675324675325	0.928571428571429	0.941558441558442	0	0.746753246753247	0.642857142857143	0.980519480519481	0.766233766233766	0.967532467532468	0.922077922077922	0	0.980519480519481	0.980519480519481	0.967532467532468
Pleraplysilla_spinifera	0	0	0	0	0.863636363636364	0	0.863636363636364	0	0	0.863636363636364	0.74025974025974	0.532467532467532	0.863636363636364	0	0	0	0.331168831168831	0.863636363636364	0.733766233766234	0	0.792207792207792	0	0.863636363636364	0.123376623376623	0	0.766233766233766	0.603896103896104	0.863636363636364	0.837662337662338	0	0	0.558441558441558	0.746753246753247	0.123376623376623	0	0.402597402597403	0	0	0	0.857142857142857	0	0.837662337662338	0.857142857142857	0	0.337662337662338	0.805194805194805	0.75974025974026	0.850649350649351	0.863636363636364	0.818181818181818	0.863636363636364	0.863636363636364	0.863636363636364	0.863636363636364	0.863636363636364	0	0.831168831168831	0	0.863636363636364	0.863636363636364	0	0.123376623376623	0	0.551948051948052	0.863636363636364	0.668831168831169	0	0.863636363636364	0.74025974025974	0	0.863636363636364		0.850649350649351	0	0.863636363636364	0	0.863636363636364	0.837662337662338	0	0	0.837662337662338	0	0	0.714285714285714	0.818181818181818	0.831168831168831	0	0.714285714285714	0.584415584415584	0.863636363636364	0.733766233766234	0.850649350649351	0.805194805194805	0	0.863636363636364	0.863636363636364	0.863636363636364
Pleurobrachia_species	0	0	0	0	0.987012987012987	0	0.987012987012987	0	0	0.987012987012987	0.75974025974026	0.519480519480519	0.980519480519481	0	0	0	0.454545454545455	0.987012987012987	0.785714285714286	0	0.915584415584416	0	0.987012987012987	0.155844155844156	0	0.792207792207792	0.636363636363636	0.987012987012987	0.961038961038961	0	0	0.642857142857143	0.850649350649351	0.12987012987013	0	0.38961038961039	0	0	0	0.987012987012987	0	0.974025974025974	0.987012987012987	0	0.467532467532468	0.941558441558442	0.844155844155844	0.974025974025974	0.987012987012987	0.941558441558442	0.987012987012987	0.987012987012987	0.987012987012987	0.987012987012987	0.987012987012987	0	0.961038961038961	0	0.987012987012987	0.987012987012987	0	0.227272727272727	0	0.636363636363636	0.987012987012987	0.805194805194805	0	0.88961038961039	0.75974025974026	0	0.967532467532468	0.850649350649351		0	0.987012987012987	0	0.987012987012987	0.948051948051948	0	0	0.954545454545455	0	0	0.844155844155844	0.948051948051948	0.961038961038961	0	0.733766233766234	0.649350649350649	0.987012987012987	0.753246753246753	0.974025974025974	0.928571428571429	0	0.987012987012987	0.987012987012987	0.974025974025974
Plumapathes_pennacea	0	0	0	0	0	0	0	0	0	0	0	0	0	0	0	0	0	0	0	0	0	0	0	0	0	0	0	0	0	0	0	0	0	0	0	0	0	0	0	0	0	0	0	0	0	0	0	0	0	0	0	0	0	0	0	0	0	0	0	0	0	0	0	0	0	0	0	0	0	0	0	0	0		0	0	0	0	0	0	0	0	0	0	0	0	0	0	0	0	0	0	0	0	0	0	0
Porites_australiensis	0	0	0	0	1	0	1	0	0	1	0.772727272727273	0.532467532467532	0.993506493506494	0	0	0	0.467532467532468	1	0.785714285714286	0	0.922077922077922	0	1	0.155844155844156	0	0.792207792207792	0.636363636363636	1	0.974025974025974	0	0	0.655844155844156	0.850649350649351	0.12987012987013	0	0.402597402597403	0	0	0	0.993506493506494	0	0.974025974025974	0.993506493506494	0	0.467532467532468	0.941558441558442	0.857142857142857	0.987012987012987	1	0.954545454545455	1	1	1	1	1	0	0.961038961038961	0	1	1	0	0.227272727272727	0	0.649350649350649	1	0.805194805194805	0	0.902597402597403	0.772727272727273	0	0.980519480519481	0.863636363636364	0.987012987012987	0		0	1	0.961038961038961	0	0	0.967532467532468	0	0	0.844155844155844	0.948051948051948	0.961038961038961	0	0.746753246753247	0.662337662337662	1	0.766233766233766	0.987012987012987	0.941558441558442	0	1	1	0.987012987012987
Rossella_fibulata	0	0	0	0	0	0	0	0	0	0	0	0	0	0	0	0	0	0	0	0	0	0	0	0	0	0	0	0	0	0	0	0	0	0	0	0	0	0	0	0	0	0	0	0	0	0	0	0	0	0	0	0	0	0	0	0	0	0	0	0	0	0	0	0	0	0	0	0	0	0	0	0	0	0	0		0	0	0	0	0	0	0	0	0	0	0	0	0	0	0	0	0	0	0	0	0
Saccoglossus_kowalevskii	0	0	0	0	1	0	1	0	0	1	0.772727272727273	0.532467532467532	0.993506493506494	0	0	0	0.467532467532468	1	0.785714285714286	0	0.922077922077922	0	1	0.155844155844156	0	0.792207792207792	0.636363636363636	1	0.974025974025974	0	0	0.655844155844156	0.850649350649351	0.12987012987013	0	0.402597402597403	0	0	0	0.993506493506494	0	0.974025974025974	0.993506493506494	0	0.467532467532468	0.941558441558442	0.857142857142857	0.987012987012987	1	0.954545454545455	1	1	1	1	1	0	0.961038961038961	0	1	1	0	0.227272727272727	0	0.649350649350649	1	0.805194805194805	0	0.902597402597403	0.772727272727273	0	0.980519480519481	0.863636363636364	0.987012987012987	0	1	0		0.961038961038961	0	0	0.967532467532468	0	0	0.844155844155844	0.948051948051948	0.961038961038961	0	0.746753246753247	0.662337662337662	1	0.766233766233766	0.987012987012987	0.941558441558442	0	1	1	0.987012987012987
Salpingoeca_dolichothecata_16	0	0	0	0	0.961038961038961	0	0.961038961038961	0	0	0.961038961038961	0.75974025974026	0.519480519480519	0.954545454545455	0	0	0	0.441558441558442	0.961038961038961	0.772727272727273	0	0.902597402597403	0	0.961038961038961	0.155844155844156	0	0.75974025974026	0.623376623376623	0.961038961038961	0.935064935064935	0	0	0.642857142857143	0.818181818181818	0.11038961038961	0	0.396103896103896	0	0	0	0.954545454545455	0	0.935064935064935	0.954545454545455	0	0.454545454545455	0.902597402597403	0.824675324675325	0.961038961038961	0.961038961038961	0.915584415584416	0.961038961038961	0.961038961038961	0.961038961038961	0.961038961038961	0.961038961038961	0	0.922077922077922	0	0.961038961038961	0.961038961038961	0	0.201298701298701	0	0.62987012987013	0.961038961038961	0.766233766233766	0	0.87012987012987	0.75974025974026	0	0.941558441558442	0.837662337662338	0.948051948051948	0	0.961038961038961	0	0.961038961038961		0	0	0.961038961038961	0	0	0.811688311688312	0.915584415584416	0.948051948051948	0	0.746753246753247	0.662337662337662	0.961038961038961	0.753246753246753	0.948051948051948	0.902597402597403	0	0.961038961038961	0.961038961038961	0.948051948051948
Salpingoeca_helianthica_18	0	0	0	0	0	0	0	0	0	0	0	0	0	0	0	0	0	0	0	0	0	0	0	0	0	0	0	0	0	0	0	0	0	0	0	0	0	0	0	0	0	0	0	0	0	0	0	0	0	0	0	0	0	0	0	0	0	0	0	0	0	0	0	0	0	0	0	0	0	0	0	0	0	0	0	0	0	0		0	0	0	0	0	0	0	0	0	0	0	0	0	0	0	0	0	0
Salpingoeca_infusionum_12	0	0	0	0	0	0	0	0	0	0	0	0	0	0	0	0	0	0	0	0	0	0	0	0	0	0	0	0	0	0	0	0	0	0	0	0	0	0	0	0	0	0	0	0	0	0	0	0	0	0	0	0	0	0	0	0	0	0	0	0	0	0	0	0	0	0	0	0	0	0	0	0	0	0	0	0	0	0	0		0	0	0	0	0	0	0	0	0	0	0	0	0	0	0	0	0
Salpingoeca_macrocollata_06	0	0	0	0	0.967532467532468	0	0.967532467532468	0	0	0.967532467532468	0.75974025974026	0.519480519480519	0.961038961038961	0	0	0	0.448051948051948	0.967532467532468	0.772727272727273	0	0.902597402597403	0	0.967532467532468	0.155844155844156	0	0.75974025974026	0.623376623376623	0.967532467532468	0.941558441558442	0	0	0.649350649350649	0.824675324675325	0.11038961038961	0	0.396103896103896	0	0	0	0.961038961038961	0	0.941558441558442	0.961038961038961	0	0.461038961038961	0.909090909090909	0.831168831168831	0.967532467532468	0.967532467532468	0.922077922077922	0.967532467532468	0.967532467532468	0.967532467532468	0.967532467532468	0.967532467532468	0	0.928571428571429	0	0.967532467532468	0.967532467532468	0	0.207792207792208	0	0.636363636363636	0.967532467532468	0.772727272727273	0	0.87012987012987	0.75974025974026	0	0.948051948051948	0.837662337662338	0.954545454545455	0	0.967532467532468	0	0.967532467532468	0.961038961038961	0	0		0	0	0.811688311688312	0.915584415584416	0.948051948051948	0	0.746753246753247	0.662337662337662	0.967532467532468	0.753246753246753	0.954545454545455	0.909090909090909	0	0.967532467532468	0.967532467532468	0.954545454545455
Salpingoeca_punica_03	0	0	0	0	0	0	0	0	0	0	0	0	0	0	0	0	0	0	0	0	0	0	0	0	0	0	0	0	0	0	0	0	0	0	0	0	0	0	0	0	0	0	0	0	0	0	0	0	0	0	0	0	0	0	0	0	0	0	0	0	0	0	0	0	0	0	0	0	0	0	0	0	0	0	0	0	0	0	0	0	0		0	0	0	0	0	0	0	0	0	0	0	0	0	0	0
Salpingoeca_qvevrii_09	0	0	0	0	0	0	0	0	0	0	0	0	0	0	0	0	0	0	0	0	0	0	0	0	0	0	0	0	0	0	0	0	0	0	0	0	0	0	0	0	0	0	0	0	0	0	0	0	0	0	0	0	0	0	0	0	0	0	0	0	0	0	0	0	0	0	0	0	0	0	0	0	0	0	0	0	0	0	0	0	0	0		0	0	0	0	0	0	0	0	0	0	0	0	0	0
Salpingoeca_roanoka_13	0	0	0	0	0.844155844155844	0	0.844155844155844	0	0	0.844155844155844	0.675324675324675	0.435064935064935	0.837662337662338	0	0	0	0.311688311688312	0.844155844155844	0.681818181818182	0	0.824675324675325	0	0.844155844155844	0.155844155844156	0	0.714285714285714	0.584415584415584	0.844155844155844	0.818181818181818	0	0	0.623376623376623	0.74025974025974	0.0779220779220779	0	0.305194805194805	0	0	0	0.844155844155844	0	0.844155844155844	0.844155844155844	0	0.461038961038961	0.818181818181818	0.701298701298701	0.831168831168831	0.844155844155844	0.844155844155844	0.844155844155844	0.844155844155844	0.844155844155844	0.844155844155844	0.844155844155844	0	0.837662337662338	0	0.844155844155844	0.844155844155844	0	0.168831168831169	0	0.545454545454545	0.844155844155844	0.746753246753247	0	0.753246753246753	0.675324675324675	0	0.824675324675325	0.714285714285714	0.844155844155844	0	0.844155844155844	0	0.844155844155844	0.811688311688312	0	0	0.811688311688312	0	0		0.844155844155844	0.824675324675325	0	0.649350649350649	0.623376623376623	0.844155844155844	0.616883116883117	0.844155844155844	0.837662337662338	0	0.844155844155844	0.844155844155844	0.831168831168831
Salpingoeca_rosetta	0	0	0	0	0.948051948051948	0	0.948051948051948	0	0	0.948051948051948	0.746753246753247	0.506493506493506	0.941558441558442	0	0	0	0.415584415584416	0.948051948051948	0.766233766233766	0	0.902597402597403	0	0.948051948051948	0.155844155844156	0	0.772727272727273	0.616883116883117	0.948051948051948	0.922077922077922	0	0	0.623376623376623	0.844155844155844	0.11038961038961	0	0.376623376623377	0	0	0	0.948051948051948	0	0.948051948051948	0.948051948051948	0	0.461038961038961	0.915584415584416	0.805194805194805	0.935064935064935	0.948051948051948	0.922077922077922	0.948051948051948	0.948051948051948	0.948051948051948	0.948051948051948	0.948051948051948	0	0.941558441558442	0	0.948051948051948	0.948051948051948	0	0.201298701298701	0	0.616883116883117	0.948051948051948	0.779220779220779	0	0.857142857142857	0.746753246753247	0	0.928571428571429	0.818181818181818	0.948051948051948	0	0.948051948051948	0	0.948051948051948	0.915584415584416	0	0	0.915584415584416	0	0	0.844155844155844		0.928571428571429	0	0.720779220779221	0.636363636363636	0.948051948051948	0.720779220779221	0.948051948051948	0.909090909090909	0	0.948051948051948	0.948051948051948	0.935064935064935
Salpingoeca_urceolata_04	0	0	0	0	0.961038961038961	0	0.961038961038961	0	0	0.961038961038961	0.753246753246753	0.512987012987013	0.954545454545455	0	0	0	0.435064935064935	0.961038961038961	0.779220779220779	0	0.909090909090909	0	0.961038961038961	0.155844155844156	0	0.772727272727273	0.62987012987013	0.961038961038961	0.935064935064935	0	0	0.636363636363636	0.831168831168831	0.116883116883117	0	0.383116883116883	0	0	0	0.961038961038961	0	0.948051948051948	0.961038961038961	0	0.461038961038961	0.915584415584416	0.818181818181818	0.961038961038961	0.961038961038961	0.915584415584416	0.961038961038961	0.961038961038961	0.961038961038961	0.961038961038961	0.961038961038961	0	0.935064935064935	0	0.961038961038961	0.961038961038961	0	0.207792207792208	0	0.623376623376623	0.961038961038961	0.779220779220779	0	0.87012987012987	0.753246753246753	0	0.941558441558442	0.831168831168831	0.961038961038961	0	0.961038961038961	0	0.961038961038961	0.948051948051948	0	0	0.948051948051948	0	0	0.824675324675325	0.928571428571429		0	0.733766233766234	0.649350649350649	0.961038961038961	0.746753246753247	0.948051948051948	0.902597402597403	0	0.961038961038961	0.961038961038961	0.948051948051948
Sphaeroforma_arctica_JP610	0	0	0	0	0	0	0	0	0	0	0	0	0	0	0	0	0	0	0	0	0	0	0	0	0	0	0	0	0	0	0	0	0	0	0	0	0	0	0	0	0	0	0	0	0	0	0	0	0	0	0	0	0	0	0	0	0	0	0	0	0	0	0	0	0	0	0	0	0	0	0	0	0	0	0	0	0	0	0	0	0	0	0	0	0	0		0	0	0	0	0	0	0	0	0	0
Spongilla_lacustris	0	0	0	0	0.746753246753247	0	0.746753246753247	0	0	0.746753246753247	0.746753246753247	0.506493506493506	0.746753246753247	0	0	0	0.24025974025974	0.746753246753247	0.642857142857143	0	0.733766233766234	0	0.746753246753247	0.155844155844156	0	0.636363636363636	0.558441558441558	0.746753246753247	0.720779220779221	0	0	0.538961038961039	0.623376623376623	0	0	0.383116883116883	0	0	0	0.74025974025974	0	0.720779220779221	0.74025974025974	0	0.363636363636364	0.688311688311688	0.61038961038961	0.746753246753247	0.746753246753247	0.746753246753247	0.746753246753247	0.746753246753247	0.746753246753247	0.746753246753247	0.746753246753247	0	0.733766233766234	0	0.746753246753247	0.746753246753247	0	0	0	0.525974025974026	0.746753246753247	0.551948051948052	0	0.746753246753247	0.746753246753247	0	0.746753246753247	0.714285714285714	0.733766233766234	0	0.746753246753247	0	0.746753246753247	0.746753246753247	0	0	0.746753246753247	0	0	0.649350649350649	0.720779220779221	0.733766233766234	0		0.571428571428571	0.746753246753247	0.688311688311688	0.746753246753247	0.746753246753247	0	0.746753246753247	0.746753246753247	0.733766233766234
Stephanoeca_diplocostata_AUFR	0	0	0	0	0.662337662337662	0	0.662337662337662	0	0	0.662337662337662	0.584415584415584	0.454545454545455	0.655844155844156	0	0	0	0.201298701298701	0.662337662337662	0.590909090909091	0	0.655844155844156	0	0.662337662337662	0.0454545454545455	0	0.538961038961039	0.461038961038961	0.662337662337662	0.636363636363636	0	0	0.623376623376623	0.636363636363636	0	0	0.331168831168831	0	0	0	0.655844155844156	0	0.636363636363636	0.655844155844156	0	0.331168831168831	0.616883116883117	0.62987012987013	0.662337662337662	0.662337662337662	0.662337662337662	0.662337662337662	0.662337662337662	0.662337662337662	0.662337662337662	0.662337662337662	0	0.642857142857143	0	0.662337662337662	0.662337662337662	0	0.0779220779220779	0	0.551948051948052	0.662337662337662	0.532467532467532	0	0.584415584415584	0.584415584415584	0	0.642857142857143	0.584415584415584	0.649350649350649	0	0.662337662337662	0	0.662337662337662	0.662337662337662	0	0	0.662337662337662	0	0	0.623376623376623	0.636363636363636	0.649350649350649	0	0.571428571428571		0.662337662337662	0.525974025974026	0.662337662337662	0.662337662337662	0	0.662337662337662	0.662337662337662	0.662337662337662
Stomolophus_meleagris	0	0	0	0	1	0	1	0	0	1	0.772727272727273	0.532467532467532	0.993506493506494	0	0	0	0.467532467532468	1	0.785714285714286	0	0.922077922077922	0	1	0.155844155844156	0	0.792207792207792	0.636363636363636	1	0.974025974025974	0	0	0.655844155844156	0.850649350649351	0.12987012987013	0	0.402597402597403	0	0	0	0.993506493506494	0	0.974025974025974	0.993506493506494	0	0.467532467532468	0.941558441558442	0.857142857142857	0.987012987012987	1	0.954545454545455	1	1	1	1	1	0	0.961038961038961	0	1	1	0	0.227272727272727	0	0.649350649350649	1	0.805194805194805	0	0.902597402597403	0.772727272727273	0	0.980519480519481	0.863636363636364	0.987012987012987	0	1	0	1	0.961038961038961	0	0	0.967532467532468	0	0	0.844155844155844	0.948051948051948	0.961038961038961	0	0.746753246753247	0.662337662337662		0.766233766233766	0.987012987012987	0.941558441558442	0	1	1	0.987012987012987
Strongylocentrotus_purpuratus	0	0	0	0	0.766233766233766	0	0.766233766233766	0	0	0.766233766233766	0.714285714285714	0.532467532467532	0.766233766233766	0	0	0	0.292207792207792	0.766233766233766	0.662337662337662	0	0.707792207792208	0	0.766233766233766	0.149350649350649	0	0.655844155844156	0.577922077922078	0.766233766233766	0.74025974025974	0	0	0.5	0.616883116883117	0.051948051948052	0	0.402597402597403	0	0	0	0.75974025974026	0	0.74025974025974	0.75974025974026	0	0.311688311688312	0.707792207792208	0.636363636363636	0.766233766233766	0.766233766233766	0.720779220779221	0.766233766233766	0.766233766233766	0.766233766233766	0.766233766233766	0.766233766233766	0	0.733766233766234	0	0.766233766233766	0.766233766233766	0	0.051948051948052	0	0.538961038961039	0.766233766233766	0.571428571428571	0	0.766233766233766	0.714285714285714	0	0.766233766233766	0.733766233766234	0.753246753246753	0	0.766233766233766	0	0.766233766233766	0.753246753246753	0	0	0.753246753246753	0	0	0.616883116883117	0.720779220779221	0.746753246753247	0	0.688311688311688	0.525974025974026	0.766233766233766		0.753246753246753	0.714285714285714	0	0.766233766233766	0.766233766233766	0.753246753246753
Sycon_ciliatum	0	0	0	0	0.987012987012987	0	0.987012987012987	0	0	0.987012987012987	0.772727272727273	0.532467532467532	0.980519480519481	0	0	0	0.454545454545455	0.987012987012987	0.772727272727273	0	0.922077922077922	0	0.987012987012987	0.155844155844156	0	0.779220779220779	0.623376623376623	0.987012987012987	0.961038961038961	0	0	0.655844155844156	0.850649350649351	0.116883116883117	0	0.402597402597403	0	0	0	0.980519480519481	0	0.961038961038961	0.980519480519481	0	0.467532467532468	0.928571428571429	0.844155844155844	0.974025974025974	0.987012987012987	0.954545454545455	0.987012987012987	0.987012987012987	0.987012987012987	0.987012987012987	0.987012987012987	0	0.961038961038961	0	0.987012987012987	0.987012987012987	0	0.214285714285714	0	0.649350649350649	0.987012987012987	0.792207792207792	0	0.88961038961039	0.772727272727273	0	0.967532467532468	0.850649350649351	0.974025974025974	0	0.987012987012987	0	0.987012987012987	0.948051948051948	0	0	0.954545454545455	0	0	0.844155844155844	0.948051948051948	0.948051948051948	0	0.746753246753247	0.662337662337662	0.987012987012987	0.753246753246753		0.941558441558442	0	0.987012987012987	0.987012987012987	0.974025974025974
Sycon_coactum	0	0	0	0	0.941558441558442	0	0.941558441558442	0	0	0.941558441558442	0.772727272727273	0.532467532467532	0.935064935064935	0	0	0	0.409090909090909	0.941558441558442	0.727272727272727	0	0.909090909090909	0	0.941558441558442	0.155844155844156	0	0.733766233766234	0.584415584415584	0.941558441558442	0.915584415584416	0	0	0.655844155844156	0.811688311688312	0.0714285714285714	0	0.402597402597403	0	0	0	0.935064935064935	0	0.915584415584416	0.935064935064935	0	0.467532467532468	0.883116883116883	0.798701298701299	0.928571428571429	0.941558441558442	0.941558441558442	0.941558441558442	0.941558441558442	0.941558441558442	0.941558441558442	0.941558441558442	0	0.922077922077922	0	0.941558441558442	0.941558441558442	0	0.168831168831169	0	0.649350649350649	0.941558441558442	0.746753246753247	0	0.844155844155844	0.772727272727273	0	0.922077922077922	0.805194805194805	0.928571428571429	0	0.941558441558442	0	0.941558441558442	0.902597402597403	0	0	0.909090909090909	0	0	0.837662337662338	0.909090909090909	0.902597402597403	0	0.746753246753247	0.662337662337662	0.941558441558442	0.714285714285714	0.941558441558442		0	0.941558441558442	0.941558441558442	0.928571428571429
Sympagella_nux	0	0	0	0	0	0	0	0	0	0	0	0	0	0	0	0	0	0	0	0	0	0	0	0	0	0	0	0	0	0	0	0	0	0	0	0	0	0	0	0	0	0	0	0	0	0	0	0	0	0	0	0	0	0	0	0	0	0	0	0	0	0	0	0	0	0	0	0	0	0	0	0	0	0	0	0	0	0	0	0	0	0	0	0	0	0	0	0	0	0	0	0	0		0	0	0
Tribolium_castaneum	0	0	0	0	1	0	1	0	0	1	0.772727272727273	0.532467532467532	0.993506493506494	0	0	0	0.467532467532468	1	0.785714285714286	0	0.922077922077922	0	1	0.155844155844156	0	0.792207792207792	0.636363636363636	1	0.974025974025974	0	0	0.655844155844156	0.850649350649351	0.12987012987013	0	0.402597402597403	0	0	0	0.993506493506494	0	0.974025974025974	0.993506493506494	0	0.467532467532468	0.941558441558442	0.857142857142857	0.987012987012987	1	0.954545454545455	1	1	1	1	1	0	0.961038961038961	0	1	1	0	0.227272727272727	0	0.649350649350649	1	0.805194805194805	0	0.902597402597403	0.772727272727273	0	0.980519480519481	0.863636363636364	0.987012987012987	0	1	0	1	0.961038961038961	0	0	0.967532467532468	0	0	0.844155844155844	0.948051948051948	0.961038961038961	0	0.746753246753247	0.662337662337662	1	0.766233766233766	0.987012987012987	0.941558441558442	0		1	0.987012987012987
Trichoplax_adhaerens	0	0	0	0	1	0	1	0	0	1	0.772727272727273	0.532467532467532	0.993506493506494	0	0	0	0.467532467532468	1	0.785714285714286	0	0.922077922077922	0	1	0.155844155844156	0	0.792207792207792	0.636363636363636	1	0.974025974025974	0	0	0.655844155844156	0.850649350649351	0.12987012987013	0	0.402597402597403	0	0	0	0.993506493506494	0	0.974025974025974	0.993506493506494	0	0.467532467532468	0.941558441558442	0.857142857142857	0.987012987012987	1	0.954545454545455	1	1	1	1	1	0	0.961038961038961	0	1	1	0	0.227272727272727	0	0.649350649350649	1	0.805194805194805	0	0.902597402597403	0.772727272727273	0	0.980519480519481	0.863636363636364	0.987012987012987	0	1	0	1	0.961038961038961	0	0	0.967532467532468	0	0	0.844155844155844	0.948051948051948	0.961038961038961	0	0.746753246753247	0.662337662337662	1	0.766233766233766	0.987012987012987	0.941558441558442	0	1		0.987012987012987
Vallicula_multiformis	0	0	0	0	0.987012987012987	0	0.987012987012987	0	0	0.987012987012987	0.75974025974026	0.532467532467532	0.980519480519481	0	0	0	0.454545454545455	0.987012987012987	0.785714285714286	0	0.909090909090909	0	0.987012987012987	0.142857142857143	0	0.792207792207792	0.623376623376623	0.987012987012987	0.961038961038961	0	0	0.655844155844156	0.850649350649351	0.12987012987013	0	0.402597402597403	0	0	0	0.980519480519481	0	0.961038961038961	0.980519480519481	0	0.454545454545455	0.928571428571429	0.857142857142857	0.974025974025974	0.987012987012987	0.941558441558442	0.987012987012987	0.987012987012987	0.987012987012987	0.987012987012987	0.987012987012987	0	0.948051948051948	0	0.987012987012987	0.987012987012987	0	0.227272727272727	0	0.649350649350649	0.987012987012987	0.792207792207792	0	0.88961038961039	0.75974025974026	0	0.967532467532468	0.863636363636364	0.974025974025974	0	0.987012987012987	0	0.987012987012987	0.948051948051948	0	0	0.954545454545455	0	0	0.831168831168831	0.935064935064935	0.948051948051948	0	0.733766233766234	0.662337662337662	0.987012987012987	0.753246753246753	0.974025974025974	0.928571428571429	0	0.987012987012987	0.987012987012987	
