	Abeoforma_whisleri	Acanthoeca_sp_10tr	Acanthoeca_spectabilis_VA_02	Aiptasia_pallida	Alatina_alata	Amoebidium_parasiticum_JAP72	Amphimedon_queenslandica	Antipathes_caribbeana	Aphrocallistes_vastus	Aplysia_californica	Atolla_vanhoeffeni	Aurelia_aurita	Beroe_abyssicola	Beroe_sp	Bolinopsis_infundibulum	Bolocera_tuedia	Branchiostoma_floridae	Capitella_teleta	Capsaspora_owczarzaki_atcc30864	Cestum_veneris	Choanoeca_perplexa_11	Chondrilla_nucula	Clathrina_coriacea	Clytia_hemisphaerica	Codosiga_hollandica_17	Coeloplana_species	Corticium_candelabrum	Craspedacusta_sowerbyi	Crassostrea_gigas	Creolimax_fragrantissima	Daphnia_pulex	Diaphanoeca_grandis_RI_01	Didymoeca_costata_10	Dryodora_glandiformis	Edwardsiella_lineata	Ephydatia_muelleri	Euplectella_aspergillum	Euplokamis_dunlapae	Gorgonia_ventalina	Grantia_compressa	Helobdella_robusta	Homo_sapiens	Hormiphora_californensis	Hyalonema_populiferum	Hydra_magnipapillata	Hydractinia_polyclina	Ircinia_fasciculata	Ixodes_scapularis	Kirkpatrickia_variolosa	Lampea_pancerina	Latrunculia_apicalis	Leuconia_nivea	Leucosolenia_complicata	Liriope_tetraphylla	Lucernariopsis_campanulata	Ministeria_vibrans	Mnemiopsis_leidyi	Monosiga_brevicollis_mx1	Montastraea_faveolata	Mycale_phyllophila	Mylnosiga_fluctuans_19	Nanomia_bijuga	Nematostella_vectensis	Oscarella_carmela	Oscarella_species	Pelagia_noctiluca	Pennatula_rubra	Periphylla_periphylla	Petrosia_ficiformis	Pirum_gemmata	Plakina_jani	Pleraplysilla_spinifera	Pleurobrachia_species	Plumapathes_pennacea	Porites_australiensis	Rossella_fibulata	Saccoglossus_kowalevskii	Salpingoeca_dolichothecata_16	Salpingoeca_helianthica_18	Salpingoeca_infusionum_12	Salpingoeca_macrocollata_06	Salpingoeca_punica_03	Salpingoeca_qvevrii_09	Salpingoeca_roanoka_13	Salpingoeca_rosetta	Salpingoeca_urceolata_04	Sphaeroforma_arctica_JP610	Spongilla_lacustris	Stephanoeca_diplocostata_AUFR	Stomolophus_meleagris	Strongylocentrotus_purpuratus	Sycon_ciliatum	Sycon_coactum	Sympagella_nux	Tribolium_castaneum	Trichoplax_adhaerens	Vallicula_multiformis
Abeoforma_whisleri		1	1	0	0.04	1	0.032	0	0.504	0.32	0.488	0.072	0.072	1	0	0.568	0	0	0.016	0	0.048	0	1	1	0.152	0.008	1	0	0.032	1	0	0.168	0.144	0	0	0.208	1	0.584	0.088	0.008	0.032	0	0	0.64	0.088	0	0.088	0.104	0.408	0.008	0.4	0.088	0	1	0.016	0.416	0	1	0	0.008	1	0.08	0	1	0.016	0.192	0.096	0	0	1	1	0.016	0.064	0	0	0.592	0	0.048	0.128	0.296	0.096	0.056	1	0.176	0.08	0.104	1	0.056	1	0.072	0.032	1	1	0.504	0.048	0.008	0.008
Acanthoeca_sp_10tr	1		1	0	0.04	1	0.032	0	0.504	0.32	0.488	0.072	0.072	1	0	0.568	0	0	0.016	0	0.048	0	1	1	0.152	0.008	1	0	0.032	1	0	0.168	0.144	0	0	0.208	1	0.584	0.088	0.008	0.032	0	0	0.64	0.088	0	0.088	0.104	0.408	0.008	0.4	0.088	0	1	0.016	0.416	0	1	0	0.008	1	0.08	0	1	0.016	0.192	0.096	0	0	1	1	0.016	0.064	0	0	0.592	0	0.048	0.128	0.296	0.096	0.056	1	0.176	0.08	0.104	1	0.056	1	0.072	0.032	1	1	0.504	0.048	0.008	0.008
Acanthoeca_spectabilis_VA_02	1	1		0	0.04	1	0.032	0	0.504	0.32	0.488	0.072	0.072	1	0	0.568	0	0	0.016	0	0.048	0	1	1	0.152	0.008	1	0	0.032	1	0	0.168	0.144	0	0	0.208	1	0.584	0.088	0.008	0.032	0	0	0.64	0.088	0	0.088	0.104	0.408	0.008	0.4	0.088	0	1	0.016	0.416	0	1	0	0.008	1	0.08	0	1	0.016	0.192	0.096	0	0	1	1	0.016	0.064	0	0	0.592	0	0.048	0.128	0.296	0.096	0.056	1	0.176	0.08	0.104	1	0.056	1	0.072	0.032	1	1	0.504	0.048	0.008	0.008
Aiptasia_pallida	0	0	0		0	0	0	0	0	0	0	0	0	0	0	0	0	0	0	0	0	0	0	0	0	0	0	0	0	0	0	0	0	0	0	0	0	0	0	0	0	0	0	0	0	0	0	0	0	0	0	0	0	0	0	0	0	0	0	0	0	0	0	0	0	0	0	0	0	0	0	0	0	0	0	0	0	0	0	0	0	0	0	0	0	0	0	0	0	0	0	0	0	0	0	0	0
Alatina_alata	0.04	0.04	0.04	0		0.04	0.008	0	0.032	0	0.032	0	0.008	0.04	0	0.008	0	0	0.008	0	0	0	0.04	0.04	0.024	0.008	0.04	0	0.032	0.04	0	0.024	0.024	0	0	0.008	0.04	0.04	0.008	0.008	0	0	0	0.04	0.008	0	0	0.008	0.008	0.008	0.04	0	0	0.04	0.008	0.008	0	0.04	0	0.008	0.04	0	0	0.04	0.016	0	0.008	0	0	0.04	0.04	0.008	0.008	0	0	0.04	0	0.008	0	0.032	0	0	0.04	0	0	0.008	0.04	0.008	0.04	0	0.032	0.04	0.04	0.032	0.008	0.008	0.008
Amoebidium_parasiticum_JAP72	1	1	1	0	0.04		0.032	0	0.504	0.32	0.488	0.072	0.072	1	0	0.568	0	0	0.016	0	0.048	0	1	1	0.152	0.008	1	0	0.032	1	0	0.168	0.144	0	0	0.208	1	0.584	0.088	0.008	0.032	0	0	0.64	0.088	0	0.088	0.104	0.408	0.008	0.4	0.088	0	1	0.016	0.416	0	1	0	0.008	1	0.08	0	1	0.016	0.192	0.096	0	0	1	1	0.016	0.064	0	0	0.592	0	0.048	0.128	0.296	0.096	0.056	1	0.176	0.08	0.104	1	0.056	1	0.072	0.032	1	1	0.504	0.048	0.008	0.008
Amphimedon_queenslandica	0.032	0.032	0.032	0	0.008	0.032		0	0	0.024	0	0	0.008	0.032	0	0.032	0	0	0.008	0	0	0	0.032	0.032	0.008	0.008	0.032	0	0	0.032	0	0.024	0.008	0	0	0.016	0.032	0.008	0.008	0.008	0	0	0	0.032	0.008	0	0	0.008	0.024	0.008	0.008	0	0	0.032	0.008	0.032	0	0.032	0	0	0.032	0	0	0.032	0	0	0.008	0	0	0.032	0.032	0.008	0.008	0	0	0.008	0	0.008	0	0	0	0	0.032	0	0	0.008	0.032	0	0.032	0	0.008	0.032	0.032	0	0.008	0.008	0.008
Antipathes_caribbeana	0	0	0	0	0	0	0		0	0	0	0	0	0	0	0	0	0	0	0	0	0	0	0	0	0	0	0	0	0	0	0	0	0	0	0	0	0	0	0	0	0	0	0	0	0	0	0	0	0	0	0	0	0	0	0	0	0	0	0	0	0	0	0	0	0	0	0	0	0	0	0	0	0	0	0	0	0	0	0	0	0	0	0	0	0	0	0	0	0	0	0	0	0	0	0	0
Aphrocallistes_vastus	0.504	0.504	0.504	0	0.032	0.504	0	0		0.128	0.432	0.072	0.008	0.504	0	0.072	0	0	0	0	0.048	0	0.504	0.504	0.088	0	0.504	0	0.032	0.504	0	0.088	0.088	0	0	0.176	0.504	0.432	0.072	0	0.024	0	0	0.504	0.072	0	0.072	0.032	0.072	0	0.296	0.088	0	0.504	0	0.072	0	0.504	0	0.008	0.504	0.072	0	0.504	0.016	0.104	0.08	0	0	0.504	0.504	0	0	0	0	0.504	0	0.04	0.12	0.288	0.096	0.048	0.504	0.144	0.08	0.088	0.504	0.056	0.504	0.072	0.024	0.504	0.504	0.504	0.032	0	0
Aplysia_californica	0.32	0.32	0.32	0	0	0.32	0.024	0	0.128		0.184	0	0	0.32	0	0.192	0	0	0	0	0	0	0.32	0.32	0	0	0.32	0	0	0.32	0	0.016	0	0	0	0.016	0.32	0.264	0	0	0	0	0	0.232	0	0	0	0	0.032	0	0	0	0	0.32	0	0.04	0	0.32	0	0	0.32	0	0	0.32	0	0.12	0	0	0	0.32	0.32	0	0	0	0	0.152	0	0	0	0	0	0	0.32	0	0	0	0.32	0	0.32	0	0	0.32	0.32	0.128	0	0	0
Atolla_vanhoeffeni	0.488	0.488	0.488	0	0.032	0.488	0	0	0.432	0.184		0	0	0.488	0	0.056	0	0	0	0	0.048	0	0.488	0.488	0.016	0	0.488	0	0.032	0.488	0	0.016	0.016	0	0	0.104	0.488	0.488	0	0	0	0	0	0.48	0	0	0	0	0	0	0.224	0.088	0	0.488	0	0	0	0.488	0	0.008	0.488	0	0	0.488	0.016	0.088	0.008	0	0	0.488	0.488	0	0	0	0	0.456	0	0.04	0.048	0.216	0.048	0.048	0.488	0.072	0.072	0.056	0.488	0.056	0.488	0	0.024	0.488	0.488	0.432	0	0	0
Aurelia_aurita	0.072	0.072	0.072	0	0	0.072	0	0	0.072	0	0		0.008	0.072	0	0.072	0	0	0	0	0	0	0.072	0.072	0.072	0	0.072	0	0	0.072	0	0.072	0.072	0	0	0.072	0.072	0	0.072	0	0.024	0	0	0.072	0.072	0	0.072	0.032	0.072	0	0.072	0	0	0.072	0	0.072	0	0.072	0	0	0.072	0.072	0	0.072	0	0.072	0.072	0	0	0.072	0.072	0	0	0	0	0.072	0	0	0.072	0.072	0.048	0	0.072	0.072	0.008	0.032	0.072	0	0.072	0.072	0	0.072	0.072	0.072	0.032	0	0
Beroe_abyssicola	0.072	0.072	0.072	0	0.008	0.072	0.008	0	0.008	0	0	0.008		0.072	0	0.072	0	0	0.016	0	0	0	0.072	0.072	0.072	0.008	0.072	0	0	0.072	0	0.072	0.024	0	0	0.016	0.072	0.016	0.024	0.008	0	0	0	0.024	0.016	0	0.016	0.064	0.072	0.008	0.072	0	0	0.072	0.016	0.072	0	0.072	0	0	0.072	0.008	0	0.072	0	0.008	0.024	0	0	0.072	0.072	0.008	0.064	0	0	0.072	0	0.008	0.016	0.016	0	0	0.072	0.04	0	0.008	0.072	0	0.072	0.008	0.008	0.072	0.072	0.008	0.016	0.008	0.008
Beroe_sp	1	1	1	0	0.04	1	0.032	0	0.504	0.32	0.488	0.072	0.072		0	0.568	0	0	0.016	0	0.048	0	1	1	0.152	0.008	1	0	0.032	1	0	0.168	0.144	0	0	0.208	1	0.584	0.088	0.008	0.032	0	0	0.64	0.088	0	0.088	0.104	0.408	0.008	0.4	0.088	0	1	0.016	0.416	0	1	0	0.008	1	0.08	0	1	0.016	0.192	0.096	0	0	1	1	0.016	0.064	0	0	0.592	0	0.048	0.128	0.296	0.096	0.056	1	0.176	0.08	0.104	1	0.056	1	0.072	0.032	1	1	0.504	0.048	0.008	0.008
Bolinopsis_infundibulum	0	0	0	0	0	0	0	0	0	0	0	0	0	0		0	0	0	0	0	0	0	0	0	0	0	0	0	0	0	0	0	0	0	0	0	0	0	0	0	0	0	0	0	0	0	0	0	0	0	0	0	0	0	0	0	0	0	0	0	0	0	0	0	0	0	0	0	0	0	0	0	0	0	0	0	0	0	0	0	0	0	0	0	0	0	0	0	0	0	0	0	0	0	0	0	0
Bolocera_tuedia	0.568	0.568	0.568	0	0.008	0.568	0.032	0	0.072	0.192	0.056	0.072	0.072	0.568	0		0	0	0.016	0	0	0	0.568	0.568	0.136	0.008	0.568	0	0	0.568	0	0.152	0.128	0	0	0.104	0.568	0.152	0.088	0.008	0.032	0	0	0.208	0.088	0	0.088	0.104	0.408	0.008	0.176	0	0	0.568	0.016	0.416	0	0.568	0	0	0.568	0.08	0	0.568	0	0.16	0.088	0	0	0.568	0.568	0.016	0.064	0	0	0.16	0	0.008	0.08	0.08	0.048	0.008	0.568	0.104	0.008	0.048	0.568	0	0.568	0.072	0.008	0.568	0.568	0.072	0.048	0.008	0.008
Branchiostoma_floridae	0	0	0	0	0	0	0	0	0	0	0	0	0	0	0	0		0	0	0	0	0	0	0	0	0	0	0	0	0	0	0	0	0	0	0	0	0	0	0	0	0	0	0	0	0	0	0	0	0	0	0	0	0	0	0	0	0	0	0	0	0	0	0	0	0	0	0	0	0	0	0	0	0	0	0	0	0	0	0	0	0	0	0	0	0	0	0	0	0	0	0	0	0	0	0	0
Capitella_teleta	0	0	0	0	0	0	0	0	0	0	0	0	0	0	0	0	0		0	0	0	0	0	0	0	0	0	0	0	0	0	0	0	0	0	0	0	0	0	0	0	0	0	0	0	0	0	0	0	0	0	0	0	0	0	0	0	0	0	0	0	0	0	0	0	0	0	0	0	0	0	0	0	0	0	0	0	0	0	0	0	0	0	0	0	0	0	0	0	0	0	0	0	0	0	0	0
Capsaspora_owczarzaki_atcc30864	0.016	0.016	0.016	0	0.008	0.016	0.008	0	0	0	0	0	0.016	0.016	0	0.016	0	0		0	0	0	0.016	0.016	0.016	0.008	0.016	0	0	0.016	0	0.016	0.008	0	0	0	0.016	0.016	0.016	0.008	0	0	0	0.016	0.008	0	0	0.016	0.016	0.008	0.016	0	0	0.016	0.016	0.016	0	0.016	0	0	0.016	0	0	0.016	0	0	0.016	0	0	0.016	0.016	0.008	0.016	0	0	0.016	0	0.008	0	0	0	0	0.016	0	0	0.008	0.016	0	0.016	0	0.008	0.016	0.016	0	0.016	0.008	0.008
Cestum_veneris	0	0	0	0	0	0	0	0	0	0	0	0	0	0	0	0	0	0	0		0	0	0	0	0	0	0	0	0	0	0	0	0	0	0	0	0	0	0	0	0	0	0	0	0	0	0	0	0	0	0	0	0	0	0	0	0	0	0	0	0	0	0	0	0	0	0	0	0	0	0	0	0	0	0	0	0	0	0	0	0	0	0	0	0	0	0	0	0	0	0	0	0	0	0	0	0
Choanoeca_perplexa_11	0.048	0.048	0.048	0	0	0.048	0	0	0.048	0	0.048	0	0	0.048	0	0	0	0	0	0		0	0.048	0.048	0	0	0.048	0	0	0.048	0	0	0	0	0	0.04	0.048	0.048	0	0	0	0	0	0.048	0	0	0	0	0	0	0.048	0.032	0	0.048	0	0	0	0.048	0	0	0.048	0	0	0.048	0	0	0	0	0	0.048	0.048	0	0	0	0	0.048	0	0.04	0.048	0.048	0.048	0.048	0.048	0.048	0.048	0.048	0.048	0.04	0.048	0	0	0.048	0.048	0.048	0	0	0
Chondrilla_nucula	0	0	0	0	0	0	0	0	0	0	0	0	0	0	0	0	0	0	0	0	0		0	0	0	0	0	0	0	0	0	0	0	0	0	0	0	0	0	0	0	0	0	0	0	0	0	0	0	0	0	0	0	0	0	0	0	0	0	0	0	0	0	0	0	0	0	0	0	0	0	0	0	0	0	0	0	0	0	0	0	0	0	0	0	0	0	0	0	0	0	0	0	0	0	0	0
Clathrina_coriacea	1	1	1	0	0.04	1	0.032	0	0.504	0.32	0.488	0.072	0.072	1	0	0.568	0	0	0.016	0	0.048	0		1	0.152	0.008	1	0	0.032	1	0	0.168	0.144	0	0	0.208	1	0.584	0.088	0.008	0.032	0	0	0.64	0.088	0	0.088	0.104	0.408	0.008	0.4	0.088	0	1	0.016	0.416	0	1	0	0.008	1	0.08	0	1	0.016	0.192	0.096	0	0	1	1	0.016	0.064	0	0	0.592	0	0.048	0.128	0.296	0.096	0.056	1	0.176	0.08	0.104	1	0.056	1	0.072	0.032	1	1	0.504	0.048	0.008	0.008
Clytia_hemisphaerica	1	1	1	0	0.04	1	0.032	0	0.504	0.32	0.488	0.072	0.072	1	0	0.568	0	0	0.016	0	0.048	0	1		0.152	0.008	1	0	0.032	1	0	0.168	0.144	0	0	0.208	1	0.584	0.088	0.008	0.032	0	0	0.64	0.088	0	0.088	0.104	0.408	0.008	0.4	0.088	0	1	0.016	0.416	0	1	0	0.008	1	0.08	0	1	0.016	0.192	0.096	0	0	1	1	0.016	0.064	0	0	0.592	0	0.048	0.128	0.296	0.096	0.056	1	0.176	0.08	0.104	1	0.056	1	0.072	0.032	1	1	0.504	0.048	0.008	0.008
Codosiga_hollandica_17	0.152	0.152	0.152	0	0.024	0.152	0.008	0	0.088	0	0.016	0.072	0.072	0.152	0	0.136	0	0	0.016	0	0	0	0.152	0.152		0.008	0.152	0	0.016	0.152	0	0.152	0.104	0	0	0.088	0.152	0.032	0.088	0.008	0.024	0	0	0.104	0.08	0	0.08	0.096	0.136	0.008	0.152	0	0	0.152	0.016	0.136	0	0.152	0	0.008	0.152	0.072	0	0.152	0.016	0.072	0.088	0	0	0.152	0.152	0.008	0.064	0	0	0.152	0	0.008	0.08	0.096	0.048	0	0.152	0.104	0.008	0.04	0.152	0.008	0.152	0.072	0.024	0.152	0.152	0.088	0.048	0.008	0.008
Coeloplana_species	0.008	0.008	0.008	0	0.008	0.008	0.008	0	0	0	0	0	0.008	0.008	0	0.008	0	0	0.008	0	0	0	0.008	0.008	0.008		0.008	0	0	0.008	0	0.008	0.008	0	0	0	0.008	0.008	0.008	0.008	0	0	0	0.008	0.008	0	0	0.008	0.008	0.008	0.008	0	0	0.008	0.008	0.008	0	0.008	0	0	0.008	0	0	0.008	0	0	0.008	0	0	0.008	0.008	0.008	0.008	0	0	0.008	0	0.008	0	0	0	0	0.008	0	0	0.008	0.008	0	0.008	0	0.008	0.008	0.008	0	0.008	0.008	0.008
Corticium_candelabrum	1	1	1	0	0.04	1	0.032	0	0.504	0.32	0.488	0.072	0.072	1	0	0.568	0	0	0.016	0	0.048	0	1	1	0.152	0.008		0	0.032	1	0	0.168	0.144	0	0	0.208	1	0.584	0.088	0.008	0.032	0	0	0.64	0.088	0	0.088	0.104	0.408	0.008	0.4	0.088	0	1	0.016	0.416	0	1	0	0.008	1	0.08	0	1	0.016	0.192	0.096	0	0	1	1	0.016	0.064	0	0	0.592	0	0.048	0.128	0.296	0.096	0.056	1	0.176	0.08	0.104	1	0.056	1	0.072	0.032	1	1	0.504	0.048	0.008	0.008
Craspedacusta_sowerbyi	0	0	0	0	0	0	0	0	0	0	0	0	0	0	0	0	0	0	0	0	0	0	0	0	0	0	0		0	0	0	0	0	0	0	0	0	0	0	0	0	0	0	0	0	0	0	0	0	0	0	0	0	0	0	0	0	0	0	0	0	0	0	0	0	0	0	0	0	0	0	0	0	0	0	0	0	0	0	0	0	0	0	0	0	0	0	0	0	0	0	0	0	0	0	0	0
Crassostrea_gigas	0.032	0.032	0.032	0	0.032	0.032	0	0	0.032	0	0.032	0	0	0.032	0	0	0	0	0	0	0	0	0.032	0.032	0.016	0	0.032	0		0.032	0	0.016	0.016	0	0	0.008	0.032	0.032	0	0	0	0	0	0.032	0	0	0	0	0	0	0.032	0	0	0.032	0	0	0	0.032	0	0.008	0.032	0	0	0.032	0.016	0	0	0	0	0.032	0.032	0	0	0	0	0.032	0	0	0	0.032	0	0	0.032	0	0	0	0.032	0.008	0.032	0	0.024	0.032	0.032	0.032	0	0	0
Creolimax_fragrantissima	1	1	1	0	0.04	1	0.032	0	0.504	0.32	0.488	0.072	0.072	1	0	0.568	0	0	0.016	0	0.048	0	1	1	0.152	0.008	1	0	0.032		0	0.168	0.144	0	0	0.208	1	0.584	0.088	0.008	0.032	0	0	0.64	0.088	0	0.088	0.104	0.408	0.008	0.4	0.088	0	1	0.016	0.416	0	1	0	0.008	1	0.08	0	1	0.016	0.192	0.096	0	0	1	1	0.016	0.064	0	0	0.592	0	0.048	0.128	0.296	0.096	0.056	1	0.176	0.08	0.104	1	0.056	1	0.072	0.032	1	1	0.504	0.048	0.008	0.008
Daphnia_pulex	0	0	0	0	0	0	0	0	0	0	0	0	0	0	0	0	0	0	0	0	0	0	0	0	0	0	0	0	0	0		0	0	0	0	0	0	0	0	0	0	0	0	0	0	0	0	0	0	0	0	0	0	0	0	0	0	0	0	0	0	0	0	0	0	0	0	0	0	0	0	0	0	0	0	0	0	0	0	0	0	0	0	0	0	0	0	0	0	0	0	0	0	0	0	0	0
Diaphanoeca_grandis_RI_01	0.168	0.168	0.168	0	0.024	0.168	0.024	0	0.088	0.016	0.016	0.072	0.072	0.168	0	0.152	0	0	0.016	0	0	0	0.168	0.168	0.152	0.008	0.168	0	0.016	0.168	0		0.104	0	0	0.104	0.168	0.032	0.088	0.008	0.024	0	0	0.12	0.08	0	0.08	0.096	0.144	0.008	0.152	0	0	0.168	0.016	0.152	0	0.168	0	0.008	0.168	0.072	0	0.168	0.016	0.072	0.088	0	0	0.168	0.168	0.008	0.064	0	0	0.152	0	0.008	0.08	0.096	0.048	0	0.168	0.104	0.008	0.04	0.168	0.008	0.168	0.072	0.024	0.168	0.168	0.088	0.048	0.008	0.008
Didymoeca_costata_10	0.144	0.144	0.144	0	0.024	0.144	0.008	0	0.088	0	0.016	0.072	0.024	0.144	0	0.128	0	0	0.008	0	0	0	0.144	0.144	0.104	0.008	0.144	0	0.016	0.144	0	0.104		0	0	0.096	0.144	0.024	0.08	0.008	0.032	0	0	0.096	0.088	0	0.088	0.056	0.128	0.008	0.144	0	0	0.144	0.008	0.128	0	0.144	0	0.008	0.144	0.08	0	0.144	0.016	0.072	0.08	0	0	0.144	0.144	0.016	0.016	0	0	0.104	0	0.008	0.08	0.096	0.048	0.008	0.144	0.08	0.008	0.048	0.144	0.008	0.144	0.072	0.024	0.144	0.144	0.088	0.04	0.008	0.008
Dryodora_glandiformis	0	0	0	0	0	0	0	0	0	0	0	0	0	0	0	0	0	0	0	0	0	0	0	0	0	0	0	0	0	0	0	0	0		0	0	0	0	0	0	0	0	0	0	0	0	0	0	0	0	0	0	0	0	0	0	0	0	0	0	0	0	0	0	0	0	0	0	0	0	0	0	0	0	0	0	0	0	0	0	0	0	0	0	0	0	0	0	0	0	0	0	0	0	0	0	0
Edwardsiella_lineata	0	0	0	0	0	0	0	0	0	0	0	0	0	0	0	0	0	0	0	0	0	0	0	0	0	0	0	0	0	0	0	0	0	0		0	0	0	0	0	0	0	0	0	0	0	0	0	0	0	0	0	0	0	0	0	0	0	0	0	0	0	0	0	0	0	0	0	0	0	0	0	0	0	0	0	0	0	0	0	0	0	0	0	0	0	0	0	0	0	0	0	0	0	0	0	0
Ephydatia_muelleri	0.208	0.208	0.208	0	0.008	0.208	0.016	0	0.176	0.016	0.104	0.072	0.016	0.208	0	0.104	0	0	0	0	0.04	0	0.208	0.208	0.088	0	0.208	0	0.008	0.208	0	0.104	0.096	0	0		0.208	0.104	0.072	0	0.032	0	0	0.192	0.08	0	0.088	0.048	0.096	0	0.192	0.088	0	0.208	0	0.104	0	0.208	0	0.008	0.208	0.08	0	0.208	0.008	0.072	0.072	0	0	0.208	0.208	0.008	0.008	0	0	0.184	0	0.032	0.12	0.184	0.088	0.048	0.208	0.144	0.072	0.088	0.208	0.056	0.208	0.072	0.008	0.208	0.208	0.176	0.032	0	0
Euplectella_aspergillum	1	1	1	0	0.04	1	0.032	0	0.504	0.32	0.488	0.072	0.072	1	0	0.568	0	0	0.016	0	0.048	0	1	1	0.152	0.008	1	0	0.032	1	0	0.168	0.144	0	0	0.208		0.584	0.088	0.008	0.032	0	0	0.64	0.088	0	0.088	0.104	0.408	0.008	0.4	0.088	0	1	0.016	0.416	0	1	0	0.008	1	0.08	0	1	0.016	0.192	0.096	0	0	1	1	0.016	0.064	0	0	0.592	0	0.048	0.128	0.296	0.096	0.056	1	0.176	0.08	0.104	1	0.056	1	0.072	0.032	1	1	0.504	0.048	0.008	0.008
Euplokamis_dunlapae	0.584	0.584	0.584	0	0.04	0.584	0.008	0	0.432	0.264	0.488	0	0.016	0.584	0	0.152	0	0	0.016	0	0.048	0	0.584	0.584	0.032	0.008	0.584	0	0.032	0.584	0	0.032	0.024	0	0	0.104	0.584		0.016	0.008	0	0	0	0.496	0.008	0	0	0.016	0.016	0.008	0.24	0.088	0	0.584	0.016	0.016	0	0.584	0	0.008	0.584	0	0	0.584	0.016	0.12	0.024	0	0	0.584	0.584	0.008	0.016	0	0	0.472	0	0.048	0.048	0.216	0.048	0.048	0.584	0.072	0.072	0.064	0.584	0.056	0.584	0	0.032	0.584	0.584	0.432	0.016	0.008	0.008
Gorgonia_ventalina	0.088	0.088	0.088	0	0.008	0.088	0.008	0	0.072	0	0	0.072	0.024	0.088	0	0.088	0	0	0.016	0	0	0	0.088	0.088	0.088	0.008	0.088	0	0	0.088	0	0.088	0.08	0	0	0.072	0.088	0.016		0.008	0.024	0	0	0.088	0.08	0	0.072	0.048	0.088	0.008	0.088	0	0	0.088	0.016	0.088	0	0.088	0	0	0.088	0.072	0	0.088	0	0.072	0.088	0	0	0.088	0.088	0.008	0.016	0	0	0.088	0	0.008	0.072	0.072	0.048	0	0.088	0.072	0.008	0.04	0.088	0	0.088	0.072	0.008	0.088	0.088	0.072	0.048	0.008	0.008
Grantia_compressa	0.008	0.008	0.008	0	0.008	0.008	0.008	0	0	0	0	0	0.008	0.008	0	0.008	0	0	0.008	0	0	0	0.008	0.008	0.008	0.008	0.008	0	0	0.008	0	0.008	0.008	0	0	0	0.008	0.008	0.008		0	0	0	0.008	0.008	0	0	0.008	0.008	0.008	0.008	0	0	0.008	0.008	0.008	0	0.008	0	0	0.008	0	0	0.008	0	0	0.008	0	0	0.008	0.008	0.008	0.008	0	0	0.008	0	0.008	0	0	0	0	0.008	0	0	0.008	0.008	0	0.008	0	0.008	0.008	0.008	0	0.008	0.008	0.008
Helobdella_robusta	0.032	0.032	0.032	0	0	0.032	0	0	0.024	0	0	0.024	0	0.032	0	0.032	0	0	0	0	0	0	0.032	0.032	0.024	0	0.032	0	0	0.032	0	0.024	0.032	0	0	0.032	0.032	0	0.024	0		0	0	0.024	0.032	0	0.032	0.032	0.032	0	0.032	0	0	0.032	0	0.032	0	0.032	0	0	0.032	0.032	0	0.032	0	0.024	0.024	0	0	0.032	0.032	0.008	0	0	0	0.024	0	0	0.024	0.024	0.024	0.008	0.032	0.024	0.008	0.032	0.032	0	0.032	0.024	0	0.032	0.032	0.024	0.024	0	0
Homo_sapiens	0	0	0	0	0	0	0	0	0	0	0	0	0	0	0	0	0	0	0	0	0	0	0	0	0	0	0	0	0	0	0	0	0	0	0	0	0	0	0	0	0		0	0	0	0	0	0	0	0	0	0	0	0	0	0	0	0	0	0	0	0	0	0	0	0	0	0	0	0	0	0	0	0	0	0	0	0	0	0	0	0	0	0	0	0	0	0	0	0	0	0	0	0	0	0	0
Hormiphora_californensis	0	0	0	0	0	0	0	0	0	0	0	0	0	0	0	0	0	0	0	0	0	0	0	0	0	0	0	0	0	0	0	0	0	0	0	0	0	0	0	0	0	0		0	0	0	0	0	0	0	0	0	0	0	0	0	0	0	0	0	0	0	0	0	0	0	0	0	0	0	0	0	0	0	0	0	0	0	0	0	0	0	0	0	0	0	0	0	0	0	0	0	0	0	0	0	0
Hyalonema_populiferum	0.64	0.64	0.64	0	0.04	0.64	0.032	0	0.504	0.232	0.48	0.072	0.024	0.64	0	0.208	0	0	0.016	0	0.048	0	0.64	0.64	0.104	0.008	0.64	0	0.032	0.64	0	0.12	0.096	0	0	0.192	0.64	0.496	0.088	0.008	0.024	0	0		0.08	0	0.072	0.048	0.136	0.008	0.312	0.088	0	0.64	0.016	0.144	0	0.64	0	0.008	0.64	0.072	0	0.64	0.016	0.152	0.096	0	0	0.64	0.64	0.008	0.016	0	0	0.544	0	0.048	0.12	0.288	0.096	0.048	0.64	0.144	0.08	0.096	0.64	0.056	0.64	0.072	0.032	0.64	0.64	0.504	0.048	0.008	0.008
Hydra_magnipapillata	0.088	0.088	0.088	0	0.008	0.088	0.008	0	0.072	0	0	0.072	0.016	0.088	0	0.088	0	0	0.008	0	0	0	0.088	0.088	0.08	0.008	0.088	0	0	0.088	0	0.08	0.088	0	0	0.08	0.088	0.008	0.08	0.008	0.032	0	0	0.08		0	0.08	0.048	0.088	0.008	0.088	0	0	0.088	0.008	0.088	0	0.088	0	0	0.088	0.08	0	0.088	0	0.072	0.08	0	0	0.088	0.088	0.016	0.008	0	0	0.08	0	0.008	0.072	0.072	0.048	0.008	0.088	0.072	0.008	0.048	0.088	0	0.088	0.072	0.008	0.088	0.088	0.072	0.04	0.008	0.008
Hydractinia_polyclina	0	0	0	0	0	0	0	0	0	0	0	0	0	0	0	0	0	0	0	0	0	0	0	0	0	0	0	0	0	0	0	0	0	0	0	0	0	0	0	0	0	0	0	0	0		0	0	0	0	0	0	0	0	0	0	0	0	0	0	0	0	0	0	0	0	0	0	0	0	0	0	0	0	0	0	0	0	0	0	0	0	0	0	0	0	0	0	0	0	0	0	0	0	0	0	0
Ircinia_fasciculata	0.088	0.088	0.088	0	0	0.088	0	0	0.072	0	0	0.072	0.016	0.088	0	0.088	0	0	0	0	0	0	0.088	0.088	0.08	0	0.088	0	0	0.088	0	0.08	0.088	0	0	0.088	0.088	0	0.072	0	0.032	0	0	0.072	0.08	0		0.048	0.088	0	0.088	0	0	0.088	0	0.088	0	0.088	0	0	0.088	0.08	0	0.088	0	0.072	0.072	0	0	0.088	0.088	0.008	0.008	0	0	0.08	0	0	0.08	0.08	0.048	0.008	0.088	0.08	0.008	0.04	0.088	0	0.088	0.072	0	0.088	0.088	0.072	0.032	0	0
Ixodes_scapularis	0.104	0.104	0.104	0	0.008	0.104	0.008	0	0.032	0	0	0.032	0.064	0.104	0	0.104	0	0	0.016	0	0	0	0.104	0.104	0.096	0.008	0.104	0	0	0.104	0	0.096	0.056	0	0	0.048	0.104	0.016	0.048	0.008	0.032	0	0	0.048	0.048	0	0.048		0.104	0.008	0.104	0	0	0.104	0.016	0.104	0	0.104	0	0	0.104	0.04	0	0.104	0	0.032	0.048	0	0	0.104	0.104	0.016	0.064	0	0	0.096	0	0.008	0.04	0.04	0.032	0.008	0.104	0.064	0.008	0.048	0.104	0	0.104	0.032	0.008	0.104	0.104	0.032	0.048	0.008	0.008
Kirkpatrickia_variolosa	0.408	0.408	0.408	0	0.008	0.408	0.024	0	0.072	0.032	0	0.072	0.072	0.408	0	0.408	0	0	0.016	0	0	0	0.408	0.408	0.136	0.008	0.408	0	0	0.408	0	0.144	0.128	0	0	0.096	0.408	0.016	0.088	0.008	0.032	0	0	0.136	0.088	0	0.088	0.104		0.008	0.176	0	0	0.408	0.016	0.408	0	0.408	0	0	0.408	0.08	0	0.408	0	0.072	0.088	0	0	0.408	0.408	0.016	0.064	0	0	0.136	0	0.008	0.08	0.08	0.048	0.008	0.408	0.104	0.008	0.048	0.408	0	0.408	0.072	0.008	0.408	0.408	0.072	0.048	0.008	0.008
Lampea_pancerina	0.008	0.008	0.008	0	0.008	0.008	0.008	0	0	0	0	0	0.008	0.008	0	0.008	0	0	0.008	0	0	0	0.008	0.008	0.008	0.008	0.008	0	0	0.008	0	0.008	0.008	0	0	0	0.008	0.008	0.008	0.008	0	0	0	0.008	0.008	0	0	0.008	0.008		0.008	0	0	0.008	0.008	0.008	0	0.008	0	0	0.008	0	0	0.008	0	0	0.008	0	0	0.008	0.008	0.008	0.008	0	0	0.008	0	0.008	0	0	0	0	0.008	0	0	0.008	0.008	0	0.008	0	0.008	0.008	0.008	0	0.008	0.008	0.008
Latrunculia_apicalis	0.4	0.4	0.4	0	0.04	0.4	0.008	0	0.296	0	0.224	0.072	0.072	0.4	0	0.176	0	0	0.016	0	0.048	0	0.4	0.4	0.152	0.008	0.4	0	0.032	0.4	0	0.152	0.144	0	0	0.192	0.4	0.24	0.088	0.008	0.032	0	0	0.312	0.088	0	0.088	0.104	0.176	0.008		0.088	0	0.4	0.016	0.176	0	0.4	0	0.008	0.4	0.08	0	0.4	0.016	0.072	0.096	0	0	0.4	0.4	0.016	0.064	0	0	0.36	0	0.048	0.128	0.296	0.096	0.056	0.4	0.176	0.08	0.104	0.4	0.056	0.4	0.072	0.032	0.4	0.4	0.296	0.048	0.008	0.008
Leuconia_nivea	0.088	0.088	0.088	0	0	0.088	0	0	0.088	0	0.088	0	0	0.088	0	0	0	0	0	0	0.032	0	0.088	0.088	0	0	0.088	0	0	0.088	0	0	0	0	0	0.088	0.088	0.088	0	0	0	0	0	0.088	0	0	0	0	0	0	0.088		0	0.088	0	0	0	0.088	0	0	0.088	0	0	0.088	0	0	0	0	0	0.088	0.088	0	0	0	0	0.088	0	0.024	0.032	0.088	0.032	0.032	0.088	0.056	0.056	0.04	0.088	0.04	0.088	0	0	0.088	0.088	0.088	0	0	0
Leucosolenia_complicata	0	0	0	0	0	0	0	0	0	0	0	0	0	0	0	0	0	0	0	0	0	0	0	0	0	0	0	0	0	0	0	0	0	0	0	0	0	0	0	0	0	0	0	0	0	0	0	0	0	0	0	0		0	0	0	0	0	0	0	0	0	0	0	0	0	0	0	0	0	0	0	0	0	0	0	0	0	0	0	0	0	0	0	0	0	0	0	0	0	0	0	0	0	0	0	0
Liriope_tetraphylla	1	1	1	0	0.04	1	0.032	0	0.504	0.32	0.488	0.072	0.072	1	0	0.568	0	0	0.016	0	0.048	0	1	1	0.152	0.008	1	0	0.032	1	0	0.168	0.144	0	0	0.208	1	0.584	0.088	0.008	0.032	0	0	0.64	0.088	0	0.088	0.104	0.408	0.008	0.4	0.088	0		0.016	0.416	0	1	0	0.008	1	0.08	0	1	0.016	0.192	0.096	0	0	1	1	0.016	0.064	0	0	0.592	0	0.048	0.128	0.296	0.096	0.056	1	0.176	0.08	0.104	1	0.056	1	0.072	0.032	1	1	0.504	0.048	0.008	0.008
Lucernariopsis_campanulata	0.016	0.016	0.016	0	0.008	0.016	0.008	0	0	0	0	0	0.016	0.016	0	0.016	0	0	0.016	0	0	0	0.016	0.016	0.016	0.008	0.016	0	0	0.016	0	0.016	0.008	0	0	0	0.016	0.016	0.016	0.008	0	0	0	0.016	0.008	0	0	0.016	0.016	0.008	0.016	0	0	0.016		0.016	0	0.016	0	0	0.016	0	0	0.016	0	0	0.016	0	0	0.016	0.016	0.008	0.016	0	0	0.016	0	0.008	0	0	0	0	0.016	0	0	0.008	0.016	0	0.016	0	0.008	0.016	0.016	0	0.016	0.008	0.008
Ministeria_vibrans	0.416	0.416	0.416	0	0.008	0.416	0.032	0	0.072	0.04	0	0.072	0.072	0.416	0	0.416	0	0	0.016	0	0	0	0.416	0.416	0.136	0.008	0.416	0	0	0.416	0	0.152	0.128	0	0	0.104	0.416	0.016	0.088	0.008	0.032	0	0	0.144	0.088	0	0.088	0.104	0.408	0.008	0.176	0	0	0.416	0.016		0	0.416	0	0	0.416	0.08	0	0.416	0	0.072	0.088	0	0	0.416	0.416	0.016	0.064	0	0	0.136	0	0.008	0.08	0.08	0.048	0.008	0.416	0.104	0.008	0.048	0.416	0	0.416	0.072	0.008	0.416	0.416	0.072	0.048	0.008	0.008
Mnemiopsis_leidyi	0	0	0	0	0	0	0	0	0	0	0	0	0	0	0	0	0	0	0	0	0	0	0	0	0	0	0	0	0	0	0	0	0	0	0	0	0	0	0	0	0	0	0	0	0	0	0	0	0	0	0	0	0	0	0	0		0	0	0	0	0	0	0	0	0	0	0	0	0	0	0	0	0	0	0	0	0	0	0	0	0	0	0	0	0	0	0	0	0	0	0	0	0	0	0	0
Monosiga_brevicollis_mx1	1	1	1	0	0.04	1	0.032	0	0.504	0.32	0.488	0.072	0.072	1	0	0.568	0	0	0.016	0	0.048	0	1	1	0.152	0.008	1	0	0.032	1	0	0.168	0.144	0	0	0.208	1	0.584	0.088	0.008	0.032	0	0	0.64	0.088	0	0.088	0.104	0.408	0.008	0.4	0.088	0	1	0.016	0.416	0		0	0.008	1	0.08	0	1	0.016	0.192	0.096	0	0	1	1	0.016	0.064	0	0	0.592	0	0.048	0.128	0.296	0.096	0.056	1	0.176	0.08	0.104	1	0.056	1	0.072	0.032	1	1	0.504	0.048	0.008	0.008
Montastraea_faveolata	0	0	0	0	0	0	0	0	0	0	0	0	0	0	0	0	0	0	0	0	0	0	0	0	0	0	0	0	0	0	0	0	0	0	0	0	0	0	0	0	0	0	0	0	0	0	0	0	0	0	0	0	0	0	0	0	0	0		0	0	0	0	0	0	0	0	0	0	0	0	0	0	0	0	0	0	0	0	0	0	0	0	0	0	0	0	0	0	0	0	0	0	0	0	0	0
Mycale_phyllophila	0.008	0.008	0.008	0	0.008	0.008	0	0	0.008	0	0.008	0	0	0.008	0	0	0	0	0	0	0	0	0.008	0.008	0.008	0	0.008	0	0.008	0.008	0	0.008	0.008	0	0	0.008	0.008	0.008	0	0	0	0	0	0.008	0	0	0	0	0	0	0.008	0	0	0.008	0	0	0	0.008	0		0.008	0	0	0.008	0.008	0	0	0	0	0.008	0.008	0	0	0	0	0.008	0	0	0	0.008	0	0	0.008	0	0	0	0.008	0.008	0.008	0	0.008	0.008	0.008	0.008	0	0	0
Mylnosiga_fluctuans_19	1	1	1	0	0.04	1	0.032	0	0.504	0.32	0.488	0.072	0.072	1	0	0.568	0	0	0.016	0	0.048	0	1	1	0.152	0.008	1	0	0.032	1	0	0.168	0.144	0	0	0.208	1	0.584	0.088	0.008	0.032	0	0	0.64	0.088	0	0.088	0.104	0.408	0.008	0.4	0.088	0	1	0.016	0.416	0	1	0	0.008		0.08	0	1	0.016	0.192	0.096	0	0	1	1	0.016	0.064	0	0	0.592	0	0.048	0.128	0.296	0.096	0.056	1	0.176	0.08	0.104	1	0.056	1	0.072	0.032	1	1	0.504	0.048	0.008	0.008
Nanomia_bijuga	0.08	0.08	0.08	0	0	0.08	0	0	0.072	0	0	0.072	0.008	0.08	0	0.08	0	0	0	0	0	0	0.08	0.08	0.072	0	0.08	0	0	0.08	0	0.072	0.08	0	0	0.08	0.08	0	0.072	0	0.032	0	0	0.072	0.08	0	0.08	0.04	0.08	0	0.08	0	0	0.08	0	0.08	0	0.08	0	0	0.08		0	0.08	0	0.072	0.072	0	0	0.08	0.08	0.008	0	0	0	0.072	0	0	0.072	0.072	0.048	0.008	0.08	0.072	0.008	0.04	0.08	0	0.08	0.072	0	0.08	0.08	0.072	0.032	0	0
Nematostella_vectensis	0	0	0	0	0	0	0	0	0	0	0	0	0	0	0	0	0	0	0	0	0	0	0	0	0	0	0	0	0	0	0	0	0	0	0	0	0	0	0	0	0	0	0	0	0	0	0	0	0	0	0	0	0	0	0	0	0	0	0	0	0	0		0	0	0	0	0	0	0	0	0	0	0	0	0	0	0	0	0	0	0	0	0	0	0	0	0	0	0	0	0	0	0	0	0	0
Oscarella_carmela	1	1	1	0	0.04	1	0.032	0	0.504	0.32	0.488	0.072	0.072	1	0	0.568	0	0	0.016	0	0.048	0	1	1	0.152	0.008	1	0	0.032	1	0	0.168	0.144	0	0	0.208	1	0.584	0.088	0.008	0.032	0	0	0.64	0.088	0	0.088	0.104	0.408	0.008	0.4	0.088	0	1	0.016	0.416	0	1	0	0.008	1	0.08	0		0.016	0.192	0.096	0	0	1	1	0.016	0.064	0	0	0.592	0	0.048	0.128	0.296	0.096	0.056	1	0.176	0.08	0.104	1	0.056	1	0.072	0.032	1	1	0.504	0.048	0.008	0.008
Oscarella_species	0.016	0.016	0.016	0	0.016	0.016	0	0	0.016	0	0.016	0	0	0.016	0	0	0	0	0	0	0	0	0.016	0.016	0.016	0	0.016	0	0.016	0.016	0	0.016	0.016	0	0	0.008	0.016	0.016	0	0	0	0	0	0.016	0	0	0	0	0	0	0.016	0	0	0.016	0	0	0	0.016	0	0.008	0.016	0	0	0.016		0	0	0	0	0.016	0.016	0	0	0	0	0.016	0	0	0	0.016	0	0	0.016	0	0	0	0.016	0.008	0.016	0	0.016	0.016	0.016	0.016	0	0	0
Pelagia_noctiluca	0.192	0.192	0.192	0	0	0.192	0	0	0.104	0.12	0.088	0.072	0.008	0.192	0	0.16	0	0	0	0	0	0	0.192	0.192	0.072	0	0.192	0	0	0.192	0	0.072	0.072	0	0	0.072	0.192	0.12	0.072	0	0.024	0	0	0.152	0.072	0	0.072	0.032	0.072	0	0.072	0	0	0.192	0	0.072	0	0.192	0	0	0.192	0.072	0	0.192	0		0.072	0	0	0.192	0.192	0	0	0	0	0.128	0	0	0.072	0.072	0.048	0	0.192	0.072	0.008	0.032	0.192	0	0.192	0.072	0	0.192	0.192	0.104	0.032	0	0
Pennatula_rubra	0.096	0.096	0.096	0	0.008	0.096	0.008	0	0.08	0	0.008	0.072	0.024	0.096	0	0.088	0	0	0.016	0	0	0	0.096	0.096	0.088	0.008	0.096	0	0	0.096	0	0.088	0.08	0	0	0.072	0.096	0.024	0.088	0.008	0.024	0	0	0.096	0.08	0	0.072	0.048	0.088	0.008	0.096	0	0	0.096	0.016	0.088	0	0.096	0	0	0.096	0.072	0	0.096	0	0.072		0	0	0.096	0.096	0.008	0.016	0	0	0.096	0	0.008	0.072	0.08	0.048	0	0.096	0.072	0.008	0.04	0.096	0	0.096	0.072	0.008	0.096	0.096	0.08	0.048	0.008	0.008
Periphylla_periphylla	0	0	0	0	0	0	0	0	0	0	0	0	0	0	0	0	0	0	0	0	0	0	0	0	0	0	0	0	0	0	0	0	0	0	0	0	0	0	0	0	0	0	0	0	0	0	0	0	0	0	0	0	0	0	0	0	0	0	0	0	0	0	0	0	0	0	0		0	0	0	0	0	0	0	0	0	0	0	0	0	0	0	0	0	0	0	0	0	0	0	0	0	0	0	0	0
Petrosia_ficiformis	0	0	0	0	0	0	0	0	0	0	0	0	0	0	0	0	0	0	0	0	0	0	0	0	0	0	0	0	0	0	0	0	0	0	0	0	0	0	0	0	0	0	0	0	0	0	0	0	0	0	0	0	0	0	0	0	0	0	0	0	0	0	0	0	0	0	0	0		0	0	0	0	0	0	0	0	0	0	0	0	0	0	0	0	0	0	0	0	0	0	0	0	0	0	0	0
Pirum_gemmata	1	1	1	0	0.04	1	0.032	0	0.504	0.32	0.488	0.072	0.072	1	0	0.568	0	0	0.016	0	0.048	0	1	1	0.152	0.008	1	0	0.032	1	0	0.168	0.144	0	0	0.208	1	0.584	0.088	0.008	0.032	0	0	0.64	0.088	0	0.088	0.104	0.408	0.008	0.4	0.088	0	1	0.016	0.416	0	1	0	0.008	1	0.08	0	1	0.016	0.192	0.096	0	0		1	0.016	0.064	0	0	0.592	0	0.048	0.128	0.296	0.096	0.056	1	0.176	0.08	0.104	1	0.056	1	0.072	0.032	1	1	0.504	0.048	0.008	0.008
Plakina_jani	1	1	1	0	0.04	1	0.032	0	0.504	0.32	0.488	0.072	0.072	1	0	0.568	0	0	0.016	0	0.048	0	1	1	0.152	0.008	1	0	0.032	1	0	0.168	0.144	0	0	0.208	1	0.584	0.088	0.008	0.032	0	0	0.64	0.088	0	0.088	0.104	0.408	0.008	0.4	0.088	0	1	0.016	0.416	0	1	0	0.008	1	0.08	0	1	0.016	0.192	0.096	0	0	1		0.016	0.064	0	0	0.592	0	0.048	0.128	0.296	0.096	0.056	1	0.176	0.08	0.104	1	0.056	1	0.072	0.032	1	1	0.504	0.048	0.008	0.008
Pleraplysilla_spinifera	0.016	0.016	0.016	0	0.008	0.016	0.008	0	0	0	0	0	0.008	0.016	0	0.016	0	0	0.008	0	0	0	0.016	0.016	0.008	0.008	0.016	0	0	0.016	0	0.008	0.016	0	0	0.008	0.016	0.008	0.008	0.008	0.008	0	0	0.008	0.016	0	0.008	0.016	0.016	0.008	0.016	0	0	0.016	0.008	0.016	0	0.016	0	0	0.016	0.008	0	0.016	0	0	0.008	0	0	0.016	0.016		0.008	0	0	0.008	0	0.008	0	0	0	0.008	0.016	0	0	0.016	0.016	0	0.016	0	0.008	0.016	0.016	0	0.008	0.008	0.008
Pleurobrachia_species	0.064	0.064	0.064	0	0.008	0.064	0.008	0	0	0	0	0	0.064	0.064	0	0.064	0	0	0.016	0	0	0	0.064	0.064	0.064	0.008	0.064	0	0	0.064	0	0.064	0.016	0	0	0.008	0.064	0.016	0.016	0.008	0	0	0	0.016	0.008	0	0.008	0.064	0.064	0.008	0.064	0	0	0.064	0.016	0.064	0	0.064	0	0	0.064	0	0	0.064	0	0	0.016	0	0	0.064	0.064	0.008		0	0	0.064	0	0.008	0.008	0.008	0	0	0.064	0.032	0	0.008	0.064	0	0.064	0	0.008	0.064	0.064	0	0.016	0.008	0.008
Plumapathes_pennacea	0	0	0	0	0	0	0	0	0	0	0	0	0	0	0	0	0	0	0	0	0	0	0	0	0	0	0	0	0	0	0	0	0	0	0	0	0	0	0	0	0	0	0	0	0	0	0	0	0	0	0	0	0	0	0	0	0	0	0	0	0	0	0	0	0	0	0	0	0	0	0	0	0		0	0	0	0	0	0	0	0	0	0	0	0	0	0	0	0	0	0	0	0	0	0	0
Porites_australiensis	0	0	0	0	0	0	0	0	0	0	0	0	0	0	0	0	0	0	0	0	0	0	0	0	0	0	0	0	0	0	0	0	0	0	0	0	0	0	0	0	0	0	0	0	0	0	0	0	0	0	0	0	0	0	0	0	0	0	0	0	0	0	0	0	0	0	0	0	0	0	0	0	0	0		0	0	0	0	0	0	0	0	0	0	0	0	0	0	0	0	0	0	0	0	0	0
Rossella_fibulata	0.592	0.592	0.592	0	0.04	0.592	0.008	0	0.504	0.152	0.456	0.072	0.072	0.592	0	0.16	0	0	0.016	0	0.048	0	0.592	0.592	0.152	0.008	0.592	0	0.032	0.592	0	0.152	0.104	0	0	0.184	0.592	0.472	0.088	0.008	0.024	0	0	0.544	0.08	0	0.08	0.096	0.136	0.008	0.36	0.088	0	0.592	0.016	0.136	0	0.592	0	0.008	0.592	0.072	0	0.592	0.016	0.128	0.096	0	0	0.592	0.592	0.008	0.064	0	0		0	0.048	0.128	0.296	0.096	0.048	0.592	0.176	0.08	0.096	0.592	0.056	0.592	0.072	0.032	0.592	0.592	0.504	0.048	0.008	0.008
Saccoglossus_kowalevskii	0	0	0	0	0	0	0	0	0	0	0	0	0	0	0	0	0	0	0	0	0	0	0	0	0	0	0	0	0	0	0	0	0	0	0	0	0	0	0	0	0	0	0	0	0	0	0	0	0	0	0	0	0	0	0	0	0	0	0	0	0	0	0	0	0	0	0	0	0	0	0	0	0	0	0	0		0	0	0	0	0	0	0	0	0	0	0	0	0	0	0	0	0	0	0	0
Salpingoeca_dolichothecata_16	0.048	0.048	0.048	0	0.008	0.048	0.008	0	0.04	0	0.04	0	0.008	0.048	0	0.008	0	0	0.008	0	0.04	0	0.048	0.048	0.008	0.008	0.048	0	0	0.048	0	0.008	0.008	0	0	0.032	0.048	0.048	0.008	0.008	0	0	0	0.048	0.008	0	0	0.008	0.008	0.008	0.048	0.024	0	0.048	0.008	0.008	0	0.048	0	0	0.048	0	0	0.048	0	0	0.008	0	0	0.048	0.048	0.008	0.008	0	0	0.048	0		0.04	0.04	0.04	0.04	0.048	0.04	0.04	0.048	0.048	0.032	0.048	0	0.008	0.048	0.048	0.04	0.008	0.008	0.008
Salpingoeca_helianthica_18	0.128	0.128	0.128	0	0	0.128	0	0	0.12	0	0.048	0.072	0.016	0.128	0	0.08	0	0	0	0	0.048	0	0.128	0.128	0.08	0	0.128	0	0	0.128	0	0.08	0.08	0	0	0.12	0.128	0.048	0.072	0	0.024	0	0	0.12	0.072	0	0.08	0.04	0.08	0	0.128	0.032	0	0.128	0	0.08	0	0.128	0	0	0.128	0.072	0	0.128	0	0.072	0.072	0	0	0.128	0.128	0	0.008	0	0	0.128	0	0.04		0.128	0.096	0.048	0.128	0.128	0.056	0.08	0.128	0.04	0.128	0.072	0	0.128	0.128	0.12	0.032	0	0
Salpingoeca_infusionum_12	0.296	0.296	0.296	0	0.032	0.296	0	0	0.288	0	0.216	0.072	0.016	0.296	0	0.08	0	0	0	0	0.048	0	0.296	0.296	0.096	0	0.296	0	0.032	0.296	0	0.096	0.096	0	0	0.184	0.296	0.216	0.072	0	0.024	0	0	0.288	0.072	0	0.08	0.04	0.08	0	0.296	0.088	0	0.296	0	0.08	0	0.296	0	0.008	0.296	0.072	0	0.296	0.016	0.072	0.08	0	0	0.296	0.296	0	0.008	0	0	0.296	0	0.04	0.128		0.096	0.048	0.296	0.152	0.08	0.088	0.296	0.056	0.296	0.072	0.024	0.296	0.296	0.288	0.032	0	0
Salpingoeca_macrocollata_06	0.096	0.096	0.096	0	0	0.096	0	0	0.096	0	0.048	0.048	0	0.096	0	0.048	0	0	0	0	0.048	0	0.096	0.096	0.048	0	0.096	0	0	0.096	0	0.048	0.048	0	0	0.088	0.096	0.048	0.048	0	0.024	0	0	0.096	0.048	0	0.048	0.032	0.048	0	0.096	0.032	0	0.096	0	0.048	0	0.096	0	0	0.096	0.048	0	0.096	0	0.048	0.048	0	0	0.096	0.096	0	0	0	0	0.096	0	0.04	0.096	0.096		0.048	0.096	0.096	0.056	0.08	0.096	0.04	0.096	0.048	0	0.096	0.096	0.096	0.032	0	0
Salpingoeca_punica_03	0.056	0.056	0.056	0	0	0.056	0	0	0.048	0	0.048	0	0	0.056	0	0.008	0	0	0	0	0.048	0	0.056	0.056	0	0	0.056	0	0	0.056	0	0	0.008	0	0	0.048	0.056	0.048	0	0	0.008	0	0	0.048	0.008	0	0.008	0.008	0.008	0	0.056	0.032	0	0.056	0	0.008	0	0.056	0	0	0.056	0.008	0	0.056	0	0	0	0	0	0.056	0.056	0.008	0	0	0	0.048	0	0.04	0.048	0.048	0.048		0.056	0.048	0.048	0.056	0.056	0.04	0.056	0	0	0.056	0.056	0.048	0	0	0
Salpingoeca_qvevrii_09	1	1	1	0	0.04	1	0.032	0	0.504	0.32	0.488	0.072	0.072	1	0	0.568	0	0	0.016	0	0.048	0	1	1	0.152	0.008	1	0	0.032	1	0	0.168	0.144	0	0	0.208	1	0.584	0.088	0.008	0.032	0	0	0.64	0.088	0	0.088	0.104	0.408	0.008	0.4	0.088	0	1	0.016	0.416	0	1	0	0.008	1	0.08	0	1	0.016	0.192	0.096	0	0	1	1	0.016	0.064	0	0	0.592	0	0.048	0.128	0.296	0.096	0.056		0.176	0.08	0.104	1	0.056	1	0.072	0.032	1	1	0.504	0.048	0.008	0.008
Salpingoeca_roanoka_13	0.176	0.176	0.176	0	0	0.176	0	0	0.144	0	0.072	0.072	0.04	0.176	0	0.104	0	0	0	0	0.048	0	0.176	0.176	0.104	0	0.176	0	0	0.176	0	0.104	0.08	0	0	0.144	0.176	0.072	0.072	0	0.024	0	0	0.144	0.072	0	0.08	0.064	0.104	0	0.176	0.056	0	0.176	0	0.104	0	0.176	0	0	0.176	0.072	0	0.176	0	0.072	0.072	0	0	0.176	0.176	0	0.032	0	0	0.176	0	0.04	0.128	0.152	0.096	0.048	0.176		0.08	0.088	0.176	0.048	0.176	0.072	0	0.176	0.176	0.144	0.032	0	0
Salpingoeca_rosetta	0.08	0.08	0.08	0	0	0.08	0	0	0.08	0	0.072	0.008	0	0.08	0	0.008	0	0	0	0	0.048	0	0.08	0.08	0.008	0	0.08	0	0	0.08	0	0.008	0.008	0	0	0.072	0.08	0.072	0.008	0	0.008	0	0	0.08	0.008	0	0.008	0.008	0.008	0	0.08	0.056	0	0.08	0	0.008	0	0.08	0	0	0.08	0.008	0	0.08	0	0.008	0.008	0	0	0.08	0.08	0	0	0	0	0.08	0	0.04	0.056	0.08	0.056	0.048	0.08	0.08		0.064	0.08	0.048	0.08	0.008	0	0.08	0.08	0.08	0.008	0	0
Salpingoeca_urceolata_04	0.104	0.104	0.104	0	0.008	0.104	0.008	0	0.088	0	0.056	0.032	0.008	0.104	0	0.048	0	0	0.008	0	0.048	0	0.104	0.104	0.04	0.008	0.104	0	0	0.104	0	0.04	0.048	0	0	0.088	0.104	0.064	0.04	0.008	0.032	0	0	0.096	0.048	0	0.04	0.048	0.048	0.008	0.104	0.04	0	0.104	0.008	0.048	0	0.104	0	0	0.104	0.04	0	0.104	0	0.032	0.04	0	0	0.104	0.104	0.016	0.008	0	0	0.096	0	0.048	0.08	0.088	0.08	0.056	0.104	0.088	0.064		0.104	0.048	0.104	0.032	0.008	0.104	0.104	0.088	0.04	0.008	0.008
Sphaeroforma_arctica_JP610	1	1	1	0	0.04	1	0.032	0	0.504	0.32	0.488	0.072	0.072	1	0	0.568	0	0	0.016	0	0.048	0	1	1	0.152	0.008	1	0	0.032	1	0	0.168	0.144	0	0	0.208	1	0.584	0.088	0.008	0.032	0	0	0.64	0.088	0	0.088	0.104	0.408	0.008	0.4	0.088	0	1	0.016	0.416	0	1	0	0.008	1	0.08	0	1	0.016	0.192	0.096	0	0	1	1	0.016	0.064	0	0	0.592	0	0.048	0.128	0.296	0.096	0.056	1	0.176	0.08	0.104		0.056	1	0.072	0.032	1	1	0.504	0.048	0.008	0.008
Spongilla_lacustris	0.056	0.056	0.056	0	0.008	0.056	0	0	0.056	0	0.056	0	0	0.056	0	0	0	0	0	0	0.04	0	0.056	0.056	0.008	0	0.056	0	0.008	0.056	0	0.008	0.008	0	0	0.056	0.056	0.056	0	0	0	0	0	0.056	0	0	0	0	0	0	0.056	0.04	0	0.056	0	0	0	0.056	0	0.008	0.056	0	0	0.056	0.008	0	0	0	0	0.056	0.056	0	0	0	0	0.056	0	0.032	0.04	0.056	0.04	0.04	0.056	0.048	0.048	0.048	0.056		0.056	0	0.008	0.056	0.056	0.056	0	0	0
Stephanoeca_diplocostata_AUFR	1	1	1	0	0.04	1	0.032	0	0.504	0.32	0.488	0.072	0.072	1	0	0.568	0	0	0.016	0	0.048	0	1	1	0.152	0.008	1	0	0.032	1	0	0.168	0.144	0	0	0.208	1	0.584	0.088	0.008	0.032	0	0	0.64	0.088	0	0.088	0.104	0.408	0.008	0.4	0.088	0	1	0.016	0.416	0	1	0	0.008	1	0.08	0	1	0.016	0.192	0.096	0	0	1	1	0.016	0.064	0	0	0.592	0	0.048	0.128	0.296	0.096	0.056	1	0.176	0.08	0.104	1	0.056		0.072	0.032	1	1	0.504	0.048	0.008	0.008
Stomolophus_meleagris	0.072	0.072	0.072	0	0	0.072	0	0	0.072	0	0	0.072	0.008	0.072	0	0.072	0	0	0	0	0	0	0.072	0.072	0.072	0	0.072	0	0	0.072	0	0.072	0.072	0	0	0.072	0.072	0	0.072	0	0.024	0	0	0.072	0.072	0	0.072	0.032	0.072	0	0.072	0	0	0.072	0	0.072	0	0.072	0	0	0.072	0.072	0	0.072	0	0.072	0.072	0	0	0.072	0.072	0	0	0	0	0.072	0	0	0.072	0.072	0.048	0	0.072	0.072	0.008	0.032	0.072	0	0.072		0	0.072	0.072	0.072	0.032	0	0
Strongylocentrotus_purpuratus	0.032	0.032	0.032	0	0.032	0.032	0.008	0	0.024	0	0.024	0	0.008	0.032	0	0.008	0	0	0.008	0	0	0	0.032	0.032	0.024	0.008	0.032	0	0.024	0.032	0	0.024	0.024	0	0	0.008	0.032	0.032	0.008	0.008	0	0	0	0.032	0.008	0	0	0.008	0.008	0.008	0.032	0	0	0.032	0.008	0.008	0	0.032	0	0.008	0.032	0	0	0.032	0.016	0	0.008	0	0	0.032	0.032	0.008	0.008	0	0	0.032	0	0.008	0	0.024	0	0	0.032	0	0	0.008	0.032	0.008	0.032	0		0.032	0.032	0.024	0.008	0.008	0.008
Sycon_ciliatum	1	1	1	0	0.04	1	0.032	0	0.504	0.32	0.488	0.072	0.072	1	0	0.568	0	0	0.016	0	0.048	0	1	1	0.152	0.008	1	0	0.032	1	0	0.168	0.144	0	0	0.208	1	0.584	0.088	0.008	0.032	0	0	0.64	0.088	0	0.088	0.104	0.408	0.008	0.4	0.088	0	1	0.016	0.416	0	1	0	0.008	1	0.08	0	1	0.016	0.192	0.096	0	0	1	1	0.016	0.064	0	0	0.592	0	0.048	0.128	0.296	0.096	0.056	1	0.176	0.08	0.104	1	0.056	1	0.072	0.032		1	0.504	0.048	0.008	0.008
Sycon_coactum	1	1	1	0	0.04	1	0.032	0	0.504	0.32	0.488	0.072	0.072	1	0	0.568	0	0	0.016	0	0.048	0	1	1	0.152	0.008	1	0	0.032	1	0	0.168	0.144	0	0	0.208	1	0.584	0.088	0.008	0.032	0	0	0.64	0.088	0	0.088	0.104	0.408	0.008	0.4	0.088	0	1	0.016	0.416	0	1	0	0.008	1	0.08	0	1	0.016	0.192	0.096	0	0	1	1	0.016	0.064	0	0	0.592	0	0.048	0.128	0.296	0.096	0.056	1	0.176	0.08	0.104	1	0.056	1	0.072	0.032	1		0.504	0.048	0.008	0.008
Sympagella_nux	0.504	0.504	0.504	0	0.032	0.504	0	0	0.504	0.128	0.432	0.072	0.008	0.504	0	0.072	0	0	0	0	0.048	0	0.504	0.504	0.088	0	0.504	0	0.032	0.504	0	0.088	0.088	0	0	0.176	0.504	0.432	0.072	0	0.024	0	0	0.504	0.072	0	0.072	0.032	0.072	0	0.296	0.088	0	0.504	0	0.072	0	0.504	0	0.008	0.504	0.072	0	0.504	0.016	0.104	0.08	0	0	0.504	0.504	0	0	0	0	0.504	0	0.04	0.12	0.288	0.096	0.048	0.504	0.144	0.08	0.088	0.504	0.056	0.504	0.072	0.024	0.504	0.504		0.032	0	0
Tribolium_castaneum	0.048	0.048	0.048	0	0.008	0.048	0.008	0	0.032	0	0	0.032	0.016	0.048	0	0.048	0	0	0.016	0	0	0	0.048	0.048	0.048	0.008	0.048	0	0	0.048	0	0.048	0.04	0	0	0.032	0.048	0.016	0.048	0.008	0.024	0	0	0.048	0.04	0	0.032	0.048	0.048	0.008	0.048	0	0	0.048	0.016	0.048	0	0.048	0	0	0.048	0.032	0	0.048	0	0.032	0.048	0	0	0.048	0.048	0.008	0.016	0	0	0.048	0	0.008	0.032	0.032	0.032	0	0.048	0.032	0.008	0.04	0.048	0	0.048	0.032	0.008	0.048	0.048	0.032		0.008	0.008
Trichoplax_adhaerens	0.008	0.008	0.008	0	0.008	0.008	0.008	0	0	0	0	0	0.008	0.008	0	0.008	0	0	0.008	0	0	0	0.008	0.008	0.008	0.008	0.008	0	0	0.008	0	0.008	0.008	0	0	0	0.008	0.008	0.008	0.008	0	0	0	0.008	0.008	0	0	0.008	0.008	0.008	0.008	0	0	0.008	0.008	0.008	0	0.008	0	0	0.008	0	0	0.008	0	0	0.008	0	0	0.008	0.008	0.008	0.008	0	0	0.008	0	0.008	0	0	0	0	0.008	0	0	0.008	0.008	0	0.008	0	0.008	0.008	0.008	0	0.008		0.008
Vallicula_multiformis	0.008	0.008	0.008	0	0.008	0.008	0.008	0	0	0	0	0	0.008	0.008	0	0.008	0	0	0.008	0	0	0	0.008	0.008	0.008	0.008	0.008	0	0	0.008	0	0.008	0.008	0	0	0	0.008	0.008	0.008	0.008	0	0	0	0.008	0.008	0	0	0.008	0.008	0.008	0.008	0	0	0.008	0.008	0.008	0	0.008	0	0	0.008	0	0	0.008	0	0	0.008	0	0	0.008	0.008	0.008	0.008	0	0	0.008	0	0.008	0	0	0	0	0.008	0	0	0.008	0.008	0	0.008	0	0.008	0.008	0.008	0	0.008	0.008	
