	Abeoforma_whisleri	Acanthoeca_sp_10tr	Acanthoeca_spectabilis_VA_02	Aiptasia_pallida	Alatina_alata	Amoebidium_parasiticum_JAP72	Amphimedon_queenslandica	Antipathes_caribbeana	Aphrocallistes_vastus	Aplysia_californica	Atolla_vanhoeffeni	Aurelia_aurita	Beroe_abyssicola	Beroe_sp	Bolinopsis_infundibulum	Bolocera_tuedia	Branchiostoma_floridae	Capitella_teleta	Capsaspora_owczarzaki_atcc30864	Cestum_veneris	Choanoeca_perplexa_11	Chondrilla_nucula	Clathrina_coriacea	Clytia_hemisphaerica	Codosiga_hollandica_17	Coeloplana_species	Corticium_candelabrum	Craspedacusta_sowerbyi	Crassostrea_gigas	Creolimax_fragrantissima	Daphnia_pulex	Diaphanoeca_grandis_RI_01	Didymoeca_costata_10	Dryodora_glandiformis	Edwardsiella_lineata	Ephydatia_muelleri	Euplectella_aspergillum	Euplokamis_dunlapae	Gorgonia_ventalina	Grantia_compressa	Helobdella_robusta	Homo_sapiens	Hormiphora_californensis	Hyalonema_populiferum	Hydra_magnipapillata	Hydractinia_polyclina	Ircinia_fasciculata	Ixodes_scapularis	Kirkpatrickia_variolosa	Lampea_pancerina	Latrunculia_apicalis	Leuconia_nivea	Leucosolenia_complicata	Liriope_tetraphylla	Lucernariopsis_campanulata	Ministeria_vibrans	Mnemiopsis_leidyi	Monosiga_brevicollis_mx1	Montastraea_faveolata	Mycale_phyllophila	Mylnosiga_fluctuans_19	Nanomia_bijuga	Nematostella_vectensis	Oscarella_carmela	Oscarella_species	Pelagia_noctiluca	Pennatula_rubra	Periphylla_periphylla	Petrosia_ficiformis	Pirum_gemmata	Plakina_jani	Pleraplysilla_spinifera	Pleurobrachia_species	Plumapathes_pennacea	Porites_australiensis	Rossella_fibulata	Saccoglossus_kowalevskii	Salpingoeca_dolichothecata_16	Salpingoeca_helianthica_18	Salpingoeca_infusionum_12	Salpingoeca_macrocollata_06	Salpingoeca_punica_03	Salpingoeca_qvevrii_09	Salpingoeca_roanoka_13	Salpingoeca_rosetta	Salpingoeca_urceolata_04	Sphaeroforma_arctica_JP610	Spongilla_lacustris	Stephanoeca_diplocostata_AUFR	Stomolophus_meleagris	Strongylocentrotus_purpuratus	Sycon_ciliatum	Sycon_coactum	Sympagella_nux	Tribolium_castaneum	Trichoplax_adhaerens	Vallicula_multiformis
Abeoforma_whisleri		0	0	0	0	0	0	0	0	0	0	0	0	0	0	0	0	0	0	0	0	0	0	0	0	0	0	0	0	0	0	0	0	0	0	0	0	0	0	0	0	0	0	0	0	0	0	0	0	0	0	0	0	0	0	0	0	0	0	0	0	0	0	0	0	0	0	0	0	0	0	0	0	0	0	0	0	0	0	0	0	0	0	0	0	0	0	0	0	0	0	0	0	0	0	0	0
Acanthoeca_sp_10tr	0		0	0	0	0	0	0	0	0	0	0	0	0	0	0	0	0	0	0	0	0	0	0	0	0	0	0	0	0	0	0	0	0	0	0	0	0	0	0	0	0	0	0	0	0	0	0	0	0	0	0	0	0	0	0	0	0	0	0	0	0	0	0	0	0	0	0	0	0	0	0	0	0	0	0	0	0	0	0	0	0	0	0	0	0	0	0	0	0	0	0	0	0	0	0	0
Acanthoeca_spectabilis_VA_02	0	0		0	0	0	0	0	0	0	0	0	0	0	0	0	0	0	0	0	0	0	0	0	0	0	0	0	0	0	0	0	0	0	0	0	0	0	0	0	0	0	0	0	0	0	0	0	0	0	0	0	0	0	0	0	0	0	0	0	0	0	0	0	0	0	0	0	0	0	0	0	0	0	0	0	0	0	0	0	0	0	0	0	0	0	0	0	0	0	0	0	0	0	0	0	0
Aiptasia_pallida	0	0	0		0.99375	0	0.775	0.725	0.9	0.99375	0.725	0.9625	0.89375	0.6	0.25	0.78125	0.99375	0.9875	0	0.6	0.825	0	0.78125	0.975	0.75	0.99375	0.94375	0.6375	0.99375	0	0	0	0	0.89375	0.99375	0.70625	0.95625	0	0.9875	0.80625	0.9875	0.99375	0.51875	0	0.99375	0.78125	0.8375	0.875	0	0.99375	0.73125	0.2125	0	0.56875	0.975	0	0.95625	0	0.99375	0	0	0.975	0.9875	0.95	0.99375	0.9	0.78125	0	0	0	0.99375	0.91875	0.98125	0.99375	0.99375	0.9375	0.99375	0.91875	0.98125	0.20625	0.975	0	0.9	0.725	0.79375	0.6125	0	0.875	0	0.9875	0.99375	0.68125	0.35625	0.99375	0	0.99375	0.5625
Alatina_alata	0	0	0	0.99375		0	0.78125	0.725	0.9	1	0.725	0.96875	0.9	0.6	0.25	0.78125	1	0.9875	0	0.6	0.83125	0	0.7875	0.98125	0.75625	1	0.95	0.6375	0.99375	0	0	0	0	0.9	0.99375	0.70625	0.95625	0	0.99375	0.80625	0.9875	0.99375	0.51875	0	1	0.7875	0.8375	0.875	0	0.99375	0.73125	0.2125	0	0.575	0.98125	0	0.9625	0	0.99375	0	0	0.98125	0.9875	0.95	1	0.9	0.78125	0	0	0	1	0.91875	0.9875	0.99375	0.99375	0.9375	1	0.91875	0.98125	0.20625	0.975	0	0.9	0.725	0.79375	0.61875	0	0.875	0	0.99375	1	0.6875	0.35625	0.99375	0	0.99375	0.5625
Amoebidium_parasiticum_JAP72	0	0	0	0	0		0	0	0	0	0	0	0	0	0	0	0	0	0	0	0	0	0	0	0	0	0	0	0	0	0	0	0	0	0	0	0	0	0	0	0	0	0	0	0	0	0	0	0	0	0	0	0	0	0	0	0	0	0	0	0	0	0	0	0	0	0	0	0	0	0	0	0	0	0	0	0	0	0	0	0	0	0	0	0	0	0	0	0	0	0	0	0	0	0	0	0
Amphimedon_queenslandica	0	0	0	0.775	0.78125	0		0.71875	0.69375	0.78125	0.725	0.78125	0.68125	0.59375	0.25	0.775	0.78125	0.76875	0	0.38125	0.63125	0	0.78125	0.775	0.54375	0.78125	0.78125	0.63125	0.775	0	0	0	0	0.68125	0.775	0.7	0.7375	0	0.775	0.66875	0.76875	0.775	0.51875	0	0.78125	0.78125	0.625	0.6625	0	0.775	0.51875	0	0	0.575	0.76875	0	0.74375	0	0.775	0	0	0.775	0.76875	0.76875	0.78125	0.68125	0.775	0	0	0	0.78125	0.7	0.76875	0.775	0.775	0.775	0.78125	0.775	0.775	0	0.75625	0	0.69375	0.625	0.66875	0.61875	0	0.65625	0	0.78125	0.78125	0.48125	0.35625	0.775	0	0.775	0.34375
Antipathes_caribbeana	0	0	0	0.725	0.725	0	0.71875		0.6875	0.725	0.66875	0.725	0.625	0.6	0.25	0.725	0.725	0.71875	0	0.3875	0.575	0	0.725	0.71875	0.5375	0.725	0.725	0.6375	0.725	0	0	0	0	0.625	0.725	0.66875	0.6875	0	0.71875	0.675	0.71875	0.725	0.4625	0	0.725	0.725	0.625	0.60625	0	0.725	0.4625	0	0	0.5125	0.7125	0	0.6875	0	0.725	0	0	0.725	0.71875	0.71875	0.725	0.63125	0.725	0	0	0	0.725	0.65	0.7125	0.725	0.725	0.725	0.725	0.725	0.725	0	0.725	0	0.65625	0.58125	0.61875	0.58125	0	0.60625	0	0.725	0.725	0.425	0.35625	0.725	0	0.725	0.29375
Aphrocallistes_vastus	0	0	0	0.9	0.9	0	0.69375	0.6875		0.9	0.64375	0.88125	0.8	0.5625	0.25	0.7	0.9	0.89375	0	0.56875	0.7625	0	0.7	0.88125	0.7375	0.9	0.8625	0.6	0.9	0	0	0	0	0.8	0.9	0.64375	0.9	0	0.89375	0.75625	0.89375	0.9	0.475	0	0.9	0.7	0.7875	0.81875	0	0.9	0.675	0.2	0	0.525	0.8875	0	0.88125	0	0.9	0	0	0.88125	0.89375	0.86875	0.9	0.80625	0.7	0	0	0	0.9	0.825	0.8875	0.9	0.9	0.85625	0.9	0.825	0.9	0.2	0.9	0	0.83125	0.65625	0.7	0.55	0	0.81875	0	0.9	0.9	0.625	0.35625	0.9	0	0.9	0.50625
Aplysia_californica	0	0	0	0.99375	1	0	0.78125	0.725	0.9		0.725	0.96875	0.9	0.6	0.25	0.78125	1	0.9875	0	0.6	0.83125	0	0.7875	0.98125	0.75625	1	0.95	0.6375	0.99375	0	0	0	0	0.9	0.99375	0.70625	0.95625	0	0.99375	0.80625	0.9875	0.99375	0.51875	0	1	0.7875	0.8375	0.875	0	0.99375	0.73125	0.2125	0	0.575	0.98125	0	0.9625	0	0.99375	0	0	0.98125	0.9875	0.95	1	0.9	0.78125	0	0	0	1	0.91875	0.9875	0.99375	0.99375	0.9375	1	0.91875	0.98125	0.20625	0.975	0	0.9	0.725	0.79375	0.61875	0	0.875	0	0.99375	1	0.6875	0.35625	0.99375	0	0.99375	0.5625
Atolla_vanhoeffeni	0	0	0	0.725	0.725	0	0.725	0.66875	0.64375	0.725		0.725	0.625	0.54375	0.25	0.725	0.725	0.71875	0	0.33125	0.5875	0	0.725	0.725	0.5375	0.725	0.725	0.59375	0.725	0	0	0	0	0.625	0.725	0.65	0.6875	0	0.71875	0.61875	0.71875	0.725	0.51875	0	0.725	0.725	0.61875	0.6625	0	0.725	0.51875	0	0	0.56875	0.725	0	0.6875	0	0.725	0	0	0.71875	0.71875	0.71875	0.725	0.63125	0.725	0	0	0	0.725	0.65	0.725	0.725	0.725	0.725	0.725	0.725	0.725	0	0.70625	0	0.69375	0.6125	0.61875	0.6125	0	0.60625	0	0.725	0.725	0.43125	0.35625	0.725	0	0.725	0.29375
Aurelia_aurita	0	0	0	0.9625	0.96875	0	0.78125	0.725	0.88125	0.96875	0.725		0.86875	0.6	0.25	0.78125	0.96875	0.95625	0	0.56875	0.8	0	0.7875	0.95	0.725	0.96875	0.95	0.6375	0.9625	0	0	0	0	0.86875	0.9625	0.70625	0.925	0	0.9625	0.775	0.95625	0.9625	0.51875	0	0.96875	0.7875	0.80625	0.84375	0	0.9625	0.7	0.18125	0	0.575	0.95625	0	0.93125	0	0.9625	0	0	0.95	0.95625	0.95	0.96875	0.86875	0.78125	0	0	0	0.96875	0.8875	0.95625	0.9625	0.9625	0.9375	0.96875	0.8875	0.9625	0.18125	0.94375	0	0.875	0.7125	0.7625	0.61875	0	0.84375	0	0.96875	0.96875	0.65625	0.35625	0.9625	0	0.9625	0.53125
Beroe_abyssicola	0	0	0	0.89375	0.9	0	0.68125	0.625	0.8	0.9	0.625	0.86875		0.55	0.25	0.68125	0.9	0.8875	0	0.6	0.73125	0	0.6875	0.88125	0.65625	0.9	0.85	0.5375	0.89375	0	0	0	0	0.9	0.89375	0.60625	0.85625	0	0.89375	0.70625	0.8875	0.89375	0.41875	0	0.9	0.6875	0.7375	0.775	0	0.89375	0.63125	0.2125	0	0.48125	0.88125	0	0.8625	0	0.89375	0	0	0.88125	0.8875	0.85	0.9	0.8	0.68125	0	0	0	0.9	0.81875	0.8875	0.89375	0.89375	0.8375	0.9	0.81875	0.88125	0.20625	0.875	0	0.8	0.625	0.69375	0.51875	0	0.775	0	0.89375	0.9	0.6875	0.3125	0.89375	0	0.89375	0.5625
Beroe_sp	0	0	0	0.6	0.6	0	0.59375	0.6	0.5625	0.6	0.54375	0.6	0.55		0.25	0.6	0.6	0.6	0	0.3875	0.45	0	0.6	0.59375	0.45625	0.6	0.6	0.5875	0.6	0	0	0	0	0.55	0.6	0.6	0.5625	0	0.59375	0.6	0.6	0.6	0.35	0	0.6	0.6	0.55	0.50625	0	0.6	0.39375	0	0	0.39375	0.5875	0	0.5625	0	0.6	0	0	0.6	0.6	0.6	0.6	0.50625	0.6	0	0	0	0.6	0.55625	0.5875	0.6	0.6	0.6	0.6	0.6	0.6	0	0.6	0	0.53125	0.45625	0.49375	0.5	0	0.5375	0	0.6	0.6	0.3625	0.3125	0.6	0	0.6	0.275
Bolinopsis_infundibulum	0	0	0	0.25	0.25	0	0.25	0.25	0.25	0.25	0.25	0.25	0.25	0.25		0.25	0.25	0.25	0	0.125	0.1625	0	0.25	0.25	0.25	0.25	0.25	0.25	0.25	0	0	0	0	0.25	0.25	0.25	0.25	0	0.25	0.25	0.25	0.25	0.20625	0	0.25	0.25	0.25	0.25	0	0.25	0.25	0	0	0.25	0.25	0	0.25	0	0.25	0	0	0.25	0.25	0.25	0.25	0.15625	0.25	0	0	0	0.25	0.20625	0.25	0.25	0.25	0.25	0.25	0.25	0.25	0	0.25	0	0.25	0.1625	0.14375	0.25	0	0.25	0	0.25	0.25	0.25	0.25	0.25	0	0.25	0.1125
Bolocera_tuedia	0	0	0	0.78125	0.78125	0	0.775	0.725	0.7	0.78125	0.725	0.78125	0.68125	0.6	0.25		0.78125	0.775	0	0.3875	0.63125	0	0.78125	0.775	0.5375	0.78125	0.78125	0.6375	0.78125	0	0	0	0	0.68125	0.78125	0.70625	0.74375	0	0.775	0.675	0.775	0.78125	0.51875	0	0.78125	0.78125	0.625	0.6625	0	0.78125	0.51875	0	0	0.56875	0.76875	0	0.74375	0	0.78125	0	0	0.775	0.775	0.775	0.78125	0.6875	0.78125	0	0	0	0.78125	0.70625	0.76875	0.78125	0.78125	0.78125	0.78125	0.78125	0.78125	0	0.7625	0	0.69375	0.625	0.675	0.6125	0	0.6625	0	0.78125	0.78125	0.48125	0.35625	0.78125	0	0.78125	0.35
Branchiostoma_floridae	0	0	0	0.99375	1	0	0.78125	0.725	0.9	1	0.725	0.96875	0.9	0.6	0.25	0.78125		0.9875	0	0.6	0.83125	0	0.7875	0.98125	0.75625	1	0.95	0.6375	0.99375	0	0	0	0	0.9	0.99375	0.70625	0.95625	0	0.99375	0.80625	0.9875	0.99375	0.51875	0	1	0.7875	0.8375	0.875	0	0.99375	0.73125	0.2125	0	0.575	0.98125	0	0.9625	0	0.99375	0	0	0.98125	0.9875	0.95	1	0.9	0.78125	0	0	0	1	0.91875	0.9875	0.99375	0.99375	0.9375	1	0.91875	0.98125	0.20625	0.975	0	0.9	0.725	0.79375	0.61875	0	0.875	0	0.99375	1	0.6875	0.35625	0.99375	0	0.99375	0.5625
Capitella_teleta	0	0	0	0.9875	0.9875	0	0.76875	0.71875	0.89375	0.9875	0.71875	0.95625	0.8875	0.6	0.25	0.775	0.9875		0	0.6	0.81875	0	0.775	0.96875	0.74375	0.9875	0.9375	0.6375	0.9875	0	0	0	0	0.8875	0.9875	0.70625	0.95	0	0.98125	0.8	0.9875	0.9875	0.5125	0	0.9875	0.775	0.8375	0.86875	0	0.9875	0.73125	0.2125	0	0.5625	0.96875	0	0.95	0	0.9875	0	0	0.96875	0.9875	0.95	0.9875	0.89375	0.775	0	0	0	0.9875	0.91875	0.975	0.9875	0.9875	0.93125	0.9875	0.9125	0.975	0.20625	0.96875	0	0.89375	0.71875	0.7875	0.60625	0	0.875	0	0.98125	0.9875	0.675	0.35625	0.9875	0	0.9875	0.5625
Capsaspora_owczarzaki_atcc30864	0	0	0	0	0	0	0	0	0	0	0	0	0	0	0	0	0	0		0	0	0	0	0	0	0	0	0	0	0	0	0	0	0	0	0	0	0	0	0	0	0	0	0	0	0	0	0	0	0	0	0	0	0	0	0	0	0	0	0	0	0	0	0	0	0	0	0	0	0	0	0	0	0	0	0	0	0	0	0	0	0	0	0	0	0	0	0	0	0	0	0	0	0	0	0	0
Cestum_veneris	0	0	0	0.6	0.6	0	0.38125	0.3875	0.56875	0.6	0.33125	0.56875	0.6	0.3875	0.125	0.3875	0.6	0.6	0		0.54375	0	0.3875	0.58125	0.4875	0.6	0.55	0.375	0.6	0	0	0	0	0.6	0.6	0.3875	0.58125	0	0.59375	0.51875	0.6	0.6	0.21875	0	0.6	0.3875	0.55	0.525	0	0.6	0.43125	0.2125	0	0.21875	0.58125	0	0.6	0	0.6	0	0	0.5875	0.6	0.5625	0.6	0.51875	0.3875	0	0	0	0.6	0.6	0.5875	0.6	0.6	0.54375	0.6	0.525	0.5875	0.20625	0.6	0	0.525	0.41875	0.49375	0.2875	0	0.55625	0	0.59375	0.6	0.4375	0.1875	0.6	0	0.6	0.4875
Choanoeca_perplexa_11	0	0	0	0.825	0.83125	0	0.63125	0.575	0.7625	0.83125	0.5875	0.8	0.73125	0.45	0.1625	0.63125	0.83125	0.81875	0	0.54375		0	0.6375	0.83125	0.64375	0.83125	0.78125	0.5	0.825	0	0	0	0	0.73125	0.825	0.55625	0.81875	0	0.825	0.6375	0.81875	0.825	0.475	0	0.83125	0.6375	0.68125	0.75	0	0.825	0.625	0.19375	0	0.4875	0.825	0	0.83125	0	0.825	0	0	0.825	0.81875	0.78125	0.83125	0.75625	0.63125	0	0	0	0.83125	0.79375	0.83125	0.825	0.825	0.76875	0.83125	0.76875	0.8125	0.1875	0.80625	0	0.74375	0.675	0.73125	0.48125	0	0.7375	0	0.825	0.83125	0.58125	0.26875	0.825	0	0.825	0.53125
Chondrilla_nucula	0	0	0	0	0	0	0	0	0	0	0	0	0	0	0	0	0	0	0	0	0		0	0	0	0	0	0	0	0	0	0	0	0	0	0	0	0	0	0	0	0	0	0	0	0	0	0	0	0	0	0	0	0	0	0	0	0	0	0	0	0	0	0	0	0	0	0	0	0	0	0	0	0	0	0	0	0	0	0	0	0	0	0	0	0	0	0	0	0	0	0	0	0	0	0	0
Clathrina_coriacea	0	0	0	0.78125	0.7875	0	0.78125	0.725	0.7	0.7875	0.725	0.7875	0.6875	0.6	0.25	0.78125	0.7875	0.775	0	0.3875	0.6375	0		0.78125	0.54375	0.7875	0.7875	0.6375	0.78125	0	0	0	0	0.6875	0.78125	0.70625	0.74375	0	0.78125	0.675	0.775	0.78125	0.51875	0	0.7875	0.7875	0.625	0.6625	0	0.78125	0.51875	0	0	0.575	0.775	0	0.75	0	0.78125	0	0	0.78125	0.775	0.775	0.7875	0.6875	0.78125	0	0	0	0.7875	0.70625	0.775	0.78125	0.78125	0.78125	0.7875	0.78125	0.78125	0	0.7625	0	0.69375	0.625	0.675	0.61875	0	0.6625	0	0.7875	0.7875	0.4875	0.35625	0.78125	0	0.78125	0.35
Clytia_hemisphaerica	0	0	0	0.975	0.98125	0	0.775	0.71875	0.88125	0.98125	0.725	0.95	0.88125	0.59375	0.25	0.775	0.98125	0.96875	0	0.58125	0.83125	0	0.78125		0.74375	0.98125	0.93125	0.6375	0.975	0	0	0	0	0.88125	0.975	0.7	0.9375	0	0.975	0.7875	0.96875	0.975	0.51875	0	0.98125	0.78125	0.825	0.8625	0	0.975	0.71875	0.2	0	0.575	0.96875	0	0.94375	0	0.975	0	0	0.975	0.96875	0.93125	0.98125	0.88125	0.775	0	0	0	0.98125	0.9	0.975	0.975	0.975	0.91875	0.98125	0.9125	0.9625	0.19375	0.95625	0	0.8875	0.725	0.7875	0.61875	0	0.85625	0	0.975	0.98125	0.68125	0.35625	0.975	0	0.975	0.54375
Codosiga_hollandica_17	0	0	0	0.75	0.75625	0	0.54375	0.5375	0.7375	0.75625	0.5375	0.725	0.65625	0.45625	0.25	0.5375	0.75625	0.74375	0	0.4875	0.64375	0	0.54375	0.74375		0.75625	0.70625	0.50625	0.75	0	0	0	0	0.65625	0.75	0.50625	0.75	0	0.75	0.6625	0.74375	0.75	0.43125	0	0.75625	0.54375	0.74375	0.75	0	0.75	0.65625	0.2125	0	0.475	0.75	0	0.75	0	0.75	0	0	0.74375	0.74375	0.70625	0.75625	0.65625	0.5375	0	0	0	0.75625	0.7	0.75625	0.75	0.75	0.69375	0.75625	0.675	0.7375	0.20625	0.75	0	0.74375	0.55	0.55	0.5125	0	0.71875	0	0.75	0.75625	0.55	0.35625	0.75	0	0.75	0.41875
Coeloplana_species	0	0	0	0.99375	1	0	0.78125	0.725	0.9	1	0.725	0.96875	0.9	0.6	0.25	0.78125	1	0.9875	0	0.6	0.83125	0	0.7875	0.98125	0.75625		0.95	0.6375	0.99375	0	0	0	0	0.9	0.99375	0.70625	0.95625	0	0.99375	0.80625	0.9875	0.99375	0.51875	0	1	0.7875	0.8375	0.875	0	0.99375	0.73125	0.2125	0	0.575	0.98125	0	0.9625	0	0.99375	0	0	0.98125	0.9875	0.95	1	0.9	0.78125	0	0	0	1	0.91875	0.9875	0.99375	0.99375	0.9375	1	0.91875	0.98125	0.20625	0.975	0	0.9	0.725	0.79375	0.61875	0	0.875	0	0.99375	1	0.6875	0.35625	0.99375	0	0.99375	0.5625
Corticium_candelabrum	0	0	0	0.94375	0.95	0	0.78125	0.725	0.8625	0.95	0.725	0.95	0.85	0.6	0.25	0.78125	0.95	0.9375	0	0.55	0.78125	0	0.7875	0.93125	0.70625	0.95		0.6375	0.94375	0	0	0	0	0.85	0.94375	0.70625	0.90625	0	0.94375	0.75625	0.9375	0.94375	0.51875	0	0.95	0.7875	0.7875	0.825	0	0.94375	0.68125	0.1625	0	0.575	0.9375	0	0.9125	0	0.94375	0	0	0.93125	0.9375	0.9375	0.95	0.85	0.78125	0	0	0	0.95	0.86875	0.9375	0.94375	0.94375	0.9375	0.95	0.86875	0.94375	0.1625	0.925	0	0.85625	0.69375	0.74375	0.61875	0	0.825	0	0.95	0.95	0.6375	0.35625	0.94375	0	0.94375	0.5125
Craspedacusta_sowerbyi	0	0	0	0.6375	0.6375	0	0.63125	0.6375	0.6	0.6375	0.59375	0.6375	0.5375	0.5875	0.25	0.6375	0.6375	0.6375	0	0.375	0.5	0	0.6375	0.6375	0.50625	0.6375	0.6375		0.6375	0	0	0	0	0.5375	0.6375	0.6375	0.6	0	0.63125	0.6375	0.6375	0.6375	0.4	0	0.6375	0.6375	0.6	0.55625	0	0.6375	0.44375	0	0	0.4375	0.6375	0	0.6	0	0.6375	0	0	0.6375	0.6375	0.6375	0.6375	0.54375	0.6375	0	0	0	0.6375	0.59375	0.6375	0.6375	0.6375	0.6375	0.6375	0.6375	0.6375	0	0.6375	0	0.58125	0.50625	0.53125	0.55	0	0.575	0	0.6375	0.6375	0.35	0.35625	0.6375	0	0.6375	0.2625
Crassostrea_gigas	0	0	0	0.99375	0.99375	0	0.775	0.725	0.9	0.99375	0.725	0.9625	0.89375	0.6	0.25	0.78125	0.99375	0.9875	0	0.6	0.825	0	0.78125	0.975	0.75	0.99375	0.94375	0.6375		0	0	0	0	0.89375	0.99375	0.70625	0.95625	0	0.9875	0.80625	0.9875	0.99375	0.51875	0	0.99375	0.78125	0.8375	0.875	0	0.99375	0.73125	0.2125	0	0.56875	0.975	0	0.95625	0	0.99375	0	0	0.975	0.9875	0.95	0.99375	0.9	0.78125	0	0	0	0.99375	0.91875	0.98125	0.99375	0.99375	0.9375	0.99375	0.91875	0.98125	0.20625	0.975	0	0.9	0.725	0.79375	0.6125	0	0.875	0	0.9875	0.99375	0.68125	0.35625	0.99375	0	0.99375	0.5625
Creolimax_fragrantissima	0	0	0	0	0	0	0	0	0	0	0	0	0	0	0	0	0	0	0	0	0	0	0	0	0	0	0	0	0		0	0	0	0	0	0	0	0	0	0	0	0	0	0	0	0	0	0	0	0	0	0	0	0	0	0	0	0	0	0	0	0	0	0	0	0	0	0	0	0	0	0	0	0	0	0	0	0	0	0	0	0	0	0	0	0	0	0	0	0	0	0	0	0	0	0	0
Daphnia_pulex	0	0	0	0	0	0	0	0	0	0	0	0	0	0	0	0	0	0	0	0	0	0	0	0	0	0	0	0	0	0		0	0	0	0	0	0	0	0	0	0	0	0	0	0	0	0	0	0	0	0	0	0	0	0	0	0	0	0	0	0	0	0	0	0	0	0	0	0	0	0	0	0	0	0	0	0	0	0	0	0	0	0	0	0	0	0	0	0	0	0	0	0	0	0	0	0
Diaphanoeca_grandis_RI_01	0	0	0	0	0	0	0	0	0	0	0	0	0	0	0	0	0	0	0	0	0	0	0	0	0	0	0	0	0	0	0		0	0	0	0	0	0	0	0	0	0	0	0	0	0	0	0	0	0	0	0	0	0	0	0	0	0	0	0	0	0	0	0	0	0	0	0	0	0	0	0	0	0	0	0	0	0	0	0	0	0	0	0	0	0	0	0	0	0	0	0	0	0	0	0	0
Didymoeca_costata_10	0	0	0	0	0	0	0	0	0	0	0	0	0	0	0	0	0	0	0	0	0	0	0	0	0	0	0	0	0	0	0	0		0	0	0	0	0	0	0	0	0	0	0	0	0	0	0	0	0	0	0	0	0	0	0	0	0	0	0	0	0	0	0	0	0	0	0	0	0	0	0	0	0	0	0	0	0	0	0	0	0	0	0	0	0	0	0	0	0	0	0	0	0	0	0	0
Dryodora_glandiformis	0	0	0	0.89375	0.9	0	0.68125	0.625	0.8	0.9	0.625	0.86875	0.9	0.55	0.25	0.68125	0.9	0.8875	0	0.6	0.73125	0	0.6875	0.88125	0.65625	0.9	0.85	0.5375	0.89375	0	0	0	0		0.89375	0.60625	0.85625	0	0.89375	0.70625	0.8875	0.89375	0.41875	0	0.9	0.6875	0.7375	0.775	0	0.89375	0.63125	0.2125	0	0.48125	0.88125	0	0.8625	0	0.89375	0	0	0.88125	0.8875	0.85	0.9	0.8	0.68125	0	0	0	0.9	0.81875	0.8875	0.89375	0.89375	0.8375	0.9	0.81875	0.88125	0.20625	0.875	0	0.8	0.625	0.69375	0.51875	0	0.775	0	0.89375	0.9	0.6875	0.3125	0.89375	0	0.89375	0.5625
Edwardsiella_lineata	0	0	0	0.99375	0.99375	0	0.775	0.725	0.9	0.99375	0.725	0.9625	0.89375	0.6	0.25	0.78125	0.99375	0.9875	0	0.6	0.825	0	0.78125	0.975	0.75	0.99375	0.94375	0.6375	0.99375	0	0	0	0	0.89375		0.70625	0.95625	0	0.9875	0.80625	0.9875	0.99375	0.51875	0	0.99375	0.78125	0.8375	0.875	0	0.99375	0.73125	0.2125	0	0.56875	0.975	0	0.95625	0	0.99375	0	0	0.975	0.9875	0.95	0.99375	0.9	0.78125	0	0	0	0.99375	0.91875	0.98125	0.99375	0.99375	0.9375	0.99375	0.91875	0.98125	0.20625	0.975	0	0.9	0.725	0.79375	0.6125	0	0.875	0	0.9875	0.99375	0.68125	0.35625	0.99375	0	0.99375	0.5625
Ephydatia_muelleri	0	0	0	0.70625	0.70625	0	0.7	0.66875	0.64375	0.70625	0.65	0.70625	0.60625	0.6	0.25	0.70625	0.70625	0.70625	0	0.3875	0.55625	0	0.70625	0.7	0.50625	0.70625	0.70625	0.6375	0.70625	0	0	0	0	0.60625	0.70625		0.66875	0	0.7	0.65	0.70625	0.70625	0.44375	0	0.70625	0.70625	0.6	0.6125	0	0.70625	0.5	0	0	0.49375	0.69375	0	0.66875	0	0.70625	0	0	0.7	0.70625	0.70625	0.70625	0.6125	0.70625	0	0	0	0.70625	0.6625	0.69375	0.70625	0.70625	0.70625	0.70625	0.70625	0.70625	0	0.70625	0	0.6375	0.5625	0.6	0.58125	0	0.64375	0	0.70625	0.70625	0.41875	0.35625	0.70625	0	0.70625	0.33125
Euplectella_aspergillum	0	0	0	0.95625	0.95625	0	0.7375	0.6875	0.9	0.95625	0.6875	0.925	0.85625	0.5625	0.25	0.74375	0.95625	0.95	0	0.58125	0.81875	0	0.74375	0.9375	0.75	0.95625	0.90625	0.6	0.95625	0	0	0	0	0.85625	0.95625	0.66875		0	0.95	0.76875	0.95	0.95625	0.51875	0	0.95625	0.74375	0.8	0.875	0	0.95625	0.73125	0.2125	0	0.56875	0.9375	0	0.9375	0	0.95625	0	0	0.9375	0.95	0.9125	0.95625	0.8625	0.74375	0	0	0	0.95625	0.88125	0.94375	0.95625	0.95625	0.9	0.95625	0.88125	0.94375	0.20625	0.9375	0	0.8625	0.6875	0.75625	0.575	0	0.875	0	0.95	0.95625	0.68125	0.35625	0.95625	0	0.95625	0.5625
Euplokamis_dunlapae	0	0	0	0	0	0	0	0	0	0	0	0	0	0	0	0	0	0	0	0	0	0	0	0	0	0	0	0	0	0	0	0	0	0	0	0	0		0	0	0	0	0	0	0	0	0	0	0	0	0	0	0	0	0	0	0	0	0	0	0	0	0	0	0	0	0	0	0	0	0	0	0	0	0	0	0	0	0	0	0	0	0	0	0	0	0	0	0	0	0	0	0	0	0	0	0
Gorgonia_ventalina	0	0	0	0.9875	0.99375	0	0.775	0.71875	0.89375	0.99375	0.71875	0.9625	0.89375	0.59375	0.25	0.775	0.99375	0.98125	0	0.59375	0.825	0	0.78125	0.975	0.75	0.99375	0.94375	0.63125	0.9875	0	0	0	0	0.89375	0.9875	0.7	0.95	0		0.8	0.98125	0.9875	0.5125	0	0.99375	0.78125	0.83125	0.86875	0	0.9875	0.725	0.2125	0	0.56875	0.975	0	0.95625	0	0.9875	0	0	0.975	0.98125	0.94375	0.99375	0.89375	0.775	0	0	0	0.99375	0.9125	0.98125	0.9875	0.9875	0.93125	0.99375	0.9125	0.975	0.20625	0.96875	0	0.89375	0.71875	0.7875	0.6125	0	0.86875	0	0.9875	0.99375	0.68125	0.35	0.9875	0	0.9875	0.55625
Grantia_compressa	0	0	0	0.80625	0.80625	0	0.66875	0.675	0.75625	0.80625	0.61875	0.775	0.70625	0.6	0.25	0.675	0.80625	0.8	0	0.51875	0.6375	0	0.675	0.7875	0.6625	0.80625	0.75625	0.6375	0.80625	0	0	0	0	0.70625	0.80625	0.65	0.76875	0	0.8		0.8	0.80625	0.425	0	0.80625	0.675	0.75	0.7125	0	0.80625	0.575	0.13125	0	0.4625	0.7875	0	0.76875	0	0.80625	0	0	0.79375	0.8	0.7625	0.80625	0.7125	0.675	0	0	0	0.80625	0.75625	0.79375	0.80625	0.80625	0.75	0.80625	0.7625	0.79375	0.125	0.80625	0	0.73125	0.6	0.65625	0.575	0	0.71875	0	0.8	0.80625	0.50625	0.35625	0.80625	0	0.80625	0.40625
Helobdella_robusta	0	0	0	0.9875	0.9875	0	0.76875	0.71875	0.89375	0.9875	0.71875	0.95625	0.8875	0.6	0.25	0.775	0.9875	0.9875	0	0.6	0.81875	0	0.775	0.96875	0.74375	0.9875	0.9375	0.6375	0.9875	0	0	0	0	0.8875	0.9875	0.70625	0.95	0	0.98125	0.8		0.9875	0.5125	0	0.9875	0.775	0.8375	0.86875	0	0.9875	0.73125	0.2125	0	0.5625	0.96875	0	0.95	0	0.9875	0	0	0.96875	0.9875	0.95	0.9875	0.89375	0.775	0	0	0	0.9875	0.91875	0.975	0.9875	0.9875	0.93125	0.9875	0.9125	0.975	0.20625	0.96875	0	0.89375	0.71875	0.7875	0.60625	0	0.875	0	0.98125	0.9875	0.675	0.35625	0.9875	0	0.9875	0.5625
Homo_sapiens	0	0	0	0.99375	0.99375	0	0.775	0.725	0.9	0.99375	0.725	0.9625	0.89375	0.6	0.25	0.78125	0.99375	0.9875	0	0.6	0.825	0	0.78125	0.975	0.75	0.99375	0.94375	0.6375	0.99375	0	0	0	0	0.89375	0.99375	0.70625	0.95625	0	0.9875	0.80625	0.9875		0.51875	0	0.99375	0.78125	0.8375	0.875	0	0.99375	0.73125	0.2125	0	0.56875	0.975	0	0.95625	0	0.99375	0	0	0.975	0.9875	0.95	0.99375	0.9	0.78125	0	0	0	0.99375	0.91875	0.98125	0.99375	0.99375	0.9375	0.99375	0.91875	0.98125	0.20625	0.975	0	0.9	0.725	0.79375	0.6125	0	0.875	0	0.9875	0.99375	0.68125	0.35625	0.99375	0	0.99375	0.5625
Hormiphora_californensis	0	0	0	0.51875	0.51875	0	0.51875	0.4625	0.475	0.51875	0.51875	0.51875	0.41875	0.35	0.20625	0.51875	0.51875	0.5125	0	0.21875	0.475	0	0.51875	0.51875	0.43125	0.51875	0.51875	0.4	0.51875	0	0	0	0	0.41875	0.51875	0.44375	0.51875	0	0.5125	0.425	0.5125	0.51875		0	0.51875	0.51875	0.425	0.49375	0	0.51875	0.4625	0	0	0.5125	0.51875	0	0.51875	0	0.51875	0	0	0.5125	0.5125	0.5125	0.51875	0.425	0.51875	0	0	0	0.51875	0.475	0.51875	0.51875	0.51875	0.51875	0.51875	0.51875	0.51875	0	0.5	0	0.5	0.4625	0.45625	0.4625	0	0.4625	0	0.51875	0.51875	0.375	0.3125	0.51875	0	0.51875	0.24375
Hyalonema_populiferum	0	0	0	0	0	0	0	0	0	0	0	0	0	0	0	0	0	0	0	0	0	0	0	0	0	0	0	0	0	0	0	0	0	0	0	0	0	0	0	0	0	0	0		0	0	0	0	0	0	0	0	0	0	0	0	0	0	0	0	0	0	0	0	0	0	0	0	0	0	0	0	0	0	0	0	0	0	0	0	0	0	0	0	0	0	0	0	0	0	0	0	0	0	0	0	0
Hydra_magnipapillata	0	0	0	0.99375	1	0	0.78125	0.725	0.9	1	0.725	0.96875	0.9	0.6	0.25	0.78125	1	0.9875	0	0.6	0.83125	0	0.7875	0.98125	0.75625	1	0.95	0.6375	0.99375	0	0	0	0	0.9	0.99375	0.70625	0.95625	0	0.99375	0.80625	0.9875	0.99375	0.51875	0		0.7875	0.8375	0.875	0	0.99375	0.73125	0.2125	0	0.575	0.98125	0	0.9625	0	0.99375	0	0	0.98125	0.9875	0.95	1	0.9	0.78125	0	0	0	1	0.91875	0.9875	0.99375	0.99375	0.9375	1	0.91875	0.98125	0.20625	0.975	0	0.9	0.725	0.79375	0.61875	0	0.875	0	0.99375	1	0.6875	0.35625	0.99375	0	0.99375	0.5625
Hydractinia_polyclina	0	0	0	0.78125	0.7875	0	0.78125	0.725	0.7	0.7875	0.725	0.7875	0.6875	0.6	0.25	0.78125	0.7875	0.775	0	0.3875	0.6375	0	0.7875	0.78125	0.54375	0.7875	0.7875	0.6375	0.78125	0	0	0	0	0.6875	0.78125	0.70625	0.74375	0	0.78125	0.675	0.775	0.78125	0.51875	0	0.7875		0.625	0.6625	0	0.78125	0.51875	0	0	0.575	0.775	0	0.75	0	0.78125	0	0	0.78125	0.775	0.775	0.7875	0.6875	0.78125	0	0	0	0.7875	0.70625	0.775	0.78125	0.78125	0.78125	0.7875	0.78125	0.78125	0	0.7625	0	0.69375	0.625	0.675	0.61875	0	0.6625	0	0.7875	0.7875	0.4875	0.35625	0.78125	0	0.78125	0.35
Ircinia_fasciculata	0	0	0	0.8375	0.8375	0	0.625	0.625	0.7875	0.8375	0.61875	0.80625	0.7375	0.55	0.25	0.625	0.8375	0.8375	0	0.55	0.68125	0	0.625	0.825	0.74375	0.8375	0.7875	0.6	0.8375	0	0	0	0	0.7375	0.8375	0.6	0.8	0	0.83125	0.75	0.8375	0.8375	0.425	0	0.8375	0.625		0.79375	0	0.8375	0.65625	0.2125	0	0.4625	0.83125	0	0.8	0	0.8375	0	0	0.825	0.8375	0.8	0.8375	0.74375	0.625	0	0	0	0.8375	0.79375	0.8375	0.8375	0.8375	0.78125	0.8375	0.7625	0.825	0.20625	0.8375	0	0.8125	0.61875	0.6375	0.575	0	0.75	0	0.83125	0.8375	0.5375	0.35625	0.8375	0	0.8375	0.4375
Ixodes_scapularis	0	0	0	0.875	0.875	0	0.6625	0.60625	0.81875	0.875	0.6625	0.84375	0.775	0.50625	0.25	0.6625	0.875	0.86875	0	0.525	0.75	0	0.6625	0.8625	0.75	0.875	0.825	0.55625	0.875	0	0	0	0	0.775	0.875	0.6125	0.875	0	0.86875	0.7125	0.86875	0.875	0.49375	0	0.875	0.6625	0.79375		0	0.875	0.73125	0.2125	0	0.54375	0.86875	0	0.85625	0	0.875	0	0	0.85625	0.86875	0.83125	0.875	0.78125	0.6625	0	0	0	0.875	0.825	0.875	0.875	0.875	0.81875	0.875	0.8	0.8625	0.20625	0.85625	0	0.8375	0.65	0.675	0.575	0	0.81875	0	0.86875	0.875	0.61875	0.35625	0.875	0	0.875	0.50625
Kirkpatrickia_variolosa	0	0	0	0	0	0	0	0	0	0	0	0	0	0	0	0	0	0	0	0	0	0	0	0	0	0	0	0	0	0	0	0	0	0	0	0	0	0	0	0	0	0	0	0	0	0	0	0		0	0	0	0	0	0	0	0	0	0	0	0	0	0	0	0	0	0	0	0	0	0	0	0	0	0	0	0	0	0	0	0	0	0	0	0	0	0	0	0	0	0	0	0	0	0	0	0
Lampea_pancerina	0	0	0	0.99375	0.99375	0	0.775	0.725	0.9	0.99375	0.725	0.9625	0.89375	0.6	0.25	0.78125	0.99375	0.9875	0	0.6	0.825	0	0.78125	0.975	0.75	0.99375	0.94375	0.6375	0.99375	0	0	0	0	0.89375	0.99375	0.70625	0.95625	0	0.9875	0.80625	0.9875	0.99375	0.51875	0	0.99375	0.78125	0.8375	0.875	0		0.73125	0.2125	0	0.56875	0.975	0	0.95625	0	0.99375	0	0	0.975	0.9875	0.95	0.99375	0.9	0.78125	0	0	0	0.99375	0.91875	0.98125	0.99375	0.99375	0.9375	0.99375	0.91875	0.98125	0.20625	0.975	0	0.9	0.725	0.79375	0.6125	0	0.875	0	0.9875	0.99375	0.68125	0.35625	0.99375	0	0.99375	0.5625
Latrunculia_apicalis	0	0	0	0.73125	0.73125	0	0.51875	0.4625	0.675	0.73125	0.51875	0.7	0.63125	0.39375	0.25	0.51875	0.73125	0.73125	0	0.43125	0.625	0	0.51875	0.71875	0.65625	0.73125	0.68125	0.44375	0.73125	0	0	0	0	0.63125	0.73125	0.5	0.73125	0	0.725	0.575	0.73125	0.73125	0.4625	0	0.73125	0.51875	0.65625	0.73125	0	0.73125		0.2125	0	0.5125	0.725	0	0.73125	0	0.73125	0	0	0.7125	0.73125	0.69375	0.73125	0.6375	0.51875	0	0	0	0.73125	0.6875	0.73125	0.73125	0.73125	0.675	0.73125	0.65625	0.71875	0.20625	0.7125	0	0.70625	0.51875	0.53125	0.475	0	0.73125	0	0.725	0.73125	0.5875	0.35625	0.73125	0	0.73125	0.46875
Leuconia_nivea	0	0	0	0.2125	0.2125	0	0	0	0.2	0.2125	0	0.18125	0.2125	0	0	0	0.2125	0.2125	0	0.2125	0.19375	0	0	0.2	0.2125	0.2125	0.1625	0	0.2125	0	0	0	0	0.2125	0.2125	0	0.2125	0	0.2125	0.13125	0.2125	0.2125	0	0	0.2125	0	0.2125	0.2125	0	0.2125	0.2125		0	0	0.20625	0	0.2125	0	0.2125	0	0	0.2	0.2125	0.175	0.2125	0.2125	0	0	0	0	0.2125	0.2125	0.2125	0.2125	0.2125	0.15625	0.2125	0.1375	0.2	0.20625	0.2125	0	0.20625	0.1	0.11875	0	0	0.2125	0	0.20625	0.2125	0.2	0	0.2125	0	0.2125	0.2125
Leucosolenia_complicata	0	0	0	0	0	0	0	0	0	0	0	0	0	0	0	0	0	0	0	0	0	0	0	0	0	0	0	0	0	0	0	0	0	0	0	0	0	0	0	0	0	0	0	0	0	0	0	0	0	0	0	0		0	0	0	0	0	0	0	0	0	0	0	0	0	0	0	0	0	0	0	0	0	0	0	0	0	0	0	0	0	0	0	0	0	0	0	0	0	0	0	0	0	0	0	0
Liriope_tetraphylla	0	0	0	0.56875	0.575	0	0.575	0.5125	0.525	0.575	0.56875	0.575	0.48125	0.39375	0.25	0.56875	0.575	0.5625	0	0.21875	0.4875	0	0.575	0.575	0.475	0.575	0.575	0.4375	0.56875	0	0	0	0	0.48125	0.56875	0.49375	0.56875	0	0.56875	0.4625	0.5625	0.56875	0.5125	0	0.575	0.575	0.4625	0.54375	0	0.56875	0.5125	0	0		0.575	0	0.575	0	0.56875	0	0	0.56875	0.5625	0.5625	0.575	0.475	0.56875	0	0	0	0.575	0.49375	0.575	0.56875	0.56875	0.56875	0.575	0.56875	0.56875	0	0.55	0	0.55	0.46875	0.4625	0.50625	0	0.5125	0	0.575	0.575	0.4375	0.35	0.56875	0	0.56875	0.25625
Lucernariopsis_campanulata	0	0	0	0.975	0.98125	0	0.76875	0.7125	0.8875	0.98125	0.725	0.95625	0.88125	0.5875	0.25	0.76875	0.98125	0.96875	0	0.58125	0.825	0	0.775	0.96875	0.75	0.98125	0.9375	0.6375	0.975	0	0	0	0	0.88125	0.975	0.69375	0.9375	0	0.975	0.7875	0.96875	0.975	0.51875	0	0.98125	0.775	0.83125	0.86875	0	0.975	0.725	0.20625	0	0.575		0	0.94375	0	0.975	0	0	0.9625	0.96875	0.9375	0.98125	0.88125	0.76875	0	0	0	0.98125	0.9	0.98125	0.975	0.975	0.925	0.98125	0.9	0.96875	0.20625	0.95625	0	0.9	0.725	0.775	0.61875	0	0.85625	0	0.98125	0.98125	0.66875	0.35625	0.975	0	0.975	0.54375
Ministeria_vibrans	0	0	0	0	0	0	0	0	0	0	0	0	0	0	0	0	0	0	0	0	0	0	0	0	0	0	0	0	0	0	0	0	0	0	0	0	0	0	0	0	0	0	0	0	0	0	0	0	0	0	0	0	0	0	0		0	0	0	0	0	0	0	0	0	0	0	0	0	0	0	0	0	0	0	0	0	0	0	0	0	0	0	0	0	0	0	0	0	0	0	0	0	0	0	0	0
Mnemiopsis_leidyi	0	0	0	0.95625	0.9625	0	0.74375	0.6875	0.88125	0.9625	0.6875	0.93125	0.8625	0.5625	0.25	0.74375	0.9625	0.95	0	0.6	0.83125	0	0.75	0.94375	0.75	0.9625	0.9125	0.6	0.95625	0	0	0	0	0.8625	0.95625	0.66875	0.9375	0	0.95625	0.76875	0.95	0.95625	0.51875	0	0.9625	0.75	0.8	0.85625	0	0.95625	0.73125	0.2125	0	0.575	0.94375	0		0	0.95625	0	0	0.94375	0.95	0.9125	0.9625	0.8625	0.74375	0	0	0	0.9625	0.88125	0.95	0.95625	0.95625	0.9	0.9625	0.88125	0.94375	0.20625	0.9375	0	0.8625	0.6875	0.75625	0.58125	0	0.85625	0	0.95625	0.9625	0.6875	0.35625	0.95625	0	0.95625	0.5625
Monosiga_brevicollis_mx1	0	0	0	0	0	0	0	0	0	0	0	0	0	0	0	0	0	0	0	0	0	0	0	0	0	0	0	0	0	0	0	0	0	0	0	0	0	0	0	0	0	0	0	0	0	0	0	0	0	0	0	0	0	0	0	0	0		0	0	0	0	0	0	0	0	0	0	0	0	0	0	0	0	0	0	0	0	0	0	0	0	0	0	0	0	0	0	0	0	0	0	0	0	0	0	0
Montastraea_faveolata	0	0	0	0.99375	0.99375	0	0.775	0.725	0.9	0.99375	0.725	0.9625	0.89375	0.6	0.25	0.78125	0.99375	0.9875	0	0.6	0.825	0	0.78125	0.975	0.75	0.99375	0.94375	0.6375	0.99375	0	0	0	0	0.89375	0.99375	0.70625	0.95625	0	0.9875	0.80625	0.9875	0.99375	0.51875	0	0.99375	0.78125	0.8375	0.875	0	0.99375	0.73125	0.2125	0	0.56875	0.975	0	0.95625	0		0	0	0.975	0.9875	0.95	0.99375	0.9	0.78125	0	0	0	0.99375	0.91875	0.98125	0.99375	0.99375	0.9375	0.99375	0.91875	0.98125	0.20625	0.975	0	0.9	0.725	0.79375	0.6125	0	0.875	0	0.9875	0.99375	0.68125	0.35625	0.99375	0	0.99375	0.5625
Mycale_phyllophila	0	0	0	0	0	0	0	0	0	0	0	0	0	0	0	0	0	0	0	0	0	0	0	0	0	0	0	0	0	0	0	0	0	0	0	0	0	0	0	0	0	0	0	0	0	0	0	0	0	0	0	0	0	0	0	0	0	0	0		0	0	0	0	0	0	0	0	0	0	0	0	0	0	0	0	0	0	0	0	0	0	0	0	0	0	0	0	0	0	0	0	0	0	0	0	0
Mylnosiga_fluctuans_19	0	0	0	0	0	0	0	0	0	0	0	0	0	0	0	0	0	0	0	0	0	0	0	0	0	0	0	0	0	0	0	0	0	0	0	0	0	0	0	0	0	0	0	0	0	0	0	0	0	0	0	0	0	0	0	0	0	0	0	0		0	0	0	0	0	0	0	0	0	0	0	0	0	0	0	0	0	0	0	0	0	0	0	0	0	0	0	0	0	0	0	0	0	0	0	0
Nanomia_bijuga	0	0	0	0.975	0.98125	0	0.775	0.725	0.88125	0.98125	0.71875	0.95	0.88125	0.6	0.25	0.775	0.98125	0.96875	0	0.5875	0.825	0	0.78125	0.975	0.74375	0.98125	0.93125	0.6375	0.975	0	0	0	0	0.88125	0.975	0.7	0.9375	0	0.975	0.79375	0.96875	0.975	0.5125	0	0.98125	0.78125	0.825	0.85625	0	0.975	0.7125	0.2	0	0.56875	0.9625	0	0.94375	0	0.975	0	0		0.96875	0.93125	0.98125	0.88125	0.775	0	0	0	0.98125	0.9	0.96875	0.975	0.975	0.91875	0.98125	0.9125	0.9625	0.19375	0.95625	0	0.88125	0.71875	0.7875	0.61875	0	0.85625	0	0.975	0.98125	0.68125	0.35625	0.975	0	0.975	0.54375
Nematostella_vectensis	0	0	0	0.9875	0.9875	0	0.76875	0.71875	0.89375	0.9875	0.71875	0.95625	0.8875	0.6	0.25	0.775	0.9875	0.9875	0	0.6	0.81875	0	0.775	0.96875	0.74375	0.9875	0.9375	0.6375	0.9875	0	0	0	0	0.8875	0.9875	0.70625	0.95	0	0.98125	0.8	0.9875	0.9875	0.5125	0	0.9875	0.775	0.8375	0.86875	0	0.9875	0.73125	0.2125	0	0.5625	0.96875	0	0.95	0	0.9875	0	0	0.96875		0.95	0.9875	0.89375	0.775	0	0	0	0.9875	0.91875	0.975	0.9875	0.9875	0.93125	0.9875	0.9125	0.975	0.20625	0.96875	0	0.89375	0.71875	0.7875	0.60625	0	0.875	0	0.98125	0.9875	0.675	0.35625	0.9875	0	0.9875	0.5625
Oscarella_carmela	0	0	0	0.95	0.95	0	0.76875	0.71875	0.86875	0.95	0.71875	0.95	0.85	0.6	0.25	0.775	0.95	0.95	0	0.5625	0.78125	0	0.775	0.93125	0.70625	0.95	0.9375	0.6375	0.95	0	0	0	0	0.85	0.95	0.70625	0.9125	0	0.94375	0.7625	0.95	0.95	0.5125	0	0.95	0.775	0.8	0.83125	0	0.95	0.69375	0.175	0	0.5625	0.9375	0	0.9125	0	0.95	0	0	0.93125	0.95		0.95	0.85625	0.775	0	0	0	0.95	0.88125	0.9375	0.95	0.95	0.93125	0.95	0.875	0.95	0.175	0.93125	0	0.8625	0.7	0.75	0.60625	0	0.8375	0	0.95	0.95	0.6375	0.35625	0.95	0	0.95	0.525
Oscarella_species	0	0	0	0.99375	1	0	0.78125	0.725	0.9	1	0.725	0.96875	0.9	0.6	0.25	0.78125	1	0.9875	0	0.6	0.83125	0	0.7875	0.98125	0.75625	1	0.95	0.6375	0.99375	0	0	0	0	0.9	0.99375	0.70625	0.95625	0	0.99375	0.80625	0.9875	0.99375	0.51875	0	1	0.7875	0.8375	0.875	0	0.99375	0.73125	0.2125	0	0.575	0.98125	0	0.9625	0	0.99375	0	0	0.98125	0.9875	0.95		0.9	0.78125	0	0	0	1	0.91875	0.9875	0.99375	0.99375	0.9375	1	0.91875	0.98125	0.20625	0.975	0	0.9	0.725	0.79375	0.61875	0	0.875	0	0.99375	1	0.6875	0.35625	0.99375	0	0.99375	0.5625
Pelagia_noctiluca	0	0	0	0.9	0.9	0	0.68125	0.63125	0.80625	0.9	0.63125	0.86875	0.8	0.50625	0.15625	0.6875	0.9	0.89375	0	0.51875	0.75625	0	0.6875	0.88125	0.65625	0.9	0.85	0.54375	0.9	0	0	0	0	0.8	0.9	0.6125	0.8625	0	0.89375	0.7125	0.89375	0.9	0.425	0	0.9	0.6875	0.74375	0.78125	0	0.9	0.6375	0.2125	0	0.475	0.88125	0	0.8625	0	0.9	0	0	0.88125	0.89375	0.85625	0.9		0.6875	0	0	0	0.9	0.825	0.8875	0.9	0.9	0.84375	0.9	0.825	0.8875	0.20625	0.88125	0	0.80625	0.65625	0.725	0.51875	0	0.78125	0	0.89375	0.9	0.5875	0.2625	0.9	0	0.9	0.49375
Pennatula_rubra	0	0	0	0.78125	0.78125	0	0.775	0.725	0.7	0.78125	0.725	0.78125	0.68125	0.6	0.25	0.78125	0.78125	0.775	0	0.3875	0.63125	0	0.78125	0.775	0.5375	0.78125	0.78125	0.6375	0.78125	0	0	0	0	0.68125	0.78125	0.70625	0.74375	0	0.775	0.675	0.775	0.78125	0.51875	0	0.78125	0.78125	0.625	0.6625	0	0.78125	0.51875	0	0	0.56875	0.76875	0	0.74375	0	0.78125	0	0	0.775	0.775	0.775	0.78125	0.6875		0	0	0	0.78125	0.70625	0.76875	0.78125	0.78125	0.78125	0.78125	0.78125	0.78125	0	0.7625	0	0.69375	0.625	0.675	0.6125	0	0.6625	0	0.78125	0.78125	0.48125	0.35625	0.78125	0	0.78125	0.35
Periphylla_periphylla	0	0	0	0	0	0	0	0	0	0	0	0	0	0	0	0	0	0	0	0	0	0	0	0	0	0	0	0	0	0	0	0	0	0	0	0	0	0	0	0	0	0	0	0	0	0	0	0	0	0	0	0	0	0	0	0	0	0	0	0	0	0	0	0	0	0	0		0	0	0	0	0	0	0	0	0	0	0	0	0	0	0	0	0	0	0	0	0	0	0	0	0	0	0	0	0
Petrosia_ficiformis	0	0	0	0	0	0	0	0	0	0	0	0	0	0	0	0	0	0	0	0	0	0	0	0	0	0	0	0	0	0	0	0	0	0	0	0	0	0	0	0	0	0	0	0	0	0	0	0	0	0	0	0	0	0	0	0	0	0	0	0	0	0	0	0	0	0	0	0		0	0	0	0	0	0	0	0	0	0	0	0	0	0	0	0	0	0	0	0	0	0	0	0	0	0	0	0
Pirum_gemmata	0	0	0	0	0	0	0	0	0	0	0	0	0	0	0	0	0	0	0	0	0	0	0	0	0	0	0	0	0	0	0	0	0	0	0	0	0	0	0	0	0	0	0	0	0	0	0	0	0	0	0	0	0	0	0	0	0	0	0	0	0	0	0	0	0	0	0	0	0		0	0	0	0	0	0	0	0	0	0	0	0	0	0	0	0	0	0	0	0	0	0	0	0	0	0	0
Plakina_jani	0	0	0	0.99375	1	0	0.78125	0.725	0.9	1	0.725	0.96875	0.9	0.6	0.25	0.78125	1	0.9875	0	0.6	0.83125	0	0.7875	0.98125	0.75625	1	0.95	0.6375	0.99375	0	0	0	0	0.9	0.99375	0.70625	0.95625	0	0.99375	0.80625	0.9875	0.99375	0.51875	0	1	0.7875	0.8375	0.875	0	0.99375	0.73125	0.2125	0	0.575	0.98125	0	0.9625	0	0.99375	0	0	0.98125	0.9875	0.95	1	0.9	0.78125	0	0	0		0.91875	0.9875	0.99375	0.99375	0.9375	1	0.91875	0.98125	0.20625	0.975	0	0.9	0.725	0.79375	0.61875	0	0.875	0	0.99375	1	0.6875	0.35625	0.99375	0	0.99375	0.5625
Pleraplysilla_spinifera	0	0	0	0.91875	0.91875	0	0.7	0.65	0.825	0.91875	0.65	0.8875	0.81875	0.55625	0.20625	0.70625	0.91875	0.91875	0	0.6	0.79375	0	0.70625	0.9	0.7	0.91875	0.86875	0.59375	0.91875	0	0	0	0	0.81875	0.91875	0.6625	0.88125	0	0.9125	0.75625	0.91875	0.91875	0.475	0	0.91875	0.70625	0.79375	0.825	0	0.91875	0.6875	0.2125	0	0.49375	0.9	0	0.88125	0	0.91875	0	0	0.9	0.91875	0.88125	0.91875	0.825	0.70625	0	0	0	0.91875		0.90625	0.91875	0.91875	0.8625	0.91875	0.84375	0.90625	0.20625	0.9	0	0.825	0.69375	0.7625	0.5625	0	0.83125	0	0.9125	0.91875	0.61875	0.3125	0.91875	0	0.91875	0.5625
Pleurobrachia_species	0	0	0	0.98125	0.9875	0	0.76875	0.7125	0.8875	0.9875	0.725	0.95625	0.8875	0.5875	0.25	0.76875	0.9875	0.975	0	0.5875	0.83125	0	0.775	0.975	0.75625	0.9875	0.9375	0.6375	0.98125	0	0	0	0	0.8875	0.98125	0.69375	0.94375	0	0.98125	0.79375	0.975	0.98125	0.51875	0	0.9875	0.775	0.8375	0.875	0	0.98125	0.73125	0.2125	0	0.575	0.98125	0	0.95	0	0.98125	0	0	0.96875	0.975	0.9375	0.9875	0.8875	0.76875	0	0	0	0.9875	0.90625		0.98125	0.98125	0.925	0.9875	0.90625	0.96875	0.20625	0.9625	0	0.9	0.725	0.78125	0.61875	0	0.8625	0	0.98125	0.9875	0.675	0.35625	0.98125	0	0.98125	0.55
Plumapathes_pennacea	0	0	0	0.99375	0.99375	0	0.775	0.725	0.9	0.99375	0.725	0.9625	0.89375	0.6	0.25	0.78125	0.99375	0.9875	0	0.6	0.825	0	0.78125	0.975	0.75	0.99375	0.94375	0.6375	0.99375	0	0	0	0	0.89375	0.99375	0.70625	0.95625	0	0.9875	0.80625	0.9875	0.99375	0.51875	0	0.99375	0.78125	0.8375	0.875	0	0.99375	0.73125	0.2125	0	0.56875	0.975	0	0.95625	0	0.99375	0	0	0.975	0.9875	0.95	0.99375	0.9	0.78125	0	0	0	0.99375	0.91875	0.98125		0.99375	0.9375	0.99375	0.91875	0.98125	0.20625	0.975	0	0.9	0.725	0.79375	0.6125	0	0.875	0	0.9875	0.99375	0.68125	0.35625	0.99375	0	0.99375	0.5625
Porites_australiensis	0	0	0	0.99375	0.99375	0	0.775	0.725	0.9	0.99375	0.725	0.9625	0.89375	0.6	0.25	0.78125	0.99375	0.9875	0	0.6	0.825	0	0.78125	0.975	0.75	0.99375	0.94375	0.6375	0.99375	0	0	0	0	0.89375	0.99375	0.70625	0.95625	0	0.9875	0.80625	0.9875	0.99375	0.51875	0	0.99375	0.78125	0.8375	0.875	0	0.99375	0.73125	0.2125	0	0.56875	0.975	0	0.95625	0	0.99375	0	0	0.975	0.9875	0.95	0.99375	0.9	0.78125	0	0	0	0.99375	0.91875	0.98125	0.99375		0.9375	0.99375	0.91875	0.98125	0.20625	0.975	0	0.9	0.725	0.79375	0.6125	0	0.875	0	0.9875	0.99375	0.68125	0.35625	0.99375	0	0.99375	0.5625
Rossella_fibulata	0	0	0	0.9375	0.9375	0	0.775	0.725	0.85625	0.9375	0.725	0.9375	0.8375	0.6	0.25	0.78125	0.9375	0.93125	0	0.54375	0.76875	0	0.78125	0.91875	0.69375	0.9375	0.9375	0.6375	0.9375	0	0	0	0	0.8375	0.9375	0.70625	0.9	0	0.93125	0.75	0.93125	0.9375	0.51875	0	0.9375	0.78125	0.78125	0.81875	0	0.9375	0.675	0.15625	0	0.56875	0.925	0	0.9	0	0.9375	0	0	0.91875	0.93125	0.93125	0.9375	0.84375	0.78125	0	0	0	0.9375	0.8625	0.925	0.9375	0.9375		0.9375	0.8625	0.9375	0.15625	0.91875	0	0.85	0.6875	0.7375	0.6125	0	0.81875	0	0.9375	0.9375	0.625	0.35625	0.9375	0	0.9375	0.50625
Saccoglossus_kowalevskii	0	0	0	0.99375	1	0	0.78125	0.725	0.9	1	0.725	0.96875	0.9	0.6	0.25	0.78125	1	0.9875	0	0.6	0.83125	0	0.7875	0.98125	0.75625	1	0.95	0.6375	0.99375	0	0	0	0	0.9	0.99375	0.70625	0.95625	0	0.99375	0.80625	0.9875	0.99375	0.51875	0	1	0.7875	0.8375	0.875	0	0.99375	0.73125	0.2125	0	0.575	0.98125	0	0.9625	0	0.99375	0	0	0.98125	0.9875	0.95	1	0.9	0.78125	0	0	0	1	0.91875	0.9875	0.99375	0.99375	0.9375		0.91875	0.98125	0.20625	0.975	0	0.9	0.725	0.79375	0.61875	0	0.875	0	0.99375	1	0.6875	0.35625	0.99375	0	0.99375	0.5625
Salpingoeca_dolichothecata_16	0	0	0	0.91875	0.91875	0	0.775	0.725	0.825	0.91875	0.725	0.8875	0.81875	0.6	0.25	0.78125	0.91875	0.9125	0	0.525	0.76875	0	0.78125	0.9125	0.675	0.91875	0.86875	0.6375	0.91875	0	0	0	0	0.81875	0.91875	0.70625	0.88125	0	0.9125	0.7625	0.9125	0.91875	0.51875	0	0.91875	0.78125	0.7625	0.8	0	0.91875	0.65625	0.1375	0	0.56875	0.9	0	0.88125	0	0.91875	0	0	0.9125	0.9125	0.875	0.91875	0.825	0.78125	0	0	0	0.91875	0.84375	0.90625	0.91875	0.91875	0.8625	0.91875		0.90625	0.13125	0.9	0	0.825	0.725	0.79375	0.6125	0	0.8	0	0.9125	0.91875	0.61875	0.35625	0.91875	0	0.91875	0.4875
Salpingoeca_helianthica_18	0	0	0	0.98125	0.98125	0	0.775	0.725	0.9	0.98125	0.725	0.9625	0.88125	0.6	0.25	0.78125	0.98125	0.975	0	0.5875	0.8125	0	0.78125	0.9625	0.7375	0.98125	0.94375	0.6375	0.98125	0	0	0	0	0.88125	0.98125	0.70625	0.94375	0	0.975	0.79375	0.975	0.98125	0.51875	0	0.98125	0.78125	0.825	0.8625	0	0.98125	0.71875	0.2	0	0.56875	0.96875	0	0.94375	0	0.98125	0	0	0.9625	0.975	0.95	0.98125	0.8875	0.78125	0	0	0	0.98125	0.90625	0.96875	0.98125	0.98125	0.9375	0.98125	0.90625		0.2	0.9625	0	0.89375	0.725	0.78125	0.6125	0	0.8625	0	0.98125	0.98125	0.66875	0.35625	0.98125	0	0.98125	0.55
Salpingoeca_infusionum_12	0	0	0	0.20625	0.20625	0	0	0	0.2	0.20625	0	0.18125	0.20625	0	0	0	0.20625	0.20625	0	0.20625	0.1875	0	0	0.19375	0.20625	0.20625	0.1625	0	0.20625	0	0	0	0	0.20625	0.20625	0	0.20625	0	0.20625	0.125	0.20625	0.20625	0	0	0.20625	0	0.20625	0.20625	0	0.20625	0.20625	0.20625	0	0	0.20625	0	0.20625	0	0.20625	0	0	0.19375	0.20625	0.175	0.20625	0.20625	0	0	0	0	0.20625	0.20625	0.20625	0.20625	0.20625	0.15625	0.20625	0.13125	0.2		0.20625	0	0.20625	0.1	0.1125	0	0	0.20625	0	0.20625	0.20625	0.19375	0	0.20625	0	0.20625	0.20625
Salpingoeca_macrocollata_06	0	0	0	0.975	0.975	0	0.75625	0.725	0.9	0.975	0.70625	0.94375	0.875	0.6	0.25	0.7625	0.975	0.96875	0	0.6	0.80625	0	0.7625	0.95625	0.75	0.975	0.925	0.6375	0.975	0	0	0	0	0.875	0.975	0.70625	0.9375	0	0.96875	0.80625	0.96875	0.975	0.5	0	0.975	0.7625	0.8375	0.85625	0	0.975	0.7125	0.2125	0	0.55	0.95625	0	0.9375	0	0.975	0	0	0.95625	0.96875	0.93125	0.975	0.88125	0.7625	0	0	0	0.975	0.9	0.9625	0.975	0.975	0.91875	0.975	0.9	0.9625	0.20625		0	0.9	0.71875	0.775	0.6125	0	0.85625	0	0.96875	0.975	0.6625	0.35625	0.975	0	0.975	0.54375
Salpingoeca_punica_03	0	0	0	0	0	0	0	0	0	0	0	0	0	0	0	0	0	0	0	0	0	0	0	0	0	0	0	0	0	0	0	0	0	0	0	0	0	0	0	0	0	0	0	0	0	0	0	0	0	0	0	0	0	0	0	0	0	0	0	0	0	0	0	0	0	0	0	0	0	0	0	0	0	0	0	0	0	0	0	0	0		0	0	0	0	0	0	0	0	0	0	0	0	0	0	0
Salpingoeca_qvevrii_09	0	0	0	0.9	0.9	0	0.69375	0.65625	0.83125	0.9	0.69375	0.875	0.8	0.53125	0.25	0.69375	0.9	0.89375	0	0.525	0.74375	0	0.69375	0.8875	0.74375	0.9	0.85625	0.58125	0.9	0	0	0	0	0.8	0.9	0.6375	0.8625	0	0.89375	0.73125	0.89375	0.9	0.5	0	0.9	0.69375	0.8125	0.8375	0	0.9	0.70625	0.20625	0	0.55	0.9	0	0.8625	0	0.9	0	0	0.88125	0.89375	0.8625	0.9	0.80625	0.69375	0	0	0	0.9	0.825	0.9	0.9	0.9	0.85	0.9	0.825	0.89375	0.20625	0.9	0		0.70625	0.7	0.6125	0	0.78125	0	0.9	0.9	0.60625	0.35625	0.9	0	0.9	0.46875
Salpingoeca_roanoka_13	0	0	0	0.725	0.725	0	0.625	0.58125	0.65625	0.725	0.6125	0.7125	0.625	0.45625	0.1625	0.625	0.725	0.71875	0	0.41875	0.675	0	0.625	0.725	0.55	0.725	0.69375	0.50625	0.725	0	0	0	0	0.625	0.725	0.5625	0.6875	0	0.71875	0.6	0.71875	0.725	0.4625	0	0.725	0.625	0.61875	0.65	0	0.725	0.51875	0.1	0	0.46875	0.725	0	0.6875	0	0.725	0	0	0.71875	0.71875	0.7	0.725	0.65625	0.625	0	0	0	0.725	0.69375	0.725	0.725	0.725	0.6875	0.725	0.725	0.725	0.1	0.71875	0	0.70625		0.70625	0.525	0	0.60625	0	0.725	0.725	0.44375	0.26875	0.725	0	0.725	0.38125
Salpingoeca_rosetta	0	0	0	0.79375	0.79375	0	0.66875	0.61875	0.7	0.79375	0.61875	0.7625	0.69375	0.49375	0.14375	0.675	0.79375	0.7875	0	0.49375	0.73125	0	0.675	0.7875	0.55	0.79375	0.74375	0.53125	0.79375	0	0	0	0	0.69375	0.79375	0.6	0.75625	0	0.7875	0.65625	0.7875	0.79375	0.45625	0	0.79375	0.675	0.6375	0.675	0	0.79375	0.53125	0.11875	0	0.4625	0.775	0	0.75625	0	0.79375	0	0	0.7875	0.7875	0.75	0.79375	0.725	0.675	0	0	0	0.79375	0.7625	0.78125	0.79375	0.79375	0.7375	0.79375	0.79375	0.78125	0.1125	0.775	0	0.7	0.70625		0.50625	0	0.675	0	0.7875	0.79375	0.49375	0.25	0.79375	0	0.79375	0.46875
Salpingoeca_urceolata_04	0	0	0	0.6125	0.61875	0	0.61875	0.58125	0.55	0.61875	0.6125	0.61875	0.51875	0.5	0.25	0.6125	0.61875	0.60625	0	0.2875	0.48125	0	0.61875	0.61875	0.5125	0.61875	0.61875	0.55	0.6125	0	0	0	0	0.51875	0.6125	0.58125	0.575	0	0.6125	0.575	0.60625	0.6125	0.4625	0	0.61875	0.61875	0.575	0.575	0	0.6125	0.475	0	0	0.50625	0.61875	0	0.58125	0	0.6125	0	0	0.61875	0.60625	0.60625	0.61875	0.51875	0.6125	0	0	0	0.61875	0.5625	0.61875	0.6125	0.6125	0.6125	0.61875	0.6125	0.6125	0	0.6125	0	0.6125	0.525	0.50625		0	0.51875	0	0.61875	0.61875	0.38125	0.35625	0.6125	0	0.6125	0.2125
Sphaeroforma_arctica_JP610	0	0	0	0	0	0	0	0	0	0	0	0	0	0	0	0	0	0	0	0	0	0	0	0	0	0	0	0	0	0	0	0	0	0	0	0	0	0	0	0	0	0	0	0	0	0	0	0	0	0	0	0	0	0	0	0	0	0	0	0	0	0	0	0	0	0	0	0	0	0	0	0	0	0	0	0	0	0	0	0	0	0	0	0	0	0		0	0	0	0	0	0	0	0	0	0
Spongilla_lacustris	0	0	0	0.875	0.875	0	0.65625	0.60625	0.81875	0.875	0.60625	0.84375	0.775	0.5375	0.25	0.6625	0.875	0.875	0	0.55625	0.7375	0	0.6625	0.85625	0.71875	0.875	0.825	0.575	0.875	0	0	0	0	0.775	0.875	0.64375	0.875	0	0.86875	0.71875	0.875	0.875	0.4625	0	0.875	0.6625	0.75	0.81875	0	0.875	0.73125	0.2125	0	0.5125	0.85625	0	0.85625	0	0.875	0	0	0.85625	0.875	0.8375	0.875	0.78125	0.6625	0	0	0	0.875	0.83125	0.8625	0.875	0.875	0.81875	0.875	0.8	0.8625	0.20625	0.85625	0	0.78125	0.60625	0.675	0.51875	0		0	0.86875	0.875	0.6375	0.35625	0.875	0	0.875	0.5625
Stephanoeca_diplocostata_AUFR	0	0	0	0	0	0	0	0	0	0	0	0	0	0	0	0	0	0	0	0	0	0	0	0	0	0	0	0	0	0	0	0	0	0	0	0	0	0	0	0	0	0	0	0	0	0	0	0	0	0	0	0	0	0	0	0	0	0	0	0	0	0	0	0	0	0	0	0	0	0	0	0	0	0	0	0	0	0	0	0	0	0	0	0	0	0	0	0		0	0	0	0	0	0	0	0
Stomolophus_meleagris	0	0	0	0.9875	0.99375	0	0.78125	0.725	0.9	0.99375	0.725	0.96875	0.89375	0.6	0.25	0.78125	0.99375	0.98125	0	0.59375	0.825	0	0.7875	0.975	0.75	0.99375	0.95	0.6375	0.9875	0	0	0	0	0.89375	0.9875	0.70625	0.95	0	0.9875	0.8	0.98125	0.9875	0.51875	0	0.99375	0.7875	0.83125	0.86875	0	0.9875	0.725	0.20625	0	0.575	0.98125	0	0.95625	0	0.9875	0	0	0.975	0.98125	0.95	0.99375	0.89375	0.78125	0	0	0	0.99375	0.9125	0.98125	0.9875	0.9875	0.9375	0.99375	0.9125	0.98125	0.20625	0.96875	0	0.9	0.725	0.7875	0.61875	0	0.86875	0		0.99375	0.68125	0.35625	0.9875	0	0.9875	0.55625
Strongylocentrotus_purpuratus	0	0	0	0.99375	1	0	0.78125	0.725	0.9	1	0.725	0.96875	0.9	0.6	0.25	0.78125	1	0.9875	0	0.6	0.83125	0	0.7875	0.98125	0.75625	1	0.95	0.6375	0.99375	0	0	0	0	0.9	0.99375	0.70625	0.95625	0	0.99375	0.80625	0.9875	0.99375	0.51875	0	1	0.7875	0.8375	0.875	0	0.99375	0.73125	0.2125	0	0.575	0.98125	0	0.9625	0	0.99375	0	0	0.98125	0.9875	0.95	1	0.9	0.78125	0	0	0	1	0.91875	0.9875	0.99375	0.99375	0.9375	1	0.91875	0.98125	0.20625	0.975	0	0.9	0.725	0.79375	0.61875	0	0.875	0	0.99375		0.6875	0.35625	0.99375	0	0.99375	0.5625
Sycon_ciliatum	0	0	0	0.68125	0.6875	0	0.48125	0.425	0.625	0.6875	0.43125	0.65625	0.6875	0.3625	0.25	0.48125	0.6875	0.675	0	0.4375	0.58125	0	0.4875	0.68125	0.55	0.6875	0.6375	0.35	0.68125	0	0	0	0	0.6875	0.68125	0.41875	0.68125	0	0.68125	0.50625	0.675	0.68125	0.375	0	0.6875	0.4875	0.5375	0.61875	0	0.68125	0.5875	0.2	0	0.4375	0.66875	0	0.6875	0	0.68125	0	0	0.68125	0.675	0.6375	0.6875	0.5875	0.48125	0	0	0	0.6875	0.61875	0.675	0.68125	0.68125	0.625	0.6875	0.61875	0.66875	0.19375	0.6625	0	0.60625	0.44375	0.49375	0.38125	0	0.6375	0	0.68125	0.6875		0.3125	0.68125	0	0.68125	0.5
Sycon_coactum	0	0	0	0.35625	0.35625	0	0.35625	0.35625	0.35625	0.35625	0.35625	0.35625	0.3125	0.3125	0.25	0.35625	0.35625	0.35625	0	0.1875	0.26875	0	0.35625	0.35625	0.35625	0.35625	0.35625	0.35625	0.35625	0	0	0	0	0.3125	0.35625	0.35625	0.35625	0	0.35	0.35625	0.35625	0.35625	0.3125	0	0.35625	0.35625	0.35625	0.35625	0	0.35625	0.35625	0	0	0.35	0.35625	0	0.35625	0	0.35625	0	0	0.35625	0.35625	0.35625	0.35625	0.2625	0.35625	0	0	0	0.35625	0.3125	0.35625	0.35625	0.35625	0.35625	0.35625	0.35625	0.35625	0	0.35625	0	0.35625	0.26875	0.25	0.35625	0	0.35625	0	0.35625	0.35625	0.3125		0.35625	0	0.35625	0.175
Sympagella_nux	0	0	0	0.99375	0.99375	0	0.775	0.725	0.9	0.99375	0.725	0.9625	0.89375	0.6	0.25	0.78125	0.99375	0.9875	0	0.6	0.825	0	0.78125	0.975	0.75	0.99375	0.94375	0.6375	0.99375	0	0	0	0	0.89375	0.99375	0.70625	0.95625	0	0.9875	0.80625	0.9875	0.99375	0.51875	0	0.99375	0.78125	0.8375	0.875	0	0.99375	0.73125	0.2125	0	0.56875	0.975	0	0.95625	0	0.99375	0	0	0.975	0.9875	0.95	0.99375	0.9	0.78125	0	0	0	0.99375	0.91875	0.98125	0.99375	0.99375	0.9375	0.99375	0.91875	0.98125	0.20625	0.975	0	0.9	0.725	0.79375	0.6125	0	0.875	0	0.9875	0.99375	0.68125	0.35625		0	0.99375	0.5625
Tribolium_castaneum	0	0	0	0	0	0	0	0	0	0	0	0	0	0	0	0	0	0	0	0	0	0	0	0	0	0	0	0	0	0	0	0	0	0	0	0	0	0	0	0	0	0	0	0	0	0	0	0	0	0	0	0	0	0	0	0	0	0	0	0	0	0	0	0	0	0	0	0	0	0	0	0	0	0	0	0	0	0	0	0	0	0	0	0	0	0	0	0	0	0	0	0	0	0		0	0
Trichoplax_adhaerens	0	0	0	0.99375	0.99375	0	0.775	0.725	0.9	0.99375	0.725	0.9625	0.89375	0.6	0.25	0.78125	0.99375	0.9875	0	0.6	0.825	0	0.78125	0.975	0.75	0.99375	0.94375	0.6375	0.99375	0	0	0	0	0.89375	0.99375	0.70625	0.95625	0	0.9875	0.80625	0.9875	0.99375	0.51875	0	0.99375	0.78125	0.8375	0.875	0	0.99375	0.73125	0.2125	0	0.56875	0.975	0	0.95625	0	0.99375	0	0	0.975	0.9875	0.95	0.99375	0.9	0.78125	0	0	0	0.99375	0.91875	0.98125	0.99375	0.99375	0.9375	0.99375	0.91875	0.98125	0.20625	0.975	0	0.9	0.725	0.79375	0.6125	0	0.875	0	0.9875	0.99375	0.68125	0.35625	0.99375	0		0.5625
Vallicula_multiformis	0	0	0	0.5625	0.5625	0	0.34375	0.29375	0.50625	0.5625	0.29375	0.53125	0.5625	0.275	0.1125	0.35	0.5625	0.5625	0	0.4875	0.53125	0	0.35	0.54375	0.41875	0.5625	0.5125	0.2625	0.5625	0	0	0	0	0.5625	0.5625	0.33125	0.5625	0	0.55625	0.40625	0.5625	0.5625	0.24375	0	0.5625	0.35	0.4375	0.50625	0	0.5625	0.46875	0.2125	0	0.25625	0.54375	0	0.5625	0	0.5625	0	0	0.54375	0.5625	0.525	0.5625	0.49375	0.35	0	0	0	0.5625	0.5625	0.55	0.5625	0.5625	0.50625	0.5625	0.4875	0.55	0.20625	0.54375	0	0.46875	0.38125	0.46875	0.2125	0	0.5625	0	0.55625	0.5625	0.5	0.175	0.5625	0	0.5625	
