	Abeoforma_whisleri	Acanthoeca_sp_10tr	Acanthoeca_spectabilis_VA_02	Aiptasia_pallida	Alatina_alata	Amoebidium_parasiticum_JAP72	Amphimedon_queenslandica	Antipathes_caribbeana	Aphrocallistes_vastus	Aplysia_californica	Atolla_vanhoeffeni	Aurelia_aurita	Beroe_abyssicola	Beroe_sp	Bolinopsis_infundibulum	Bolocera_tuedia	Branchiostoma_floridae	Capitella_teleta	Capsaspora_owczarzaki_atcc30864	Cestum_veneris	Choanoeca_perplexa_11	Chondrilla_nucula	Clathrina_coriacea	Clytia_hemisphaerica	Codosiga_hollandica_17	Coeloplana_species	Corticium_candelabrum	Craspedacusta_sowerbyi	Crassostrea_gigas	Creolimax_fragrantissima	Daphnia_pulex	Diaphanoeca_grandis_RI_01	Didymoeca_costata_10	Dryodora_glandiformis	Edwardsiella_lineata	Ephydatia_muelleri	Euplectella_aspergillum	Euplokamis_dunlapae	Gorgonia_ventalina	Grantia_compressa	Helobdella_robusta	Homo_sapiens	Hormiphora_californensis	Hyalonema_populiferum	Hydra_magnipapillata	Hydractinia_polyclina	Ircinia_fasciculata	Ixodes_scapularis	Kirkpatrickia_variolosa	Lampea_pancerina	Latrunculia_apicalis	Leuconia_nivea	Leucosolenia_complicata	Liriope_tetraphylla	Lucernariopsis_campanulata	Ministeria_vibrans	Mnemiopsis_leidyi	Monosiga_brevicollis_mx1	Montastraea_faveolata	Mycale_phyllophila	Mylnosiga_fluctuans_19	Nanomia_bijuga	Nematostella_vectensis	Oscarella_carmela	Oscarella_species	Pelagia_noctiluca	Pennatula_rubra	Periphylla_periphylla	Petrosia_ficiformis	Pirum_gemmata	Plakina_jani	Pleraplysilla_spinifera	Pleurobrachia_species	Plumapathes_pennacea	Porites_australiensis	Rossella_fibulata	Saccoglossus_kowalevskii	Salpingoeca_dolichothecata_16	Salpingoeca_helianthica_18	Salpingoeca_infusionum_12	Salpingoeca_macrocollata_06	Salpingoeca_punica_03	Salpingoeca_qvevrii_09	Salpingoeca_roanoka_13	Salpingoeca_rosetta	Salpingoeca_urceolata_04	Sphaeroforma_arctica_JP610	Spongilla_lacustris	Stephanoeca_diplocostata_AUFR	Stomolophus_meleagris	Strongylocentrotus_purpuratus	Sycon_ciliatum	Sycon_coactum	Sympagella_nux	Tribolium_castaneum	Trichoplax_adhaerens	Vallicula_multiformis
Abeoforma_whisleri		0	0	0	0	0	0	0	0	0	0	0	0	0	0	0	0	0	0	0	0	0	0	0	0	0	0	0	0	0	0	0	0	0	0	0	0	0	0	0	0	0	0	0	0	0	0	0	0	0	0	0	0	0	0	0	0	0	0	0	0	0	0	0	0	0	0	0	0	0	0	0	0	0	0	0	0	0	0	0	0	0	0	0	0	0	0	0	0	0	0	0	0	0	0	0	0
Acanthoeca_sp_10tr	0		0	0	0	0	0	0	0	0	0	0	0	0	0	0	0	0	0	0	0	0	0	0	0	0	0	0	0	0	0	0	0	0	0	0	0	0	0	0	0	0	0	0	0	0	0	0	0	0	0	0	0	0	0	0	0	0	0	0	0	0	0	0	0	0	0	0	0	0	0	0	0	0	0	0	0	0	0	0	0	0	0	0	0	0	0	0	0	0	0	0	0	0	0	0	0
Acanthoeca_spectabilis_VA_02	0	0		0	0	0	0	0	0	0	0	0	0	0	0	0	0	0	0	0	0	0	0	0	0	0	0	0	0	0	0	0	0	0	0	0	0	0	0	0	0	0	0	0	0	0	0	0	0	0	0	0	0	0	0	0	0	0	0	0	0	0	0	0	0	0	0	0	0	0	0	0	0	0	0	0	0	0	0	0	0	0	0	0	0	0	0	0	0	0	0	0	0	0	0	0	0
Aiptasia_pallida	0	0	0		1	0	0.9875	1	0	1	1	1	0	0	0.675	1	1	1	0.875	0.2625	0	0.925	1	1	0.825	0.9875	1	1	1	0	1	0.875	0	0.9875	0	1	0	0.9875	1	0	1	0	0.8125	0	1	1	1	0.525	0.9875	1	0.975	1	1	1	0.9	0	0.9875	0	1	0.9875	0.9875	1	1	1	0.45	0.5875	0	1	0.9125	0	0.9875	0.9625	0.9125	1	1	0.75	1	0.9875	0	0	0	0.7125	0	0	0	0	0	0	0	1	0.425	1	0	0	0.8	0.975	1
Alatina_alata	0	0	0	1		0	0.9875	1	0	1	1	1	0	0	0.675	1	1	1	0.875	0.2625	0	0.925	1	1	0.825	0.9875	1	1	1	0	1	0.875	0	0.9875	0	1	0	0.9875	1	0	1	0	0.8125	0	1	1	1	0.525	0.9875	1	0.975	1	1	1	0.9	0	0.9875	0	1	0.9875	0.9875	1	1	1	0.45	0.5875	0	1	0.9125	0	0.9875	0.9625	0.9125	1	1	0.75	1	0.9875	0	0	0	0.7125	0	0	0	0	0	0	0	1	0.425	1	0	0	0.8	0.975	1
Amoebidium_parasiticum_JAP72	0	0	0	0	0		0	0	0	0	0	0	0	0	0	0	0	0	0	0	0	0	0	0	0	0	0	0	0	0	0	0	0	0	0	0	0	0	0	0	0	0	0	0	0	0	0	0	0	0	0	0	0	0	0	0	0	0	0	0	0	0	0	0	0	0	0	0	0	0	0	0	0	0	0	0	0	0	0	0	0	0	0	0	0	0	0	0	0	0	0	0	0	0	0	0	0
Amphimedon_queenslandica	0	0	0	0.9875	0.9875	0		0.9875	0	0.9875	0.9875	0.9875	0	0	0.675	0.9875	0.9875	0.9875	0.875	0.2625	0	0.925	0.9875	0.9875	0.8125	0.9875	0.9875	0.9875	0.9875	0	0.9875	0.8625	0	0.9875	0	0.9875	0	0.9875	0.9875	0	0.9875	0	0.8	0	0.9875	0.9875	0.9875	0.525	0.9875	0.9875	0.975	0.9875	0.9875	0.9875	0.8875	0	0.9875	0	0.9875	0.9875	0.975	0.9875	0.9875	0.9875	0.45	0.5875	0	0.9875	0.9125	0	0.975	0.9625	0.9125	0.9875	0.9875	0.7375	0.9875	0.975	0	0	0	0.7125	0	0	0	0	0	0	0	0.9875	0.4125	0.9875	0	0	0.7875	0.975	0.9875
Antipathes_caribbeana	0	0	0	1	1	0	0.9875		0	1	1	1	0	0	0.675	1	1	1	0.875	0.2625	0	0.925	1	1	0.825	0.9875	1	1	1	0	1	0.875	0	0.9875	0	1	0	0.9875	1	0	1	0	0.8125	0	1	1	1	0.525	0.9875	1	0.975	1	1	1	0.9	0	0.9875	0	1	0.9875	0.9875	1	1	1	0.45	0.5875	0	1	0.9125	0	0.9875	0.9625	0.9125	1	1	0.75	1	0.9875	0	0	0	0.7125	0	0	0	0	0	0	0	1	0.425	1	0	0	0.8	0.975	1
Aphrocallistes_vastus	0	0	0	0	0	0	0	0		0	0	0	0	0	0	0	0	0	0	0	0	0	0	0	0	0	0	0	0	0	0	0	0	0	0	0	0	0	0	0	0	0	0	0	0	0	0	0	0	0	0	0	0	0	0	0	0	0	0	0	0	0	0	0	0	0	0	0	0	0	0	0	0	0	0	0	0	0	0	0	0	0	0	0	0	0	0	0	0	0	0	0	0	0	0	0	0
Aplysia_californica	0	0	0	1	1	0	0.9875	1	0		1	1	0	0	0.675	1	1	1	0.875	0.2625	0	0.925	1	1	0.825	0.9875	1	1	1	0	1	0.875	0	0.9875	0	1	0	0.9875	1	0	1	0	0.8125	0	1	1	1	0.525	0.9875	1	0.975	1	1	1	0.9	0	0.9875	0	1	0.9875	0.9875	1	1	1	0.45	0.5875	0	1	0.9125	0	0.9875	0.9625	0.9125	1	1	0.75	1	0.9875	0	0	0	0.7125	0	0	0	0	0	0	0	1	0.425	1	0	0	0.8	0.975	1
Atolla_vanhoeffeni	0	0	0	1	1	0	0.9875	1	0	1		1	0	0	0.675	1	1	1	0.875	0.2625	0	0.925	1	1	0.825	0.9875	1	1	1	0	1	0.875	0	0.9875	0	1	0	0.9875	1	0	1	0	0.8125	0	1	1	1	0.525	0.9875	1	0.975	1	1	1	0.9	0	0.9875	0	1	0.9875	0.9875	1	1	1	0.45	0.5875	0	1	0.9125	0	0.9875	0.9625	0.9125	1	1	0.75	1	0.9875	0	0	0	0.7125	0	0	0	0	0	0	0	1	0.425	1	0	0	0.8	0.975	1
Aurelia_aurita	0	0	0	1	1	0	0.9875	1	0	1	1		0	0	0.675	1	1	1	0.875	0.2625	0	0.925	1	1	0.825	0.9875	1	1	1	0	1	0.875	0	0.9875	0	1	0	0.9875	1	0	1	0	0.8125	0	1	1	1	0.525	0.9875	1	0.975	1	1	1	0.9	0	0.9875	0	1	0.9875	0.9875	1	1	1	0.45	0.5875	0	1	0.9125	0	0.9875	0.9625	0.9125	1	1	0.75	1	0.9875	0	0	0	0.7125	0	0	0	0	0	0	0	1	0.425	1	0	0	0.8	0.975	1
Beroe_abyssicola	0	0	0	0	0	0	0	0	0	0	0	0		0	0	0	0	0	0	0	0	0	0	0	0	0	0	0	0	0	0	0	0	0	0	0	0	0	0	0	0	0	0	0	0	0	0	0	0	0	0	0	0	0	0	0	0	0	0	0	0	0	0	0	0	0	0	0	0	0	0	0	0	0	0	0	0	0	0	0	0	0	0	0	0	0	0	0	0	0	0	0	0	0	0	0	0
Beroe_sp	0	0	0	0	0	0	0	0	0	0	0	0	0		0	0	0	0	0	0	0	0	0	0	0	0	0	0	0	0	0	0	0	0	0	0	0	0	0	0	0	0	0	0	0	0	0	0	0	0	0	0	0	0	0	0	0	0	0	0	0	0	0	0	0	0	0	0	0	0	0	0	0	0	0	0	0	0	0	0	0	0	0	0	0	0	0	0	0	0	0	0	0	0	0	0	0
Bolinopsis_infundibulum	0	0	0	0.675	0.675	0	0.675	0.675	0	0.675	0.675	0.675	0	0		0.675	0.675	0.675	0.5625	0.2625	0	0.6125	0.675	0.675	0.6375	0.675	0.675	0.675	0.675	0	0.675	0.6125	0	0.675	0	0.675	0	0.675	0.675	0	0.675	0	0.675	0	0.675	0.675	0.675	0.325	0.675	0.675	0.6625	0.675	0.675	0.675	0.575	0	0.675	0	0.675	0.675	0.6625	0.675	0.675	0.675	0.325	0.275	0	0.675	0.6	0	0.6625	0.65	0.675	0.675	0.675	0.4375	0.675	0.6625	0	0	0	0.5375	0	0	0	0	0	0	0	0.675	0.4	0.675	0	0	0.6	0.6625	0.675
Bolocera_tuedia	0	0	0	1	1	0	0.9875	1	0	1	1	1	0	0	0.675		1	1	0.875	0.2625	0	0.925	1	1	0.825	0.9875	1	1	1	0	1	0.875	0	0.9875	0	1	0	0.9875	1	0	1	0	0.8125	0	1	1	1	0.525	0.9875	1	0.975	1	1	1	0.9	0	0.9875	0	1	0.9875	0.9875	1	1	1	0.45	0.5875	0	1	0.9125	0	0.9875	0.9625	0.9125	1	1	0.75	1	0.9875	0	0	0	0.7125	0	0	0	0	0	0	0	1	0.425	1	0	0	0.8	0.975	1
Branchiostoma_floridae	0	0	0	1	1	0	0.9875	1	0	1	1	1	0	0	0.675	1		1	0.875	0.2625	0	0.925	1	1	0.825	0.9875	1	1	1	0	1	0.875	0	0.9875	0	1	0	0.9875	1	0	1	0	0.8125	0	1	1	1	0.525	0.9875	1	0.975	1	1	1	0.9	0	0.9875	0	1	0.9875	0.9875	1	1	1	0.45	0.5875	0	1	0.9125	0	0.9875	0.9625	0.9125	1	1	0.75	1	0.9875	0	0	0	0.7125	0	0	0	0	0	0	0	1	0.425	1	0	0	0.8	0.975	1
Capitella_teleta	0	0	0	1	1	0	0.9875	1	0	1	1	1	0	0	0.675	1	1		0.875	0.2625	0	0.925	1	1	0.825	0.9875	1	1	1	0	1	0.875	0	0.9875	0	1	0	0.9875	1	0	1	0	0.8125	0	1	1	1	0.525	0.9875	1	0.975	1	1	1	0.9	0	0.9875	0	1	0.9875	0.9875	1	1	1	0.45	0.5875	0	1	0.9125	0	0.9875	0.9625	0.9125	1	1	0.75	1	0.9875	0	0	0	0.7125	0	0	0	0	0	0	0	1	0.425	1	0	0	0.8	0.975	1
Capsaspora_owczarzaki_atcc30864	0	0	0	0.875	0.875	0	0.875	0.875	0	0.875	0.875	0.875	0	0	0.5625	0.875	0.875	0.875		0.15	0	0.875	0.875	0.875	0.725	0.875	0.875	0.875	0.875	0	0.875	0.75	0	0.875	0	0.875	0	0.875	0.875	0	0.875	0	0.6875	0	0.875	0.875	0.875	0.4625	0.875	0.875	0.875	0.875	0.875	0.875	0.775	0	0.875	0	0.875	0.875	0.8625	0.875	0.875	0.875	0.45	0.5875	0	0.875	0.85	0	0.8625	0.875	0.8	0.875	0.875	0.675	0.875	0.8625	0	0	0	0.6	0	0	0	0	0	0	0	0.875	0.3	0.875	0	0	0.675	0.875	0.875
Cestum_veneris	0	0	0	0.2625	0.2625	0	0.2625	0.2625	0	0.2625	0.2625	0.2625	0	0	0.2625	0.2625	0.2625	0.2625	0.15		0	0.2	0.2625	0.2625	0.2375	0.2625	0.2625	0.2625	0.2625	0	0.2625	0.2625	0	0.2625	0	0.2625	0	0.2625	0.2625	0	0.2625	0	0.2625	0	0.2625	0.2625	0.2625	0.1875	0.2625	0.2625	0.25	0.2625	0.2625	0.2625	0.1625	0	0.2625	0	0.2625	0.2625	0.2625	0.2625	0.2625	0.2625	0	0	0	0.2625	0.1875	0	0.2625	0.2375	0.2625	0.2625	0.2625	0.2125	0.2625	0.2625	0	0	0	0.2625	0	0	0	0	0	0	0	0.2625	0.2625	0.2625	0	0	0.2625	0.25	0.2625
Choanoeca_perplexa_11	0	0	0	0	0	0	0	0	0	0	0	0	0	0	0	0	0	0	0	0		0	0	0	0	0	0	0	0	0	0	0	0	0	0	0	0	0	0	0	0	0	0	0	0	0	0	0	0	0	0	0	0	0	0	0	0	0	0	0	0	0	0	0	0	0	0	0	0	0	0	0	0	0	0	0	0	0	0	0	0	0	0	0	0	0	0	0	0	0	0	0	0	0	0	0	0
Chondrilla_nucula	0	0	0	0.925	0.925	0	0.925	0.925	0	0.925	0.925	0.925	0	0	0.6125	0.925	0.925	0.925	0.875	0.2	0		0.925	0.925	0.775	0.925	0.925	0.925	0.925	0	0.925	0.8	0	0.925	0	0.925	0	0.925	0.925	0	0.925	0	0.7375	0	0.925	0.925	0.925	0.475	0.925	0.925	0.925	0.925	0.925	0.925	0.825	0	0.925	0	0.925	0.925	0.9125	0.925	0.925	0.925	0.45	0.5875	0	0.925	0.8625	0	0.9125	0.9125	0.85	0.925	0.925	0.725	0.925	0.9125	0	0	0	0.65	0	0	0	0	0	0	0	0.925	0.35	0.925	0	0	0.725	0.925	0.925
Clathrina_coriacea	0	0	0	1	1	0	0.9875	1	0	1	1	1	0	0	0.675	1	1	1	0.875	0.2625	0	0.925		1	0.825	0.9875	1	1	1	0	1	0.875	0	0.9875	0	1	0	0.9875	1	0	1	0	0.8125	0	1	1	1	0.525	0.9875	1	0.975	1	1	1	0.9	0	0.9875	0	1	0.9875	0.9875	1	1	1	0.45	0.5875	0	1	0.9125	0	0.9875	0.9625	0.9125	1	1	0.75	1	0.9875	0	0	0	0.7125	0	0	0	0	0	0	0	1	0.425	1	0	0	0.8	0.975	1
Clytia_hemisphaerica	0	0	0	1	1	0	0.9875	1	0	1	1	1	0	0	0.675	1	1	1	0.875	0.2625	0	0.925	1		0.825	0.9875	1	1	1	0	1	0.875	0	0.9875	0	1	0	0.9875	1	0	1	0	0.8125	0	1	1	1	0.525	0.9875	1	0.975	1	1	1	0.9	0	0.9875	0	1	0.9875	0.9875	1	1	1	0.45	0.5875	0	1	0.9125	0	0.9875	0.9625	0.9125	1	1	0.75	1	0.9875	0	0	0	0.7125	0	0	0	0	0	0	0	1	0.425	1	0	0	0.8	0.975	1
Codosiga_hollandica_17	0	0	0	0.825	0.825	0	0.8125	0.825	0	0.825	0.825	0.825	0	0	0.6375	0.825	0.825	0.825	0.725	0.2375	0	0.775	0.825	0.825		0.8125	0.825	0.825	0.825	0	0.825	0.75	0	0.8125	0	0.825	0	0.8125	0.825	0	0.825	0	0.6625	0	0.825	0.825	0.825	0.45	0.8125	0.825	0.8	0.825	0.825	0.825	0.725	0	0.8125	0	0.825	0.8125	0.8125	0.825	0.825	0.825	0.325	0.45	0	0.825	0.7375	0	0.8125	0.7875	0.7375	0.825	0.825	0.6	0.825	0.8125	0	0	0	0.6125	0	0	0	0	0	0	0	0.825	0.375	0.825	0	0	0.7375	0.8	0.825
Coeloplana_species	0	0	0	0.9875	0.9875	0	0.9875	0.9875	0	0.9875	0.9875	0.9875	0	0	0.675	0.9875	0.9875	0.9875	0.875	0.2625	0	0.925	0.9875	0.9875	0.8125		0.9875	0.9875	0.9875	0	0.9875	0.8625	0	0.9875	0	0.9875	0	0.9875	0.9875	0	0.9875	0	0.8	0	0.9875	0.9875	0.9875	0.525	0.9875	0.9875	0.975	0.9875	0.9875	0.9875	0.8875	0	0.9875	0	0.9875	0.9875	0.975	0.9875	0.9875	0.9875	0.45	0.5875	0	0.9875	0.9125	0	0.975	0.9625	0.9125	0.9875	0.9875	0.7375	0.9875	0.975	0	0	0	0.7125	0	0	0	0	0	0	0	0.9875	0.4125	0.9875	0	0	0.7875	0.975	0.9875
Corticium_candelabrum	0	0	0	1	1	0	0.9875	1	0	1	1	1	0	0	0.675	1	1	1	0.875	0.2625	0	0.925	1	1	0.825	0.9875		1	1	0	1	0.875	0	0.9875	0	1	0	0.9875	1	0	1	0	0.8125	0	1	1	1	0.525	0.9875	1	0.975	1	1	1	0.9	0	0.9875	0	1	0.9875	0.9875	1	1	1	0.45	0.5875	0	1	0.9125	0	0.9875	0.9625	0.9125	1	1	0.75	1	0.9875	0	0	0	0.7125	0	0	0	0	0	0	0	1	0.425	1	0	0	0.8	0.975	1
Craspedacusta_sowerbyi	0	0	0	1	1	0	0.9875	1	0	1	1	1	0	0	0.675	1	1	1	0.875	0.2625	0	0.925	1	1	0.825	0.9875	1		1	0	1	0.875	0	0.9875	0	1	0	0.9875	1	0	1	0	0.8125	0	1	1	1	0.525	0.9875	1	0.975	1	1	1	0.9	0	0.9875	0	1	0.9875	0.9875	1	1	1	0.45	0.5875	0	1	0.9125	0	0.9875	0.9625	0.9125	1	1	0.75	1	0.9875	0	0	0	0.7125	0	0	0	0	0	0	0	1	0.425	1	0	0	0.8	0.975	1
Crassostrea_gigas	0	0	0	1	1	0	0.9875	1	0	1	1	1	0	0	0.675	1	1	1	0.875	0.2625	0	0.925	1	1	0.825	0.9875	1	1		0	1	0.875	0	0.9875	0	1	0	0.9875	1	0	1	0	0.8125	0	1	1	1	0.525	0.9875	1	0.975	1	1	1	0.9	0	0.9875	0	1	0.9875	0.9875	1	1	1	0.45	0.5875	0	1	0.9125	0	0.9875	0.9625	0.9125	1	1	0.75	1	0.9875	0	0	0	0.7125	0	0	0	0	0	0	0	1	0.425	1	0	0	0.8	0.975	1
Creolimax_fragrantissima	0	0	0	0	0	0	0	0	0	0	0	0	0	0	0	0	0	0	0	0	0	0	0	0	0	0	0	0	0		0	0	0	0	0	0	0	0	0	0	0	0	0	0	0	0	0	0	0	0	0	0	0	0	0	0	0	0	0	0	0	0	0	0	0	0	0	0	0	0	0	0	0	0	0	0	0	0	0	0	0	0	0	0	0	0	0	0	0	0	0	0	0	0	0	0	0
Daphnia_pulex	0	0	0	1	1	0	0.9875	1	0	1	1	1	0	0	0.675	1	1	1	0.875	0.2625	0	0.925	1	1	0.825	0.9875	1	1	1	0		0.875	0	0.9875	0	1	0	0.9875	1	0	1	0	0.8125	0	1	1	1	0.525	0.9875	1	0.975	1	1	1	0.9	0	0.9875	0	1	0.9875	0.9875	1	1	1	0.45	0.5875	0	1	0.9125	0	0.9875	0.9625	0.9125	1	1	0.75	1	0.9875	0	0	0	0.7125	0	0	0	0	0	0	0	1	0.425	1	0	0	0.8	0.975	1
Diaphanoeca_grandis_RI_01	0	0	0	0.875	0.875	0	0.8625	0.875	0	0.875	0.875	0.875	0	0	0.6125	0.875	0.875	0.875	0.75	0.2625	0	0.8	0.875	0.875	0.75	0.8625	0.875	0.875	0.875	0	0.875		0	0.8625	0	0.875	0	0.8625	0.875	0	0.875	0	0.7125	0	0.875	0.875	0.875	0.5	0.8625	0.875	0.85	0.875	0.875	0.875	0.775	0	0.8625	0	0.875	0.8625	0.8625	0.875	0.875	0.875	0.35	0.4625	0	0.875	0.7875	0	0.8625	0.8375	0.7875	0.875	0.875	0.6625	0.875	0.8625	0	0	0	0.6875	0	0	0	0	0	0	0	0.875	0.425	0.875	0	0	0.775	0.85	0.875
Didymoeca_costata_10	0	0	0	0	0	0	0	0	0	0	0	0	0	0	0	0	0	0	0	0	0	0	0	0	0	0	0	0	0	0	0	0		0	0	0	0	0	0	0	0	0	0	0	0	0	0	0	0	0	0	0	0	0	0	0	0	0	0	0	0	0	0	0	0	0	0	0	0	0	0	0	0	0	0	0	0	0	0	0	0	0	0	0	0	0	0	0	0	0	0	0	0	0	0	0	0
Dryodora_glandiformis	0	0	0	0.9875	0.9875	0	0.9875	0.9875	0	0.9875	0.9875	0.9875	0	0	0.675	0.9875	0.9875	0.9875	0.875	0.2625	0	0.925	0.9875	0.9875	0.8125	0.9875	0.9875	0.9875	0.9875	0	0.9875	0.8625	0		0	0.9875	0	0.9875	0.9875	0	0.9875	0	0.8	0	0.9875	0.9875	0.9875	0.525	0.9875	0.9875	0.975	0.9875	0.9875	0.9875	0.8875	0	0.9875	0	0.9875	0.9875	0.975	0.9875	0.9875	0.9875	0.45	0.5875	0	0.9875	0.9125	0	0.975	0.9625	0.9125	0.9875	0.9875	0.7375	0.9875	0.975	0	0	0	0.7125	0	0	0	0	0	0	0	0.9875	0.4125	0.9875	0	0	0.7875	0.975	0.9875
Edwardsiella_lineata	0	0	0	0	0	0	0	0	0	0	0	0	0	0	0	0	0	0	0	0	0	0	0	0	0	0	0	0	0	0	0	0	0	0		0	0	0	0	0	0	0	0	0	0	0	0	0	0	0	0	0	0	0	0	0	0	0	0	0	0	0	0	0	0	0	0	0	0	0	0	0	0	0	0	0	0	0	0	0	0	0	0	0	0	0	0	0	0	0	0	0	0	0	0	0	0
Ephydatia_muelleri	0	0	0	1	1	0	0.9875	1	0	1	1	1	0	0	0.675	1	1	1	0.875	0.2625	0	0.925	1	1	0.825	0.9875	1	1	1	0	1	0.875	0	0.9875	0		0	0.9875	1	0	1	0	0.8125	0	1	1	1	0.525	0.9875	1	0.975	1	1	1	0.9	0	0.9875	0	1	0.9875	0.9875	1	1	1	0.45	0.5875	0	1	0.9125	0	0.9875	0.9625	0.9125	1	1	0.75	1	0.9875	0	0	0	0.7125	0	0	0	0	0	0	0	1	0.425	1	0	0	0.8	0.975	1
Euplectella_aspergillum	0	0	0	0	0	0	0	0	0	0	0	0	0	0	0	0	0	0	0	0	0	0	0	0	0	0	0	0	0	0	0	0	0	0	0	0		0	0	0	0	0	0	0	0	0	0	0	0	0	0	0	0	0	0	0	0	0	0	0	0	0	0	0	0	0	0	0	0	0	0	0	0	0	0	0	0	0	0	0	0	0	0	0	0	0	0	0	0	0	0	0	0	0	0	0	0
Euplokamis_dunlapae	0	0	0	0.9875	0.9875	0	0.9875	0.9875	0	0.9875	0.9875	0.9875	0	0	0.675	0.9875	0.9875	0.9875	0.875	0.2625	0	0.925	0.9875	0.9875	0.8125	0.9875	0.9875	0.9875	0.9875	0	0.9875	0.8625	0	0.9875	0	0.9875	0		0.9875	0	0.9875	0	0.8	0	0.9875	0.9875	0.9875	0.525	0.9875	0.9875	0.975	0.9875	0.9875	0.9875	0.8875	0	0.9875	0	0.9875	0.9875	0.975	0.9875	0.9875	0.9875	0.45	0.5875	0	0.9875	0.9125	0	0.975	0.9625	0.9125	0.9875	0.9875	0.7375	0.9875	0.975	0	0	0	0.7125	0	0	0	0	0	0	0	0.9875	0.4125	0.9875	0	0	0.7875	0.975	0.9875
Gorgonia_ventalina	0	0	0	1	1	0	0.9875	1	0	1	1	1	0	0	0.675	1	1	1	0.875	0.2625	0	0.925	1	1	0.825	0.9875	1	1	1	0	1	0.875	0	0.9875	0	1	0	0.9875		0	1	0	0.8125	0	1	1	1	0.525	0.9875	1	0.975	1	1	1	0.9	0	0.9875	0	1	0.9875	0.9875	1	1	1	0.45	0.5875	0	1	0.9125	0	0.9875	0.9625	0.9125	1	1	0.75	1	0.9875	0	0	0	0.7125	0	0	0	0	0	0	0	1	0.425	1	0	0	0.8	0.975	1
Grantia_compressa	0	0	0	0	0	0	0	0	0	0	0	0	0	0	0	0	0	0	0	0	0	0	0	0	0	0	0	0	0	0	0	0	0	0	0	0	0	0	0		0	0	0	0	0	0	0	0	0	0	0	0	0	0	0	0	0	0	0	0	0	0	0	0	0	0	0	0	0	0	0	0	0	0	0	0	0	0	0	0	0	0	0	0	0	0	0	0	0	0	0	0	0	0	0	0	0
Helobdella_robusta	0	0	0	1	1	0	0.9875	1	0	1	1	1	0	0	0.675	1	1	1	0.875	0.2625	0	0.925	1	1	0.825	0.9875	1	1	1	0	1	0.875	0	0.9875	0	1	0	0.9875	1	0		0	0.8125	0	1	1	1	0.525	0.9875	1	0.975	1	1	1	0.9	0	0.9875	0	1	0.9875	0.9875	1	1	1	0.45	0.5875	0	1	0.9125	0	0.9875	0.9625	0.9125	1	1	0.75	1	0.9875	0	0	0	0.7125	0	0	0	0	0	0	0	1	0.425	1	0	0	0.8	0.975	1
Homo_sapiens	0	0	0	0	0	0	0	0	0	0	0	0	0	0	0	0	0	0	0	0	0	0	0	0	0	0	0	0	0	0	0	0	0	0	0	0	0	0	0	0	0		0	0	0	0	0	0	0	0	0	0	0	0	0	0	0	0	0	0	0	0	0	0	0	0	0	0	0	0	0	0	0	0	0	0	0	0	0	0	0	0	0	0	0	0	0	0	0	0	0	0	0	0	0	0	0
Hormiphora_californensis	0	0	0	0.8125	0.8125	0	0.8	0.8125	0	0.8125	0.8125	0.8125	0	0	0.675	0.8125	0.8125	0.8125	0.6875	0.2625	0	0.7375	0.8125	0.8125	0.6625	0.8	0.8125	0.8125	0.8125	0	0.8125	0.7125	0	0.8	0	0.8125	0	0.8	0.8125	0	0.8125	0		0	0.8125	0.8125	0.8125	0.3375	0.8	0.8125	0.7875	0.8125	0.8125	0.8125	0.7125	0	0.8	0	0.8125	0.8	0.8	0.8125	0.8125	0.8125	0.45	0.4	0	0.8125	0.725	0	0.8	0.775	0.8	0.8125	0.8125	0.575	0.8125	0.8	0	0	0	0.575	0	0	0	0	0	0	0	0.8125	0.425	0.8125	0	0	0.6125	0.7875	0.8125
Hyalonema_populiferum	0	0	0	0	0	0	0	0	0	0	0	0	0	0	0	0	0	0	0	0	0	0	0	0	0	0	0	0	0	0	0	0	0	0	0	0	0	0	0	0	0	0	0		0	0	0	0	0	0	0	0	0	0	0	0	0	0	0	0	0	0	0	0	0	0	0	0	0	0	0	0	0	0	0	0	0	0	0	0	0	0	0	0	0	0	0	0	0	0	0	0	0	0	0	0	0
Hydra_magnipapillata	0	0	0	1	1	0	0.9875	1	0	1	1	1	0	0	0.675	1	1	1	0.875	0.2625	0	0.925	1	1	0.825	0.9875	1	1	1	0	1	0.875	0	0.9875	0	1	0	0.9875	1	0	1	0	0.8125	0		1	1	0.525	0.9875	1	0.975	1	1	1	0.9	0	0.9875	0	1	0.9875	0.9875	1	1	1	0.45	0.5875	0	1	0.9125	0	0.9875	0.9625	0.9125	1	1	0.75	1	0.9875	0	0	0	0.7125	0	0	0	0	0	0	0	1	0.425	1	0	0	0.8	0.975	1
Hydractinia_polyclina	0	0	0	1	1	0	0.9875	1	0	1	1	1	0	0	0.675	1	1	1	0.875	0.2625	0	0.925	1	1	0.825	0.9875	1	1	1	0	1	0.875	0	0.9875	0	1	0	0.9875	1	0	1	0	0.8125	0	1		1	0.525	0.9875	1	0.975	1	1	1	0.9	0	0.9875	0	1	0.9875	0.9875	1	1	1	0.45	0.5875	0	1	0.9125	0	0.9875	0.9625	0.9125	1	1	0.75	1	0.9875	0	0	0	0.7125	0	0	0	0	0	0	0	1	0.425	1	0	0	0.8	0.975	1
Ircinia_fasciculata	0	0	0	1	1	0	0.9875	1	0	1	1	1	0	0	0.675	1	1	1	0.875	0.2625	0	0.925	1	1	0.825	0.9875	1	1	1	0	1	0.875	0	0.9875	0	1	0	0.9875	1	0	1	0	0.8125	0	1	1		0.525	0.9875	1	0.975	1	1	1	0.9	0	0.9875	0	1	0.9875	0.9875	1	1	1	0.45	0.5875	0	1	0.9125	0	0.9875	0.9625	0.9125	1	1	0.75	1	0.9875	0	0	0	0.7125	0	0	0	0	0	0	0	1	0.425	1	0	0	0.8	0.975	1
Ixodes_scapularis	0	0	0	0.525	0.525	0	0.525	0.525	0	0.525	0.525	0.525	0	0	0.325	0.525	0.525	0.525	0.4625	0.1875	0	0.475	0.525	0.525	0.45	0.525	0.525	0.525	0.525	0	0.525	0.5	0	0.525	0	0.525	0	0.525	0.525	0	0.525	0	0.3375	0	0.525	0.525	0.525		0.525	0.525	0.525	0.525	0.525	0.525	0.4375	0	0.525	0	0.525	0.525	0.525	0.525	0.525	0.525	0.0625	0.2	0	0.525	0.525	0	0.5125	0.525	0.45	0.525	0.525	0.4625	0.525	0.525	0	0	0	0.475	0	0	0	0	0	0	0	0.525	0.3375	0.525	0	0	0.5125	0.525	0.525
Kirkpatrickia_variolosa	0	0	0	0.9875	0.9875	0	0.9875	0.9875	0	0.9875	0.9875	0.9875	0	0	0.675	0.9875	0.9875	0.9875	0.875	0.2625	0	0.925	0.9875	0.9875	0.8125	0.9875	0.9875	0.9875	0.9875	0	0.9875	0.8625	0	0.9875	0	0.9875	0	0.9875	0.9875	0	0.9875	0	0.8	0	0.9875	0.9875	0.9875	0.525		0.9875	0.975	0.9875	0.9875	0.9875	0.8875	0	0.9875	0	0.9875	0.9875	0.975	0.9875	0.9875	0.9875	0.45	0.5875	0	0.9875	0.9125	0	0.975	0.9625	0.9125	0.9875	0.9875	0.7375	0.9875	0.975	0	0	0	0.7125	0	0	0	0	0	0	0	0.9875	0.4125	0.9875	0	0	0.7875	0.975	0.9875
Lampea_pancerina	0	0	0	1	1	0	0.9875	1	0	1	1	1	0	0	0.675	1	1	1	0.875	0.2625	0	0.925	1	1	0.825	0.9875	1	1	1	0	1	0.875	0	0.9875	0	1	0	0.9875	1	0	1	0	0.8125	0	1	1	1	0.525	0.9875		0.975	1	1	1	0.9	0	0.9875	0	1	0.9875	0.9875	1	1	1	0.45	0.5875	0	1	0.9125	0	0.9875	0.9625	0.9125	1	1	0.75	1	0.9875	0	0	0	0.7125	0	0	0	0	0	0	0	1	0.425	1	0	0	0.8	0.975	1
Latrunculia_apicalis	0	0	0	0.975	0.975	0	0.975	0.975	0	0.975	0.975	0.975	0	0	0.6625	0.975	0.975	0.975	0.875	0.25	0	0.925	0.975	0.975	0.8	0.975	0.975	0.975	0.975	0	0.975	0.85	0	0.975	0	0.975	0	0.975	0.975	0	0.975	0	0.7875	0	0.975	0.975	0.975	0.525	0.975	0.975		0.975	0.975	0.975	0.875	0	0.975	0	0.975	0.975	0.9625	0.975	0.975	0.975	0.45	0.5875	0	0.975	0.9125	0	0.9625	0.9625	0.9	0.975	0.975	0.725	0.975	0.9625	0	0	0	0.7	0	0	0	0	0	0	0	0.975	0.4	0.975	0	0	0.775	0.975	0.975
Leuconia_nivea	0	0	0	1	1	0	0.9875	1	0	1	1	1	0	0	0.675	1	1	1	0.875	0.2625	0	0.925	1	1	0.825	0.9875	1	1	1	0	1	0.875	0	0.9875	0	1	0	0.9875	1	0	1	0	0.8125	0	1	1	1	0.525	0.9875	1	0.975		1	1	0.9	0	0.9875	0	1	0.9875	0.9875	1	1	1	0.45	0.5875	0	1	0.9125	0	0.9875	0.9625	0.9125	1	1	0.75	1	0.9875	0	0	0	0.7125	0	0	0	0	0	0	0	1	0.425	1	0	0	0.8	0.975	1
Leucosolenia_complicata	0	0	0	1	1	0	0.9875	1	0	1	1	1	0	0	0.675	1	1	1	0.875	0.2625	0	0.925	1	1	0.825	0.9875	1	1	1	0	1	0.875	0	0.9875	0	1	0	0.9875	1	0	1	0	0.8125	0	1	1	1	0.525	0.9875	1	0.975	1		1	0.9	0	0.9875	0	1	0.9875	0.9875	1	1	1	0.45	0.5875	0	1	0.9125	0	0.9875	0.9625	0.9125	1	1	0.75	1	0.9875	0	0	0	0.7125	0	0	0	0	0	0	0	1	0.425	1	0	0	0.8	0.975	1
Liriope_tetraphylla	0	0	0	1	1	0	0.9875	1	0	1	1	1	0	0	0.675	1	1	1	0.875	0.2625	0	0.925	1	1	0.825	0.9875	1	1	1	0	1	0.875	0	0.9875	0	1	0	0.9875	1	0	1	0	0.8125	0	1	1	1	0.525	0.9875	1	0.975	1	1		0.9	0	0.9875	0	1	0.9875	0.9875	1	1	1	0.45	0.5875	0	1	0.9125	0	0.9875	0.9625	0.9125	1	1	0.75	1	0.9875	0	0	0	0.7125	0	0	0	0	0	0	0	1	0.425	1	0	0	0.8	0.975	1
Lucernariopsis_campanulata	0	0	0	0.9	0.9	0	0.8875	0.9	0	0.9	0.9	0.9	0	0	0.575	0.9	0.9	0.9	0.775	0.1625	0	0.825	0.9	0.9	0.725	0.8875	0.9	0.9	0.9	0	0.9	0.775	0	0.8875	0	0.9	0	0.8875	0.9	0	0.9	0	0.7125	0	0.9	0.9	0.9	0.4375	0.8875	0.9	0.875	0.9	0.9	0.9		0	0.8875	0	0.9	0.8875	0.8875	0.9	0.9	0.9	0.45	0.5875	0	0.9	0.825	0	0.8875	0.8625	0.8125	0.9	0.9	0.65	0.9	0.8875	0	0	0	0.6125	0	0	0	0	0	0	0	0.9	0.325	0.9	0	0	0.7	0.875	0.9
Ministeria_vibrans	0	0	0	0	0	0	0	0	0	0	0	0	0	0	0	0	0	0	0	0	0	0	0	0	0	0	0	0	0	0	0	0	0	0	0	0	0	0	0	0	0	0	0	0	0	0	0	0	0	0	0	0	0	0	0		0	0	0	0	0	0	0	0	0	0	0	0	0	0	0	0	0	0	0	0	0	0	0	0	0	0	0	0	0	0	0	0	0	0	0	0	0	0	0	0	0
Mnemiopsis_leidyi	0	0	0	0.9875	0.9875	0	0.9875	0.9875	0	0.9875	0.9875	0.9875	0	0	0.675	0.9875	0.9875	0.9875	0.875	0.2625	0	0.925	0.9875	0.9875	0.8125	0.9875	0.9875	0.9875	0.9875	0	0.9875	0.8625	0	0.9875	0	0.9875	0	0.9875	0.9875	0	0.9875	0	0.8	0	0.9875	0.9875	0.9875	0.525	0.9875	0.9875	0.975	0.9875	0.9875	0.9875	0.8875	0		0	0.9875	0.9875	0.975	0.9875	0.9875	0.9875	0.45	0.5875	0	0.9875	0.9125	0	0.975	0.9625	0.9125	0.9875	0.9875	0.7375	0.9875	0.975	0	0	0	0.7125	0	0	0	0	0	0	0	0.9875	0.4125	0.9875	0	0	0.7875	0.975	0.9875
Monosiga_brevicollis_mx1	0	0	0	0	0	0	0	0	0	0	0	0	0	0	0	0	0	0	0	0	0	0	0	0	0	0	0	0	0	0	0	0	0	0	0	0	0	0	0	0	0	0	0	0	0	0	0	0	0	0	0	0	0	0	0	0	0		0	0	0	0	0	0	0	0	0	0	0	0	0	0	0	0	0	0	0	0	0	0	0	0	0	0	0	0	0	0	0	0	0	0	0	0	0	0	0
Montastraea_faveolata	0	0	0	1	1	0	0.9875	1	0	1	1	1	0	0	0.675	1	1	1	0.875	0.2625	0	0.925	1	1	0.825	0.9875	1	1	1	0	1	0.875	0	0.9875	0	1	0	0.9875	1	0	1	0	0.8125	0	1	1	1	0.525	0.9875	1	0.975	1	1	1	0.9	0	0.9875	0		0.9875	0.9875	1	1	1	0.45	0.5875	0	1	0.9125	0	0.9875	0.9625	0.9125	1	1	0.75	1	0.9875	0	0	0	0.7125	0	0	0	0	0	0	0	1	0.425	1	0	0	0.8	0.975	1
Mycale_phyllophila	0	0	0	0.9875	0.9875	0	0.9875	0.9875	0	0.9875	0.9875	0.9875	0	0	0.675	0.9875	0.9875	0.9875	0.875	0.2625	0	0.925	0.9875	0.9875	0.8125	0.9875	0.9875	0.9875	0.9875	0	0.9875	0.8625	0	0.9875	0	0.9875	0	0.9875	0.9875	0	0.9875	0	0.8	0	0.9875	0.9875	0.9875	0.525	0.9875	0.9875	0.975	0.9875	0.9875	0.9875	0.8875	0	0.9875	0	0.9875		0.975	0.9875	0.9875	0.9875	0.45	0.5875	0	0.9875	0.9125	0	0.975	0.9625	0.9125	0.9875	0.9875	0.7375	0.9875	0.975	0	0	0	0.7125	0	0	0	0	0	0	0	0.9875	0.4125	0.9875	0	0	0.7875	0.975	0.9875
Mylnosiga_fluctuans_19	0	0	0	0.9875	0.9875	0	0.975	0.9875	0	0.9875	0.9875	0.9875	0	0	0.6625	0.9875	0.9875	0.9875	0.8625	0.2625	0	0.9125	0.9875	0.9875	0.8125	0.975	0.9875	0.9875	0.9875	0	0.9875	0.8625	0	0.975	0	0.9875	0	0.975	0.9875	0	0.9875	0	0.8	0	0.9875	0.9875	0.9875	0.525	0.975	0.9875	0.9625	0.9875	0.9875	0.9875	0.8875	0	0.975	0	0.9875	0.975		0.9875	0.9875	0.9875	0.4375	0.575	0	0.9875	0.9	0	0.975	0.95	0.9	0.9875	0.9875	0.75	0.9875	0.9875	0	0	0	0.7125	0	0	0	0	0	0	0	0.9875	0.425	0.9875	0	0	0.7875	0.9625	0.9875
Nanomia_bijuga	0	0	0	1	1	0	0.9875	1	0	1	1	1	0	0	0.675	1	1	1	0.875	0.2625	0	0.925	1	1	0.825	0.9875	1	1	1	0	1	0.875	0	0.9875	0	1	0	0.9875	1	0	1	0	0.8125	0	1	1	1	0.525	0.9875	1	0.975	1	1	1	0.9	0	0.9875	0	1	0.9875	0.9875		1	1	0.45	0.5875	0	1	0.9125	0	0.9875	0.9625	0.9125	1	1	0.75	1	0.9875	0	0	0	0.7125	0	0	0	0	0	0	0	1	0.425	1	0	0	0.8	0.975	1
Nematostella_vectensis	0	0	0	1	1	0	0.9875	1	0	1	1	1	0	0	0.675	1	1	1	0.875	0.2625	0	0.925	1	1	0.825	0.9875	1	1	1	0	1	0.875	0	0.9875	0	1	0	0.9875	1	0	1	0	0.8125	0	1	1	1	0.525	0.9875	1	0.975	1	1	1	0.9	0	0.9875	0	1	0.9875	0.9875	1		1	0.45	0.5875	0	1	0.9125	0	0.9875	0.9625	0.9125	1	1	0.75	1	0.9875	0	0	0	0.7125	0	0	0	0	0	0	0	1	0.425	1	0	0	0.8	0.975	1
Oscarella_carmela	0	0	0	1	1	0	0.9875	1	0	1	1	1	0	0	0.675	1	1	1	0.875	0.2625	0	0.925	1	1	0.825	0.9875	1	1	1	0	1	0.875	0	0.9875	0	1	0	0.9875	1	0	1	0	0.8125	0	1	1	1	0.525	0.9875	1	0.975	1	1	1	0.9	0	0.9875	0	1	0.9875	0.9875	1	1		0.45	0.5875	0	1	0.9125	0	0.9875	0.9625	0.9125	1	1	0.75	1	0.9875	0	0	0	0.7125	0	0	0	0	0	0	0	1	0.425	1	0	0	0.8	0.975	1
Oscarella_species	0	0	0	0.45	0.45	0	0.45	0.45	0	0.45	0.45	0.45	0	0	0.325	0.45	0.45	0.45	0.45	0	0	0.45	0.45	0.45	0.325	0.45	0.45	0.45	0.45	0	0.45	0.35	0	0.45	0	0.45	0	0.45	0.45	0	0.45	0	0.45	0	0.45	0.45	0.45	0.0625	0.45	0.45	0.45	0.45	0.45	0.45	0.45	0	0.45	0	0.45	0.45	0.4375	0.45	0.45	0.45		0.4	0	0.45	0.45	0	0.45	0.45	0.45	0.45	0.45	0.2625	0.45	0.4375	0	0	0	0.225	0	0	0	0	0	0	0	0.45	0.0625	0.45	0	0	0.25	0.45	0.45
Pelagia_noctiluca	0	0	0	0.5875	0.5875	0	0.5875	0.5875	0	0.5875	0.5875	0.5875	0	0	0.275	0.5875	0.5875	0.5875	0.5875	0	0	0.5875	0.5875	0.5875	0.45	0.5875	0.5875	0.5875	0.5875	0	0.5875	0.4625	0	0.5875	0	0.5875	0	0.5875	0.5875	0	0.5875	0	0.4	0	0.5875	0.5875	0.5875	0.2	0.5875	0.5875	0.5875	0.5875	0.5875	0.5875	0.5875	0	0.5875	0	0.5875	0.5875	0.575	0.5875	0.5875	0.5875	0.4		0	0.5875	0.5875	0	0.5875	0.5875	0.5125	0.5875	0.5875	0.3875	0.5875	0.575	0	0	0	0.3125	0	0	0	0	0	0	0	0.5875	0.0125	0.5875	0	0	0.3875	0.5875	0.5875
Pennatula_rubra	0	0	0	0	0	0	0	0	0	0	0	0	0	0	0	0	0	0	0	0	0	0	0	0	0	0	0	0	0	0	0	0	0	0	0	0	0	0	0	0	0	0	0	0	0	0	0	0	0	0	0	0	0	0	0	0	0	0	0	0	0	0	0	0	0	0		0	0	0	0	0	0	0	0	0	0	0	0	0	0	0	0	0	0	0	0	0	0	0	0	0	0	0	0	0	0
Periphylla_periphylla	0	0	0	1	1	0	0.9875	1	0	1	1	1	0	0	0.675	1	1	1	0.875	0.2625	0	0.925	1	1	0.825	0.9875	1	1	1	0	1	0.875	0	0.9875	0	1	0	0.9875	1	0	1	0	0.8125	0	1	1	1	0.525	0.9875	1	0.975	1	1	1	0.9	0	0.9875	0	1	0.9875	0.9875	1	1	1	0.45	0.5875	0		0.9125	0	0.9875	0.9625	0.9125	1	1	0.75	1	0.9875	0	0	0	0.7125	0	0	0	0	0	0	0	1	0.425	1	0	0	0.8	0.975	1
Petrosia_ficiformis	0	0	0	0.9125	0.9125	0	0.9125	0.9125	0	0.9125	0.9125	0.9125	0	0	0.6	0.9125	0.9125	0.9125	0.85	0.1875	0	0.8625	0.9125	0.9125	0.7375	0.9125	0.9125	0.9125	0.9125	0	0.9125	0.7875	0	0.9125	0	0.9125	0	0.9125	0.9125	0	0.9125	0	0.725	0	0.9125	0.9125	0.9125	0.525	0.9125	0.9125	0.9125	0.9125	0.9125	0.9125	0.825	0	0.9125	0	0.9125	0.9125	0.9	0.9125	0.9125	0.9125	0.45	0.5875	0	0.9125		0	0.9	0.9125	0.8375	0.9125	0.9125	0.6625	0.9125	0.9	0	0	0	0.6375	0	0	0	0	0	0	0	0.9125	0.3375	0.9125	0	0	0.7125	0.9125	0.9125
Pirum_gemmata	0	0	0	0	0	0	0	0	0	0	0	0	0	0	0	0	0	0	0	0	0	0	0	0	0	0	0	0	0	0	0	0	0	0	0	0	0	0	0	0	0	0	0	0	0	0	0	0	0	0	0	0	0	0	0	0	0	0	0	0	0	0	0	0	0	0	0	0	0		0	0	0	0	0	0	0	0	0	0	0	0	0	0	0	0	0	0	0	0	0	0	0	0	0	0	0
Plakina_jani	0	0	0	0.9875	0.9875	0	0.975	0.9875	0	0.9875	0.9875	0.9875	0	0	0.6625	0.9875	0.9875	0.9875	0.8625	0.2625	0	0.9125	0.9875	0.9875	0.8125	0.975	0.9875	0.9875	0.9875	0	0.9875	0.8625	0	0.975	0	0.9875	0	0.975	0.9875	0	0.9875	0	0.8	0	0.9875	0.9875	0.9875	0.5125	0.975	0.9875	0.9625	0.9875	0.9875	0.9875	0.8875	0	0.975	0	0.9875	0.975	0.975	0.9875	0.9875	0.9875	0.45	0.5875	0	0.9875	0.9	0		0.95	0.9	0.9875	0.9875	0.7375	0.9875	0.975	0	0	0	0.7	0	0	0	0	0	0	0	0.9875	0.4125	0.9875	0	0	0.7875	0.9625	0.9875
Pleraplysilla_spinifera	0	0	0	0.9625	0.9625	0	0.9625	0.9625	0	0.9625	0.9625	0.9625	0	0	0.65	0.9625	0.9625	0.9625	0.875	0.2375	0	0.9125	0.9625	0.9625	0.7875	0.9625	0.9625	0.9625	0.9625	0	0.9625	0.8375	0	0.9625	0	0.9625	0	0.9625	0.9625	0	0.9625	0	0.775	0	0.9625	0.9625	0.9625	0.525	0.9625	0.9625	0.9625	0.9625	0.9625	0.9625	0.8625	0	0.9625	0	0.9625	0.9625	0.95	0.9625	0.9625	0.9625	0.45	0.5875	0	0.9625	0.9125	0	0.95		0.8875	0.9625	0.9625	0.7125	0.9625	0.95	0	0	0	0.6875	0	0	0	0	0	0	0	0.9625	0.3875	0.9625	0	0	0.7625	0.9625	0.9625
Pleurobrachia_species	0	0	0	0.9125	0.9125	0	0.9125	0.9125	0	0.9125	0.9125	0.9125	0	0	0.675	0.9125	0.9125	0.9125	0.8	0.2625	0	0.85	0.9125	0.9125	0.7375	0.9125	0.9125	0.9125	0.9125	0	0.9125	0.7875	0	0.9125	0	0.9125	0	0.9125	0.9125	0	0.9125	0	0.8	0	0.9125	0.9125	0.9125	0.45	0.9125	0.9125	0.9	0.9125	0.9125	0.9125	0.8125	0	0.9125	0	0.9125	0.9125	0.9	0.9125	0.9125	0.9125	0.45	0.5125	0	0.9125	0.8375	0	0.9	0.8875		0.9125	0.9125	0.675	0.9125	0.9	0	0	0	0.6875	0	0	0	0	0	0	0	0.9125	0.4125	0.9125	0	0	0.7125	0.9	0.9125
Plumapathes_pennacea	0	0	0	1	1	0	0.9875	1	0	1	1	1	0	0	0.675	1	1	1	0.875	0.2625	0	0.925	1	1	0.825	0.9875	1	1	1	0	1	0.875	0	0.9875	0	1	0	0.9875	1	0	1	0	0.8125	0	1	1	1	0.525	0.9875	1	0.975	1	1	1	0.9	0	0.9875	0	1	0.9875	0.9875	1	1	1	0.45	0.5875	0	1	0.9125	0	0.9875	0.9625	0.9125		1	0.75	1	0.9875	0	0	0	0.7125	0	0	0	0	0	0	0	1	0.425	1	0	0	0.8	0.975	1
Porites_australiensis	0	0	0	1	1	0	0.9875	1	0	1	1	1	0	0	0.675	1	1	1	0.875	0.2625	0	0.925	1	1	0.825	0.9875	1	1	1	0	1	0.875	0	0.9875	0	1	0	0.9875	1	0	1	0	0.8125	0	1	1	1	0.525	0.9875	1	0.975	1	1	1	0.9	0	0.9875	0	1	0.9875	0.9875	1	1	1	0.45	0.5875	0	1	0.9125	0	0.9875	0.9625	0.9125	1		0.75	1	0.9875	0	0	0	0.7125	0	0	0	0	0	0	0	1	0.425	1	0	0	0.8	0.975	1
Rossella_fibulata	0	0	0	0.75	0.75	0	0.7375	0.75	0	0.75	0.75	0.75	0	0	0.4375	0.75	0.75	0.75	0.675	0.2125	0	0.725	0.75	0.75	0.6	0.7375	0.75	0.75	0.75	0	0.75	0.6625	0	0.7375	0	0.75	0	0.7375	0.75	0	0.75	0	0.575	0	0.75	0.75	0.75	0.4625	0.7375	0.75	0.725	0.75	0.75	0.75	0.65	0	0.7375	0	0.75	0.7375	0.75	0.75	0.75	0.75	0.2625	0.3875	0	0.75	0.6625	0	0.7375	0.7125	0.675	0.75	0.75		0.75	0.75	0	0	0	0.5875	0	0	0	0	0	0	0	0.75	0.375	0.75	0	0	0.6	0.725	0.75
Saccoglossus_kowalevskii	0	0	0	1	1	0	0.9875	1	0	1	1	1	0	0	0.675	1	1	1	0.875	0.2625	0	0.925	1	1	0.825	0.9875	1	1	1	0	1	0.875	0	0.9875	0	1	0	0.9875	1	0	1	0	0.8125	0	1	1	1	0.525	0.9875	1	0.975	1	1	1	0.9	0	0.9875	0	1	0.9875	0.9875	1	1	1	0.45	0.5875	0	1	0.9125	0	0.9875	0.9625	0.9125	1	1	0.75		0.9875	0	0	0	0.7125	0	0	0	0	0	0	0	1	0.425	1	0	0	0.8	0.975	1
Salpingoeca_dolichothecata_16	0	0	0	0.9875	0.9875	0	0.975	0.9875	0	0.9875	0.9875	0.9875	0	0	0.6625	0.9875	0.9875	0.9875	0.8625	0.2625	0	0.9125	0.9875	0.9875	0.8125	0.975	0.9875	0.9875	0.9875	0	0.9875	0.8625	0	0.975	0	0.9875	0	0.975	0.9875	0	0.9875	0	0.8	0	0.9875	0.9875	0.9875	0.525	0.975	0.9875	0.9625	0.9875	0.9875	0.9875	0.8875	0	0.975	0	0.9875	0.975	0.9875	0.9875	0.9875	0.9875	0.4375	0.575	0	0.9875	0.9	0	0.975	0.95	0.9	0.9875	0.9875	0.75	0.9875		0	0	0	0.7125	0	0	0	0	0	0	0	0.9875	0.425	0.9875	0	0	0.7875	0.9625	0.9875
Salpingoeca_helianthica_18	0	0	0	0	0	0	0	0	0	0	0	0	0	0	0	0	0	0	0	0	0	0	0	0	0	0	0	0	0	0	0	0	0	0	0	0	0	0	0	0	0	0	0	0	0	0	0	0	0	0	0	0	0	0	0	0	0	0	0	0	0	0	0	0	0	0	0	0	0	0	0	0	0	0	0	0	0	0		0	0	0	0	0	0	0	0	0	0	0	0	0	0	0	0	0	0
Salpingoeca_infusionum_12	0	0	0	0	0	0	0	0	0	0	0	0	0	0	0	0	0	0	0	0	0	0	0	0	0	0	0	0	0	0	0	0	0	0	0	0	0	0	0	0	0	0	0	0	0	0	0	0	0	0	0	0	0	0	0	0	0	0	0	0	0	0	0	0	0	0	0	0	0	0	0	0	0	0	0	0	0	0	0		0	0	0	0	0	0	0	0	0	0	0	0	0	0	0	0	0
Salpingoeca_macrocollata_06	0	0	0	0	0	0	0	0	0	0	0	0	0	0	0	0	0	0	0	0	0	0	0	0	0	0	0	0	0	0	0	0	0	0	0	0	0	0	0	0	0	0	0	0	0	0	0	0	0	0	0	0	0	0	0	0	0	0	0	0	0	0	0	0	0	0	0	0	0	0	0	0	0	0	0	0	0	0	0	0		0	0	0	0	0	0	0	0	0	0	0	0	0	0	0	0
Salpingoeca_punica_03	0	0	0	0.7125	0.7125	0	0.7125	0.7125	0	0.7125	0.7125	0.7125	0	0	0.5375	0.7125	0.7125	0.7125	0.6	0.2625	0	0.65	0.7125	0.7125	0.6125	0.7125	0.7125	0.7125	0.7125	0	0.7125	0.6875	0	0.7125	0	0.7125	0	0.7125	0.7125	0	0.7125	0	0.575	0	0.7125	0.7125	0.7125	0.475	0.7125	0.7125	0.7	0.7125	0.7125	0.7125	0.6125	0	0.7125	0	0.7125	0.7125	0.7125	0.7125	0.7125	0.7125	0.225	0.3125	0	0.7125	0.6375	0	0.7	0.6875	0.6875	0.7125	0.7125	0.5875	0.7125	0.7125	0	0	0		0	0	0	0	0	0	0	0.7125	0.4125	0.7125	0	0	0.675	0.7	0.7125
Salpingoeca_qvevrii_09	0	0	0	0	0	0	0	0	0	0	0	0	0	0	0	0	0	0	0	0	0	0	0	0	0	0	0	0	0	0	0	0	0	0	0	0	0	0	0	0	0	0	0	0	0	0	0	0	0	0	0	0	0	0	0	0	0	0	0	0	0	0	0	0	0	0	0	0	0	0	0	0	0	0	0	0	0	0	0	0	0	0		0	0	0	0	0	0	0	0	0	0	0	0	0	0
Salpingoeca_roanoka_13	0	0	0	0	0	0	0	0	0	0	0	0	0	0	0	0	0	0	0	0	0	0	0	0	0	0	0	0	0	0	0	0	0	0	0	0	0	0	0	0	0	0	0	0	0	0	0	0	0	0	0	0	0	0	0	0	0	0	0	0	0	0	0	0	0	0	0	0	0	0	0	0	0	0	0	0	0	0	0	0	0	0	0		0	0	0	0	0	0	0	0	0	0	0	0	0
Salpingoeca_rosetta	0	0	0	0	0	0	0	0	0	0	0	0	0	0	0	0	0	0	0	0	0	0	0	0	0	0	0	0	0	0	0	0	0	0	0	0	0	0	0	0	0	0	0	0	0	0	0	0	0	0	0	0	0	0	0	0	0	0	0	0	0	0	0	0	0	0	0	0	0	0	0	0	0	0	0	0	0	0	0	0	0	0	0	0		0	0	0	0	0	0	0	0	0	0	0	0
Salpingoeca_urceolata_04	0	0	0	0	0	0	0	0	0	0	0	0	0	0	0	0	0	0	0	0	0	0	0	0	0	0	0	0	0	0	0	0	0	0	0	0	0	0	0	0	0	0	0	0	0	0	0	0	0	0	0	0	0	0	0	0	0	0	0	0	0	0	0	0	0	0	0	0	0	0	0	0	0	0	0	0	0	0	0	0	0	0	0	0	0		0	0	0	0	0	0	0	0	0	0	0
Sphaeroforma_arctica_JP610	0	0	0	0	0	0	0	0	0	0	0	0	0	0	0	0	0	0	0	0	0	0	0	0	0	0	0	0	0	0	0	0	0	0	0	0	0	0	0	0	0	0	0	0	0	0	0	0	0	0	0	0	0	0	0	0	0	0	0	0	0	0	0	0	0	0	0	0	0	0	0	0	0	0	0	0	0	0	0	0	0	0	0	0	0	0		0	0	0	0	0	0	0	0	0	0
Spongilla_lacustris	0	0	0	0	0	0	0	0	0	0	0	0	0	0	0	0	0	0	0	0	0	0	0	0	0	0	0	0	0	0	0	0	0	0	0	0	0	0	0	0	0	0	0	0	0	0	0	0	0	0	0	0	0	0	0	0	0	0	0	0	0	0	0	0	0	0	0	0	0	0	0	0	0	0	0	0	0	0	0	0	0	0	0	0	0	0	0		0	0	0	0	0	0	0	0	0
Stephanoeca_diplocostata_AUFR	0	0	0	0	0	0	0	0	0	0	0	0	0	0	0	0	0	0	0	0	0	0	0	0	0	0	0	0	0	0	0	0	0	0	0	0	0	0	0	0	0	0	0	0	0	0	0	0	0	0	0	0	0	0	0	0	0	0	0	0	0	0	0	0	0	0	0	0	0	0	0	0	0	0	0	0	0	0	0	0	0	0	0	0	0	0	0	0		0	0	0	0	0	0	0	0
Stomolophus_meleagris	0	0	0	1	1	0	0.9875	1	0	1	1	1	0	0	0.675	1	1	1	0.875	0.2625	0	0.925	1	1	0.825	0.9875	1	1	1	0	1	0.875	0	0.9875	0	1	0	0.9875	1	0	1	0	0.8125	0	1	1	1	0.525	0.9875	1	0.975	1	1	1	0.9	0	0.9875	0	1	0.9875	0.9875	1	1	1	0.45	0.5875	0	1	0.9125	0	0.9875	0.9625	0.9125	1	1	0.75	1	0.9875	0	0	0	0.7125	0	0	0	0	0	0	0		0.425	1	0	0	0.8	0.975	1
Strongylocentrotus_purpuratus	0	0	0	0.425	0.425	0	0.4125	0.425	0	0.425	0.425	0.425	0	0	0.4	0.425	0.425	0.425	0.3	0.2625	0	0.35	0.425	0.425	0.375	0.4125	0.425	0.425	0.425	0	0.425	0.425	0	0.4125	0	0.425	0	0.4125	0.425	0	0.425	0	0.425	0	0.425	0.425	0.425	0.3375	0.4125	0.425	0.4	0.425	0.425	0.425	0.325	0	0.4125	0	0.425	0.4125	0.425	0.425	0.425	0.425	0.0625	0.0125	0	0.425	0.3375	0	0.4125	0.3875	0.4125	0.425	0.425	0.375	0.425	0.425	0	0	0	0.4125	0	0	0	0	0	0	0	0.425		0.425	0	0	0.4125	0.4	0.425
Sycon_ciliatum	0	0	0	1	1	0	0.9875	1	0	1	1	1	0	0	0.675	1	1	1	0.875	0.2625	0	0.925	1	1	0.825	0.9875	1	1	1	0	1	0.875	0	0.9875	0	1	0	0.9875	1	0	1	0	0.8125	0	1	1	1	0.525	0.9875	1	0.975	1	1	1	0.9	0	0.9875	0	1	0.9875	0.9875	1	1	1	0.45	0.5875	0	1	0.9125	0	0.9875	0.9625	0.9125	1	1	0.75	1	0.9875	0	0	0	0.7125	0	0	0	0	0	0	0	1	0.425		0	0	0.8	0.975	1
Sycon_coactum	0	0	0	0	0	0	0	0	0	0	0	0	0	0	0	0	0	0	0	0	0	0	0	0	0	0	0	0	0	0	0	0	0	0	0	0	0	0	0	0	0	0	0	0	0	0	0	0	0	0	0	0	0	0	0	0	0	0	0	0	0	0	0	0	0	0	0	0	0	0	0	0	0	0	0	0	0	0	0	0	0	0	0	0	0	0	0	0	0	0	0	0		0	0	0	0
Sympagella_nux	0	0	0	0	0	0	0	0	0	0	0	0	0	0	0	0	0	0	0	0	0	0	0	0	0	0	0	0	0	0	0	0	0	0	0	0	0	0	0	0	0	0	0	0	0	0	0	0	0	0	0	0	0	0	0	0	0	0	0	0	0	0	0	0	0	0	0	0	0	0	0	0	0	0	0	0	0	0	0	0	0	0	0	0	0	0	0	0	0	0	0	0	0		0	0	0
Tribolium_castaneum	0	0	0	0.8	0.8	0	0.7875	0.8	0	0.8	0.8	0.8	0	0	0.6	0.8	0.8	0.8	0.675	0.2625	0	0.725	0.8	0.8	0.7375	0.7875	0.8	0.8	0.8	0	0.8	0.775	0	0.7875	0	0.8	0	0.7875	0.8	0	0.8	0	0.6125	0	0.8	0.8	0.8	0.5125	0.7875	0.8	0.775	0.8	0.8	0.8	0.7	0	0.7875	0	0.8	0.7875	0.7875	0.8	0.8	0.8	0.25	0.3875	0	0.8	0.7125	0	0.7875	0.7625	0.7125	0.8	0.8	0.6	0.8	0.7875	0	0	0	0.675	0	0	0	0	0	0	0	0.8	0.4125	0.8	0	0		0.775	0.8
Trichoplax_adhaerens	0	0	0	0.975	0.975	0	0.975	0.975	0	0.975	0.975	0.975	0	0	0.6625	0.975	0.975	0.975	0.875	0.25	0	0.925	0.975	0.975	0.8	0.975	0.975	0.975	0.975	0	0.975	0.85	0	0.975	0	0.975	0	0.975	0.975	0	0.975	0	0.7875	0	0.975	0.975	0.975	0.525	0.975	0.975	0.975	0.975	0.975	0.975	0.875	0	0.975	0	0.975	0.975	0.9625	0.975	0.975	0.975	0.45	0.5875	0	0.975	0.9125	0	0.9625	0.9625	0.9	0.975	0.975	0.725	0.975	0.9625	0	0	0	0.7	0	0	0	0	0	0	0	0.975	0.4	0.975	0	0	0.775		0.975
Vallicula_multiformis	0	0	0	1	1	0	0.9875	1	0	1	1	1	0	0	0.675	1	1	1	0.875	0.2625	0	0.925	1	1	0.825	0.9875	1	1	1	0	1	0.875	0	0.9875	0	1	0	0.9875	1	0	1	0	0.8125	0	1	1	1	0.525	0.9875	1	0.975	1	1	1	0.9	0	0.9875	0	1	0.9875	0.9875	1	1	1	0.45	0.5875	0	1	0.9125	0	0.9875	0.9625	0.9125	1	1	0.75	1	0.9875	0	0	0	0.7125	0	0	0	0	0	0	0	1	0.425	1	0	0	0.8	0.975	
