	Abeoforma_whisleri	Acanthoeca_sp_10tr	Acanthoeca_spectabilis_VA_02	Aiptasia_pallida	Alatina_alata	Amoebidium_parasiticum_JAP72	Amphimedon_queenslandica	Antipathes_caribbeana	Aphrocallistes_vastus	Aplysia_californica	Atolla_vanhoeffeni	Aurelia_aurita	Beroe_abyssicola	Beroe_sp	Bolinopsis_infundibulum	Bolocera_tuedia	Branchiostoma_floridae	Capitella_teleta	Capsaspora_owczarzaki_atcc30864	Cestum_veneris	Choanoeca_perplexa_11	Chondrilla_nucula	Clathrina_coriacea	Clytia_hemisphaerica	Codosiga_hollandica_17	Coeloplana_species	Corticium_candelabrum	Craspedacusta_sowerbyi	Crassostrea_gigas	Creolimax_fragrantissima	Daphnia_pulex	Diaphanoeca_grandis_RI_01	Didymoeca_costata_10	Dryodora_glandiformis	Edwardsiella_lineata	Ephydatia_muelleri	Euplectella_aspergillum	Euplokamis_dunlapae	Gorgonia_ventalina	Grantia_compressa	Helobdella_robusta	Homo_sapiens	Hormiphora_californensis	Hyalonema_populiferum	Hydra_magnipapillata	Hydractinia_polyclina	Ircinia_fasciculata	Ixodes_scapularis	Kirkpatrickia_variolosa	Lampea_pancerina	Latrunculia_apicalis	Leuconia_nivea	Leucosolenia_complicata	Liriope_tetraphylla	Lucernariopsis_campanulata	Ministeria_vibrans	Mnemiopsis_leidyi	Monosiga_brevicollis_mx1	Montastraea_faveolata	Mycale_phyllophila	Mylnosiga_fluctuans_19	Nanomia_bijuga	Nematostella_vectensis	Oscarella_carmela	Oscarella_species	Pelagia_noctiluca	Pennatula_rubra	Periphylla_periphylla	Petrosia_ficiformis	Pirum_gemmata	Plakina_jani	Pleraplysilla_spinifera	Pleurobrachia_species	Plumapathes_pennacea	Porites_australiensis	Rossella_fibulata	Saccoglossus_kowalevskii	Salpingoeca_dolichothecata_16	Salpingoeca_helianthica_18	Salpingoeca_infusionum_12	Salpingoeca_macrocollata_06	Salpingoeca_punica_03	Salpingoeca_qvevrii_09	Salpingoeca_roanoka_13	Salpingoeca_rosetta	Salpingoeca_urceolata_04	Sphaeroforma_arctica_JP610	Spongilla_lacustris	Stephanoeca_diplocostata_AUFR	Stomolophus_meleagris	Strongylocentrotus_purpuratus	Sycon_ciliatum	Sycon_coactum	Sympagella_nux	Tribolium_castaneum	Trichoplax_adhaerens	Vallicula_multiformis
Abeoforma_whisleri		0.0193236714975845	0.0144927536231884	0	0	0	0	0	0	0	0	0.0434782608695652	0	0	0	0	0	0	0	0	0.00966183574879227	0.468599033816425	1	0	0	0	0.333333333333333	0.386473429951691	1	0	0	0.00966183574879227	0.00966183574879227	0	0	0.00966183574879227	0.0579710144927536	0	0	1	0	0	0	0	0	0.120772946859903	0	1	0	0	0	1	1	0.169082125603865	0	1	0	0.0483091787439614	0.00483091787439614	0	0.00966183574879227	0	0	0	0.0144927536231884	0.164251207729469	0.0483091787439614	0.0241545893719807	0.00483091787439614	1	1	0.333333333333333	0	0	0	0.0628019323671498	0	0.0289855072463768	0.00966183574879227	0.00966183574879227	0.00966183574879227	0.0144927536231884	0.0289855072463768	0.00966183574879227	0.00966183574879227	0.00966183574879227	0	0.00966183574879227	0.00966183574879227	0	0	1	1	0.0772946859903382	0	0.0531400966183575	0
Acanthoeca_sp_10tr	0.0193236714975845		0.0144927536231884	0	0	0	0	0	0	0	0	0.0193236714975845	0	0	0	0	0	0	0	0	0.00966183574879227	0.0193236714975845	0.0193236714975845	0	0	0	0	0	0.0193236714975845	0	0	0.00966183574879227	0.00966183574879227	0	0	0	0	0	0	0.0193236714975845	0	0	0	0	0	0	0	0.0193236714975845	0	0	0	0.0193236714975845	0.0193236714975845	0	0	0.0193236714975845	0	0.00966183574879227	0	0	0.00966183574879227	0	0	0	0	0	0	0	0	0.0193236714975845	0.0193236714975845	0	0	0	0	0	0	0.00966183574879227	0.00966183574879227	0.00966183574879227	0.00966183574879227	0.00966183574879227	0.00966183574879227	0.00966183574879227	0.00966183574879227	0.00966183574879227	0	0	0.00966183574879227	0	0	0.0193236714975845	0.0193236714975845	0	0	0	0
Acanthoeca_spectabilis_VA_02	0.0144927536231884	0.0144927536231884		0	0	0	0	0	0	0	0	0.0144927536231884	0	0	0	0	0	0	0	0	0.00966183574879227	0.0144927536231884	0.0144927536231884	0	0	0	0	0	0.0144927536231884	0	0	0.00966183574879227	0.00966183574879227	0	0	0	0	0	0	0.0144927536231884	0	0	0	0	0	0	0	0.0144927536231884	0	0	0	0.0144927536231884	0.0144927536231884	0	0	0.0144927536231884	0	0.00966183574879227	0	0	0.00966183574879227	0	0	0	0	0	0	0	0	0.0144927536231884	0.0144927536231884	0	0	0	0	0	0	0.00966183574879227	0.00966183574879227	0.00966183574879227	0.00966183574879227	0.00966183574879227	0.00966183574879227	0.00966183574879227	0.00966183574879227	0.00966183574879227	0	0	0.00966183574879227	0	0	0.0144927536231884	0.0144927536231884	0	0	0	0
Aiptasia_pallida	0	0	0		0	0	0	0	0	0	0	0	0	0	0	0	0	0	0	0	0	0	0	0	0	0	0	0	0	0	0	0	0	0	0	0	0	0	0	0	0	0	0	0	0	0	0	0	0	0	0	0	0	0	0	0	0	0	0	0	0	0	0	0	0	0	0	0	0	0	0	0	0	0	0	0	0	0	0	0	0	0	0	0	0	0	0	0	0	0	0	0	0	0	0	0	0
Alatina_alata	0	0	0	0		0	0	0	0	0	0	0	0	0	0	0	0	0	0	0	0	0	0	0	0	0	0	0	0	0	0	0	0	0	0	0	0	0	0	0	0	0	0	0	0	0	0	0	0	0	0	0	0	0	0	0	0	0	0	0	0	0	0	0	0	0	0	0	0	0	0	0	0	0	0	0	0	0	0	0	0	0	0	0	0	0	0	0	0	0	0	0	0	0	0	0	0
Amoebidium_parasiticum_JAP72	0	0	0	0	0		0	0	0	0	0	0	0	0	0	0	0	0	0	0	0	0	0	0	0	0	0	0	0	0	0	0	0	0	0	0	0	0	0	0	0	0	0	0	0	0	0	0	0	0	0	0	0	0	0	0	0	0	0	0	0	0	0	0	0	0	0	0	0	0	0	0	0	0	0	0	0	0	0	0	0	0	0	0	0	0	0	0	0	0	0	0	0	0	0	0	0
Amphimedon_queenslandica	0	0	0	0	0	0		0	0	0	0	0	0	0	0	0	0	0	0	0	0	0	0	0	0	0	0	0	0	0	0	0	0	0	0	0	0	0	0	0	0	0	0	0	0	0	0	0	0	0	0	0	0	0	0	0	0	0	0	0	0	0	0	0	0	0	0	0	0	0	0	0	0	0	0	0	0	0	0	0	0	0	0	0	0	0	0	0	0	0	0	0	0	0	0	0	0
Antipathes_caribbeana	0	0	0	0	0	0	0		0	0	0	0	0	0	0	0	0	0	0	0	0	0	0	0	0	0	0	0	0	0	0	0	0	0	0	0	0	0	0	0	0	0	0	0	0	0	0	0	0	0	0	0	0	0	0	0	0	0	0	0	0	0	0	0	0	0	0	0	0	0	0	0	0	0	0	0	0	0	0	0	0	0	0	0	0	0	0	0	0	0	0	0	0	0	0	0	0
Aphrocallistes_vastus	0	0	0	0	0	0	0	0		0	0	0	0	0	0	0	0	0	0	0	0	0	0	0	0	0	0	0	0	0	0	0	0	0	0	0	0	0	0	0	0	0	0	0	0	0	0	0	0	0	0	0	0	0	0	0	0	0	0	0	0	0	0	0	0	0	0	0	0	0	0	0	0	0	0	0	0	0	0	0	0	0	0	0	0	0	0	0	0	0	0	0	0	0	0	0	0
Aplysia_californica	0	0	0	0	0	0	0	0	0		0	0	0	0	0	0	0	0	0	0	0	0	0	0	0	0	0	0	0	0	0	0	0	0	0	0	0	0	0	0	0	0	0	0	0	0	0	0	0	0	0	0	0	0	0	0	0	0	0	0	0	0	0	0	0	0	0	0	0	0	0	0	0	0	0	0	0	0	0	0	0	0	0	0	0	0	0	0	0	0	0	0	0	0	0	0	0
Atolla_vanhoeffeni	0	0	0	0	0	0	0	0	0	0		0	0	0	0	0	0	0	0	0	0	0	0	0	0	0	0	0	0	0	0	0	0	0	0	0	0	0	0	0	0	0	0	0	0	0	0	0	0	0	0	0	0	0	0	0	0	0	0	0	0	0	0	0	0	0	0	0	0	0	0	0	0	0	0	0	0	0	0	0	0	0	0	0	0	0	0	0	0	0	0	0	0	0	0	0	0
Aurelia_aurita	0.0434782608695652	0.0193236714975845	0.0144927536231884	0	0	0	0	0	0	0	0		0	0	0	0	0	0	0	0	0.00966183574879227	0.0434782608695652	0.0434782608695652	0	0	0	0	0	0.0434782608695652	0	0	0.00966183574879227	0.00966183574879227	0	0	0	0	0	0	0.0434782608695652	0	0	0	0	0	0	0	0.0434782608695652	0	0	0	0.0434782608695652	0.0434782608695652	0	0	0.0434782608695652	0	0.00966183574879227	0	0	0.00966183574879227	0	0	0	0	0	0	0	0	0.0434782608695652	0.0434782608695652	0	0	0	0	0	0	0.00966183574879227	0.00966183574879227	0.00966183574879227	0.00966183574879227	0.00966183574879227	0.00966183574879227	0.00966183574879227	0.00966183574879227	0.00966183574879227	0	0	0.00966183574879227	0	0	0.0434782608695652	0.0434782608695652	0	0	0	0
Beroe_abyssicola	0	0	0	0	0	0	0	0	0	0	0	0		0	0	0	0	0	0	0	0	0	0	0	0	0	0	0	0	0	0	0	0	0	0	0	0	0	0	0	0	0	0	0	0	0	0	0	0	0	0	0	0	0	0	0	0	0	0	0	0	0	0	0	0	0	0	0	0	0	0	0	0	0	0	0	0	0	0	0	0	0	0	0	0	0	0	0	0	0	0	0	0	0	0	0	0
Beroe_sp	0	0	0	0	0	0	0	0	0	0	0	0	0		0	0	0	0	0	0	0	0	0	0	0	0	0	0	0	0	0	0	0	0	0	0	0	0	0	0	0	0	0	0	0	0	0	0	0	0	0	0	0	0	0	0	0	0	0	0	0	0	0	0	0	0	0	0	0	0	0	0	0	0	0	0	0	0	0	0	0	0	0	0	0	0	0	0	0	0	0	0	0	0	0	0	0
Bolinopsis_infundibulum	0	0	0	0	0	0	0	0	0	0	0	0	0	0		0	0	0	0	0	0	0	0	0	0	0	0	0	0	0	0	0	0	0	0	0	0	0	0	0	0	0	0	0	0	0	0	0	0	0	0	0	0	0	0	0	0	0	0	0	0	0	0	0	0	0	0	0	0	0	0	0	0	0	0	0	0	0	0	0	0	0	0	0	0	0	0	0	0	0	0	0	0	0	0	0	0
Bolocera_tuedia	0	0	0	0	0	0	0	0	0	0	0	0	0	0	0		0	0	0	0	0	0	0	0	0	0	0	0	0	0	0	0	0	0	0	0	0	0	0	0	0	0	0	0	0	0	0	0	0	0	0	0	0	0	0	0	0	0	0	0	0	0	0	0	0	0	0	0	0	0	0	0	0	0	0	0	0	0	0	0	0	0	0	0	0	0	0	0	0	0	0	0	0	0	0	0	0
Branchiostoma_floridae	0	0	0	0	0	0	0	0	0	0	0	0	0	0	0	0		0	0	0	0	0	0	0	0	0	0	0	0	0	0	0	0	0	0	0	0	0	0	0	0	0	0	0	0	0	0	0	0	0	0	0	0	0	0	0	0	0	0	0	0	0	0	0	0	0	0	0	0	0	0	0	0	0	0	0	0	0	0	0	0	0	0	0	0	0	0	0	0	0	0	0	0	0	0	0	0
Capitella_teleta	0	0	0	0	0	0	0	0	0	0	0	0	0	0	0	0	0		0	0	0	0	0	0	0	0	0	0	0	0	0	0	0	0	0	0	0	0	0	0	0	0	0	0	0	0	0	0	0	0	0	0	0	0	0	0	0	0	0	0	0	0	0	0	0	0	0	0	0	0	0	0	0	0	0	0	0	0	0	0	0	0	0	0	0	0	0	0	0	0	0	0	0	0	0	0	0
Capsaspora_owczarzaki_atcc30864	0	0	0	0	0	0	0	0	0	0	0	0	0	0	0	0	0	0		0	0	0	0	0	0	0	0	0	0	0	0	0	0	0	0	0	0	0	0	0	0	0	0	0	0	0	0	0	0	0	0	0	0	0	0	0	0	0	0	0	0	0	0	0	0	0	0	0	0	0	0	0	0	0	0	0	0	0	0	0	0	0	0	0	0	0	0	0	0	0	0	0	0	0	0	0	0
Cestum_veneris	0	0	0	0	0	0	0	0	0	0	0	0	0	0	0	0	0	0	0		0	0	0	0	0	0	0	0	0	0	0	0	0	0	0	0	0	0	0	0	0	0	0	0	0	0	0	0	0	0	0	0	0	0	0	0	0	0	0	0	0	0	0	0	0	0	0	0	0	0	0	0	0	0	0	0	0	0	0	0	0	0	0	0	0	0	0	0	0	0	0	0	0	0	0	0	0
Choanoeca_perplexa_11	0.00966183574879227	0.00966183574879227	0.00966183574879227	0	0	0	0	0	0	0	0	0.00966183574879227	0	0	0	0	0	0	0	0		0.00966183574879227	0.00966183574879227	0	0	0	0	0	0.00966183574879227	0	0	0.00966183574879227	0.00966183574879227	0	0	0	0	0	0	0.00966183574879227	0	0	0	0	0	0	0	0.00966183574879227	0	0	0	0.00966183574879227	0.00966183574879227	0	0	0.00966183574879227	0	0.00966183574879227	0	0	0.00966183574879227	0	0	0	0	0	0	0	0	0.00966183574879227	0.00966183574879227	0	0	0	0	0	0	0.00966183574879227	0.00966183574879227	0.00966183574879227	0.00966183574879227	0.00966183574879227	0.00966183574879227	0.00966183574879227	0.00966183574879227	0.00966183574879227	0	0	0.00966183574879227	0	0	0.00966183574879227	0.00966183574879227	0	0	0	0
Chondrilla_nucula	0.468599033816425	0.0193236714975845	0.0144927536231884	0	0	0	0	0	0	0	0	0.0434782608695652	0	0	0	0	0	0	0	0	0.00966183574879227		0.468599033816425	0	0	0	0.159420289855072	0	0.468599033816425	0	0	0.00966183574879227	0.00966183574879227	0	0	0.00966183574879227	0.0579710144927536	0	0	0.468599033816425	0	0	0	0	0	0.0531400966183575	0	0.468599033816425	0	0	0	0.468599033816425	0.468599033816425	0.14975845410628	0	0.468599033816425	0	0.0483091787439614	0.00483091787439614	0	0.00966183574879227	0	0	0	0.0144927536231884	0.164251207729469	0	0.0241545893719807	0.00483091787439614	0.468599033816425	0.468599033816425	0.0193236714975845	0	0	0	0.0628019323671498	0	0.0289855072463768	0.00966183574879227	0.00966183574879227	0.00966183574879227	0.0144927536231884	0.0289855072463768	0.00966183574879227	0.00966183574879227	0.00966183574879227	0	0.00966183574879227	0.00966183574879227	0	0	0.468599033816425	0.468599033816425	0.0772946859903382	0	0.0531400966183575	0
Clathrina_coriacea	1	0.0193236714975845	0.0144927536231884	0	0	0	0	0	0	0	0	0.0434782608695652	0	0	0	0	0	0	0	0	0.00966183574879227	0.468599033816425		0	0	0	0.333333333333333	0.386473429951691	1	0	0	0.00966183574879227	0.00966183574879227	0	0	0.00966183574879227	0.0579710144927536	0	0	1	0	0	0	0	0	0.120772946859903	0	1	0	0	0	1	1	0.169082125603865	0	1	0	0.0483091787439614	0.00483091787439614	0	0.00966183574879227	0	0	0	0.0144927536231884	0.164251207729469	0.0483091787439614	0.0241545893719807	0.00483091787439614	1	1	0.333333333333333	0	0	0	0.0628019323671498	0	0.0289855072463768	0.00966183574879227	0.00966183574879227	0.00966183574879227	0.0144927536231884	0.0289855072463768	0.00966183574879227	0.00966183574879227	0.00966183574879227	0	0.00966183574879227	0.00966183574879227	0	0	1	1	0.0772946859903382	0	0.0531400966183575	0
Clytia_hemisphaerica	0	0	0	0	0	0	0	0	0	0	0	0	0	0	0	0	0	0	0	0	0	0	0		0	0	0	0	0	0	0	0	0	0	0	0	0	0	0	0	0	0	0	0	0	0	0	0	0	0	0	0	0	0	0	0	0	0	0	0	0	0	0	0	0	0	0	0	0	0	0	0	0	0	0	0	0	0	0	0	0	0	0	0	0	0	0	0	0	0	0	0	0	0	0	0	0
Codosiga_hollandica_17	0	0	0	0	0	0	0	0	0	0	0	0	0	0	0	0	0	0	0	0	0	0	0	0		0	0	0	0	0	0	0	0	0	0	0	0	0	0	0	0	0	0	0	0	0	0	0	0	0	0	0	0	0	0	0	0	0	0	0	0	0	0	0	0	0	0	0	0	0	0	0	0	0	0	0	0	0	0	0	0	0	0	0	0	0	0	0	0	0	0	0	0	0	0	0	0
Coeloplana_species	0	0	0	0	0	0	0	0	0	0	0	0	0	0	0	0	0	0	0	0	0	0	0	0	0		0	0	0	0	0	0	0	0	0	0	0	0	0	0	0	0	0	0	0	0	0	0	0	0	0	0	0	0	0	0	0	0	0	0	0	0	0	0	0	0	0	0	0	0	0	0	0	0	0	0	0	0	0	0	0	0	0	0	0	0	0	0	0	0	0	0	0	0	0	0	0
Corticium_candelabrum	0.333333333333333	0	0	0	0	0	0	0	0	0	0	0	0	0	0	0	0	0	0	0	0	0.159420289855072	0.333333333333333	0	0	0		0.173913043478261	0.333333333333333	0	0	0	0	0	0	0.00966183574879227	0.0579710144927536	0	0	0.333333333333333	0	0	0	0	0	0.072463768115942	0	0.333333333333333	0	0	0	0.333333333333333	0.333333333333333	0.154589371980676	0	0.333333333333333	0	0.0386473429951691	0.00483091787439614	0	0	0	0	0	0	0.159420289855072	0.0483091787439614	0.0241545893719807	0.00483091787439614	0.333333333333333	0.333333333333333	0.173913043478261	0	0	0	0.0628019323671498	0	0	0	0	0	0.00483091787439614	0	0	0	0	0	0.00966183574879227	0	0	0	0.333333333333333	0.333333333333333	0.0628019323671498	0	0.0531400966183575	0
Craspedacusta_sowerbyi	0.386473429951691	0	0	0	0	0	0	0	0	0	0	0	0	0	0	0	0	0	0	0	0	0	0.386473429951691	0	0	0	0.173913043478261		0.386473429951691	0	0	0	0	0	0	0	0	0	0	0.386473429951691	0	0	0	0	0	0.0676328502415459	0	0.386473429951691	0	0	0	0.386473429951691	0.386473429951691	0.0193236714975845	0	0.386473429951691	0	0	0	0	0	0	0	0	0	0	0.0483091787439614	0	0	0.386473429951691	0.386473429951691	0.314009661835749	0	0	0	0	0	0	0	0	0	0	0	0	0	0	0	0	0	0	0	0.386473429951691	0.386473429951691	0	0	0	0
Crassostrea_gigas	1	0.0193236714975845	0.0144927536231884	0	0	0	0	0	0	0	0	0.0434782608695652	0	0	0	0	0	0	0	0	0.00966183574879227	0.468599033816425	1	0	0	0	0.333333333333333	0.386473429951691		0	0	0.00966183574879227	0.00966183574879227	0	0	0.00966183574879227	0.0579710144927536	0	0	1	0	0	0	0	0	0.120772946859903	0	1	0	0	0	1	1	0.169082125603865	0	1	0	0.0483091787439614	0.00483091787439614	0	0.00966183574879227	0	0	0	0.0144927536231884	0.164251207729469	0.0483091787439614	0.0241545893719807	0.00483091787439614	1	1	0.333333333333333	0	0	0	0.0628019323671498	0	0.0289855072463768	0.00966183574879227	0.00966183574879227	0.00966183574879227	0.0144927536231884	0.0289855072463768	0.00966183574879227	0.00966183574879227	0.00966183574879227	0	0.00966183574879227	0.00966183574879227	0	0	1	1	0.0772946859903382	0	0.0531400966183575	0
Creolimax_fragrantissima	0	0	0	0	0	0	0	0	0	0	0	0	0	0	0	0	0	0	0	0	0	0	0	0	0	0	0	0	0		0	0	0	0	0	0	0	0	0	0	0	0	0	0	0	0	0	0	0	0	0	0	0	0	0	0	0	0	0	0	0	0	0	0	0	0	0	0	0	0	0	0	0	0	0	0	0	0	0	0	0	0	0	0	0	0	0	0	0	0	0	0	0	0	0	0	0
Daphnia_pulex	0	0	0	0	0	0	0	0	0	0	0	0	0	0	0	0	0	0	0	0	0	0	0	0	0	0	0	0	0	0		0	0	0	0	0	0	0	0	0	0	0	0	0	0	0	0	0	0	0	0	0	0	0	0	0	0	0	0	0	0	0	0	0	0	0	0	0	0	0	0	0	0	0	0	0	0	0	0	0	0	0	0	0	0	0	0	0	0	0	0	0	0	0	0	0	0
Diaphanoeca_grandis_RI_01	0.00966183574879227	0.00966183574879227	0.00966183574879227	0	0	0	0	0	0	0	0	0.00966183574879227	0	0	0	0	0	0	0	0	0.00966183574879227	0.00966183574879227	0.00966183574879227	0	0	0	0	0	0.00966183574879227	0	0		0.00966183574879227	0	0	0	0	0	0	0.00966183574879227	0	0	0	0	0	0	0	0.00966183574879227	0	0	0	0.00966183574879227	0.00966183574879227	0	0	0.00966183574879227	0	0.00966183574879227	0	0	0.00966183574879227	0	0	0	0	0	0	0	0	0.00966183574879227	0.00966183574879227	0	0	0	0	0	0	0.00966183574879227	0.00966183574879227	0.00966183574879227	0.00966183574879227	0.00966183574879227	0.00966183574879227	0.00966183574879227	0.00966183574879227	0.00966183574879227	0	0	0.00966183574879227	0	0	0.00966183574879227	0.00966183574879227	0	0	0	0
Didymoeca_costata_10	0.00966183574879227	0.00966183574879227	0.00966183574879227	0	0	0	0	0	0	0	0	0.00966183574879227	0	0	0	0	0	0	0	0	0.00966183574879227	0.00966183574879227	0.00966183574879227	0	0	0	0	0	0.00966183574879227	0	0	0.00966183574879227		0	0	0	0	0	0	0.00966183574879227	0	0	0	0	0	0	0	0.00966183574879227	0	0	0	0.00966183574879227	0.00966183574879227	0	0	0.00966183574879227	0	0.00966183574879227	0	0	0.00966183574879227	0	0	0	0	0	0	0	0	0.00966183574879227	0.00966183574879227	0	0	0	0	0	0	0.00966183574879227	0.00966183574879227	0.00966183574879227	0.00966183574879227	0.00966183574879227	0.00966183574879227	0.00966183574879227	0.00966183574879227	0.00966183574879227	0	0	0.00966183574879227	0	0	0.00966183574879227	0.00966183574879227	0	0	0	0
Dryodora_glandiformis	0	0	0	0	0	0	0	0	0	0	0	0	0	0	0	0	0	0	0	0	0	0	0	0	0	0	0	0	0	0	0	0	0		0	0	0	0	0	0	0	0	0	0	0	0	0	0	0	0	0	0	0	0	0	0	0	0	0	0	0	0	0	0	0	0	0	0	0	0	0	0	0	0	0	0	0	0	0	0	0	0	0	0	0	0	0	0	0	0	0	0	0	0	0	0	0
Edwardsiella_lineata	0	0	0	0	0	0	0	0	0	0	0	0	0	0	0	0	0	0	0	0	0	0	0	0	0	0	0	0	0	0	0	0	0	0		0	0	0	0	0	0	0	0	0	0	0	0	0	0	0	0	0	0	0	0	0	0	0	0	0	0	0	0	0	0	0	0	0	0	0	0	0	0	0	0	0	0	0	0	0	0	0	0	0	0	0	0	0	0	0	0	0	0	0	0	0	0
Ephydatia_muelleri	0.00966183574879227	0	0	0	0	0	0	0	0	0	0	0	0	0	0	0	0	0	0	0	0	0.00966183574879227	0.00966183574879227	0	0	0	0.00966183574879227	0	0.00966183574879227	0	0	0	0	0	0		0.00483091787439614	0	0	0.00966183574879227	0	0	0	0	0	0	0	0.00966183574879227	0	0	0	0.00966183574879227	0.00966183574879227	0.00966183574879227	0	0.00966183574879227	0	0	0.00483091787439614	0	0	0	0	0	0	0.00966183574879227	0	0.00966183574879227	0.00483091787439614	0.00966183574879227	0.00966183574879227	0	0	0	0	0	0	0	0	0	0	0.00483091787439614	0	0	0	0	0	0.00966183574879227	0	0	0	0.00966183574879227	0.00966183574879227	0	0	0	0
Euplectella_aspergillum	0.0579710144927536	0	0	0	0	0	0	0	0	0	0	0	0	0	0	0	0	0	0	0	0	0.0579710144927536	0.0579710144927536	0	0	0	0.0579710144927536	0	0.0579710144927536	0	0	0	0	0	0	0.00483091787439614		0	0	0.0579710144927536	0	0	0	0	0	0.00483091787439614	0	0.0579710144927536	0	0	0	0.0579710144927536	0.0579710144927536	0.0434782608695652	0	0.0579710144927536	0	0.0386473429951691	0.00483091787439614	0	0	0	0	0	0	0.0579710144927536	0	0.00483091787439614	0.00483091787439614	0.0579710144927536	0.0579710144927536	0	0	0	0	0.0531400966183575	0	0	0	0	0	0.00483091787439614	0	0	0	0	0	0.00483091787439614	0	0	0	0.0579710144927536	0.0579710144927536	0.0531400966183575	0	0.0483091787439614	0
Euplokamis_dunlapae	0	0	0	0	0	0	0	0	0	0	0	0	0	0	0	0	0	0	0	0	0	0	0	0	0	0	0	0	0	0	0	0	0	0	0	0	0		0	0	0	0	0	0	0	0	0	0	0	0	0	0	0	0	0	0	0	0	0	0	0	0	0	0	0	0	0	0	0	0	0	0	0	0	0	0	0	0	0	0	0	0	0	0	0	0	0	0	0	0	0	0	0	0	0	0	0
Gorgonia_ventalina	0	0	0	0	0	0	0	0	0	0	0	0	0	0	0	0	0	0	0	0	0	0	0	0	0	0	0	0	0	0	0	0	0	0	0	0	0	0		0	0	0	0	0	0	0	0	0	0	0	0	0	0	0	0	0	0	0	0	0	0	0	0	0	0	0	0	0	0	0	0	0	0	0	0	0	0	0	0	0	0	0	0	0	0	0	0	0	0	0	0	0	0	0	0	0	0
Grantia_compressa	1	0.0193236714975845	0.0144927536231884	0	0	0	0	0	0	0	0	0.0434782608695652	0	0	0	0	0	0	0	0	0.00966183574879227	0.468599033816425	1	0	0	0	0.333333333333333	0.386473429951691	1	0	0	0.00966183574879227	0.00966183574879227	0	0	0.00966183574879227	0.0579710144927536	0	0		0	0	0	0	0	0.120772946859903	0	1	0	0	0	1	1	0.169082125603865	0	1	0	0.0483091787439614	0.00483091787439614	0	0.00966183574879227	0	0	0	0.0144927536231884	0.164251207729469	0.0483091787439614	0.0241545893719807	0.00483091787439614	1	1	0.333333333333333	0	0	0	0.0628019323671498	0	0.0289855072463768	0.00966183574879227	0.00966183574879227	0.00966183574879227	0.0144927536231884	0.0289855072463768	0.00966183574879227	0.00966183574879227	0.00966183574879227	0	0.00966183574879227	0.00966183574879227	0	0	1	1	0.0772946859903382	0	0.0531400966183575	0
Helobdella_robusta	0	0	0	0	0	0	0	0	0	0	0	0	0	0	0	0	0	0	0	0	0	0	0	0	0	0	0	0	0	0	0	0	0	0	0	0	0	0	0	0		0	0	0	0	0	0	0	0	0	0	0	0	0	0	0	0	0	0	0	0	0	0	0	0	0	0	0	0	0	0	0	0	0	0	0	0	0	0	0	0	0	0	0	0	0	0	0	0	0	0	0	0	0	0	0	0
Homo_sapiens	0	0	0	0	0	0	0	0	0	0	0	0	0	0	0	0	0	0	0	0	0	0	0	0	0	0	0	0	0	0	0	0	0	0	0	0	0	0	0	0	0		0	0	0	0	0	0	0	0	0	0	0	0	0	0	0	0	0	0	0	0	0	0	0	0	0	0	0	0	0	0	0	0	0	0	0	0	0	0	0	0	0	0	0	0	0	0	0	0	0	0	0	0	0	0	0
Hormiphora_californensis	0	0	0	0	0	0	0	0	0	0	0	0	0	0	0	0	0	0	0	0	0	0	0	0	0	0	0	0	0	0	0	0	0	0	0	0	0	0	0	0	0	0		0	0	0	0	0	0	0	0	0	0	0	0	0	0	0	0	0	0	0	0	0	0	0	0	0	0	0	0	0	0	0	0	0	0	0	0	0	0	0	0	0	0	0	0	0	0	0	0	0	0	0	0	0	0
Hyalonema_populiferum	0	0	0	0	0	0	0	0	0	0	0	0	0	0	0	0	0	0	0	0	0	0	0	0	0	0	0	0	0	0	0	0	0	0	0	0	0	0	0	0	0	0	0		0	0	0	0	0	0	0	0	0	0	0	0	0	0	0	0	0	0	0	0	0	0	0	0	0	0	0	0	0	0	0	0	0	0	0	0	0	0	0	0	0	0	0	0	0	0	0	0	0	0	0	0	0
Hydra_magnipapillata	0	0	0	0	0	0	0	0	0	0	0	0	0	0	0	0	0	0	0	0	0	0	0	0	0	0	0	0	0	0	0	0	0	0	0	0	0	0	0	0	0	0	0	0		0	0	0	0	0	0	0	0	0	0	0	0	0	0	0	0	0	0	0	0	0	0	0	0	0	0	0	0	0	0	0	0	0	0	0	0	0	0	0	0	0	0	0	0	0	0	0	0	0	0	0	0
Hydractinia_polyclina	0.120772946859903	0	0	0	0	0	0	0	0	0	0	0	0	0	0	0	0	0	0	0	0	0.0531400966183575	0.120772946859903	0	0	0	0.072463768115942	0.0676328502415459	0.120772946859903	0	0	0	0	0	0	0	0.00483091787439614	0	0	0.120772946859903	0	0	0	0	0		0	0.120772946859903	0	0	0	0.120772946859903	0.120772946859903	0.0193236714975845	0	0.120772946859903	0	0.00483091787439614	0	0	0	0	0	0	0	0.00483091787439614	0.0483091787439614	0	0	0.120772946859903	0.120772946859903	0.0676328502415459	0	0	0	0.00483091787439614	0	0	0	0	0	0	0	0	0	0	0	0	0	0	0	0.120772946859903	0.120772946859903	0.00483091787439614	0	0.00483091787439614	0
Ircinia_fasciculata	0	0	0	0	0	0	0	0	0	0	0	0	0	0	0	0	0	0	0	0	0	0	0	0	0	0	0	0	0	0	0	0	0	0	0	0	0	0	0	0	0	0	0	0	0	0		0	0	0	0	0	0	0	0	0	0	0	0	0	0	0	0	0	0	0	0	0	0	0	0	0	0	0	0	0	0	0	0	0	0	0	0	0	0	0	0	0	0	0	0	0	0	0	0	0	0
Ixodes_scapularis	1	0.0193236714975845	0.0144927536231884	0	0	0	0	0	0	0	0	0.0434782608695652	0	0	0	0	0	0	0	0	0.00966183574879227	0.468599033816425	1	0	0	0	0.333333333333333	0.386473429951691	1	0	0	0.00966183574879227	0.00966183574879227	0	0	0.00966183574879227	0.0579710144927536	0	0	1	0	0	0	0	0	0.120772946859903	0		0	0	0	1	1	0.169082125603865	0	1	0	0.0483091787439614	0.00483091787439614	0	0.00966183574879227	0	0	0	0.0144927536231884	0.164251207729469	0.0483091787439614	0.0241545893719807	0.00483091787439614	1	1	0.333333333333333	0	0	0	0.0628019323671498	0	0.0289855072463768	0.00966183574879227	0.00966183574879227	0.00966183574879227	0.0144927536231884	0.0289855072463768	0.00966183574879227	0.00966183574879227	0.00966183574879227	0	0.00966183574879227	0.00966183574879227	0	0	1	1	0.0772946859903382	0	0.0531400966183575	0
Kirkpatrickia_variolosa	0	0	0	0	0	0	0	0	0	0	0	0	0	0	0	0	0	0	0	0	0	0	0	0	0	0	0	0	0	0	0	0	0	0	0	0	0	0	0	0	0	0	0	0	0	0	0	0		0	0	0	0	0	0	0	0	0	0	0	0	0	0	0	0	0	0	0	0	0	0	0	0	0	0	0	0	0	0	0	0	0	0	0	0	0	0	0	0	0	0	0	0	0	0	0	0
Lampea_pancerina	0	0	0	0	0	0	0	0	0	0	0	0	0	0	0	0	0	0	0	0	0	0	0	0	0	0	0	0	0	0	0	0	0	0	0	0	0	0	0	0	0	0	0	0	0	0	0	0	0		0	0	0	0	0	0	0	0	0	0	0	0	0	0	0	0	0	0	0	0	0	0	0	0	0	0	0	0	0	0	0	0	0	0	0	0	0	0	0	0	0	0	0	0	0	0	0
Latrunculia_apicalis	0	0	0	0	0	0	0	0	0	0	0	0	0	0	0	0	0	0	0	0	0	0	0	0	0	0	0	0	0	0	0	0	0	0	0	0	0	0	0	0	0	0	0	0	0	0	0	0	0	0		0	0	0	0	0	0	0	0	0	0	0	0	0	0	0	0	0	0	0	0	0	0	0	0	0	0	0	0	0	0	0	0	0	0	0	0	0	0	0	0	0	0	0	0	0	0
Leuconia_nivea	1	0.0193236714975845	0.0144927536231884	0	0	0	0	0	0	0	0	0.0434782608695652	0	0	0	0	0	0	0	0	0.00966183574879227	0.468599033816425	1	0	0	0	0.333333333333333	0.386473429951691	1	0	0	0.00966183574879227	0.00966183574879227	0	0	0.00966183574879227	0.0579710144927536	0	0	1	0	0	0	0	0	0.120772946859903	0	1	0	0	0		1	0.169082125603865	0	1	0	0.0483091787439614	0.00483091787439614	0	0.00966183574879227	0	0	0	0.0144927536231884	0.164251207729469	0.0483091787439614	0.0241545893719807	0.00483091787439614	1	1	0.333333333333333	0	0	0	0.0628019323671498	0	0.0289855072463768	0.00966183574879227	0.00966183574879227	0.00966183574879227	0.0144927536231884	0.0289855072463768	0.00966183574879227	0.00966183574879227	0.00966183574879227	0	0.00966183574879227	0.00966183574879227	0	0	1	1	0.0772946859903382	0	0.0531400966183575	0
Leucosolenia_complicata	1	0.0193236714975845	0.0144927536231884	0	0	0	0	0	0	0	0	0.0434782608695652	0	0	0	0	0	0	0	0	0.00966183574879227	0.468599033816425	1	0	0	0	0.333333333333333	0.386473429951691	1	0	0	0.00966183574879227	0.00966183574879227	0	0	0.00966183574879227	0.0579710144927536	0	0	1	0	0	0	0	0	0.120772946859903	0	1	0	0	0	1		0.169082125603865	0	1	0	0.0483091787439614	0.00483091787439614	0	0.00966183574879227	0	0	0	0.0144927536231884	0.164251207729469	0.0483091787439614	0.0241545893719807	0.00483091787439614	1	1	0.333333333333333	0	0	0	0.0628019323671498	0	0.0289855072463768	0.00966183574879227	0.00966183574879227	0.00966183574879227	0.0144927536231884	0.0289855072463768	0.00966183574879227	0.00966183574879227	0.00966183574879227	0	0.00966183574879227	0.00966183574879227	0	0	1	1	0.0772946859903382	0	0.0531400966183575	0
Liriope_tetraphylla	0.169082125603865	0	0	0	0	0	0	0	0	0	0	0	0	0	0	0	0	0	0	0	0	0.14975845410628	0.169082125603865	0	0	0	0.154589371980676	0.0193236714975845	0.169082125603865	0	0	0	0	0	0	0.00966183574879227	0.0434782608695652	0	0	0.169082125603865	0	0	0	0	0	0.0193236714975845	0	0.169082125603865	0	0	0	0.169082125603865	0.169082125603865		0	0.169082125603865	0	0.0241545893719807	0.00483091787439614	0	0	0	0	0	0.0144927536231884	0.135265700483092	0.0193236714975845	0.0241545893719807	0.00483091787439614	0.169082125603865	0.169082125603865	0.0338164251207729	0	0	0	0.0386473429951691	0	0.0144927536231884	0	0	0	0.00483091787439614	0	0	0	0	0	0.00966183574879227	0	0	0	0.169082125603865	0.169082125603865	0.0531400966183575	0	0.0434782608695652	0
Lucernariopsis_campanulata	0	0	0	0	0	0	0	0	0	0	0	0	0	0	0	0	0	0	0	0	0	0	0	0	0	0	0	0	0	0	0	0	0	0	0	0	0	0	0	0	0	0	0	0	0	0	0	0	0	0	0	0	0	0		0	0	0	0	0	0	0	0	0	0	0	0	0	0	0	0	0	0	0	0	0	0	0	0	0	0	0	0	0	0	0	0	0	0	0	0	0	0	0	0	0	0
Ministeria_vibrans	1	0.0193236714975845	0.0144927536231884	0	0	0	0	0	0	0	0	0.0434782608695652	0	0	0	0	0	0	0	0	0.00966183574879227	0.468599033816425	1	0	0	0	0.333333333333333	0.386473429951691	1	0	0	0.00966183574879227	0.00966183574879227	0	0	0.00966183574879227	0.0579710144927536	0	0	1	0	0	0	0	0	0.120772946859903	0	1	0	0	0	1	1	0.169082125603865	0		0	0.0483091787439614	0.00483091787439614	0	0.00966183574879227	0	0	0	0.0144927536231884	0.164251207729469	0.0483091787439614	0.0241545893719807	0.00483091787439614	1	1	0.333333333333333	0	0	0	0.0628019323671498	0	0.0289855072463768	0.00966183574879227	0.00966183574879227	0.00966183574879227	0.0144927536231884	0.0289855072463768	0.00966183574879227	0.00966183574879227	0.00966183574879227	0	0.00966183574879227	0.00966183574879227	0	0	1	1	0.0772946859903382	0	0.0531400966183575	0
Mnemiopsis_leidyi	0	0	0	0	0	0	0	0	0	0	0	0	0	0	0	0	0	0	0	0	0	0	0	0	0	0	0	0	0	0	0	0	0	0	0	0	0	0	0	0	0	0	0	0	0	0	0	0	0	0	0	0	0	0	0	0		0	0	0	0	0	0	0	0	0	0	0	0	0	0	0	0	0	0	0	0	0	0	0	0	0	0	0	0	0	0	0	0	0	0	0	0	0	0	0	0
Monosiga_brevicollis_mx1	0.0483091787439614	0.00966183574879227	0.00966183574879227	0	0	0	0	0	0	0	0	0.00966183574879227	0	0	0	0	0	0	0	0	0.00966183574879227	0.0483091787439614	0.0483091787439614	0	0	0	0.0386473429951691	0	0.0483091787439614	0	0	0.00966183574879227	0.00966183574879227	0	0	0	0.0386473429951691	0	0	0.0483091787439614	0	0	0	0	0	0.00483091787439614	0	0.0483091787439614	0	0	0	0.0483091787439614	0.0483091787439614	0.0241545893719807	0	0.0483091787439614	0		0	0	0.00966183574879227	0	0	0	0	0.0386473429951691	0	0	0	0.0483091787439614	0.0483091787439614	0	0	0	0	0.0386473429951691	0	0.00966183574879227	0.00966183574879227	0.00966183574879227	0.00966183574879227	0.00966183574879227	0.00966183574879227	0.00966183574879227	0.00966183574879227	0.00966183574879227	0	0	0.00966183574879227	0	0	0.0483091787439614	0.0483091787439614	0.0386473429951691	0	0.0338164251207729	0
Montastraea_faveolata	0.00483091787439614	0	0	0	0	0	0	0	0	0	0	0	0	0	0	0	0	0	0	0	0	0.00483091787439614	0.00483091787439614	0	0	0	0.00483091787439614	0	0.00483091787439614	0	0	0	0	0	0	0.00483091787439614	0.00483091787439614	0	0	0.00483091787439614	0	0	0	0	0	0	0	0.00483091787439614	0	0	0	0.00483091787439614	0.00483091787439614	0.00483091787439614	0	0.00483091787439614	0	0		0	0	0	0	0	0	0.00483091787439614	0	0.00483091787439614	0.00483091787439614	0.00483091787439614	0.00483091787439614	0	0	0	0	0	0	0	0	0	0	0.00483091787439614	0	0	0	0	0	0.00483091787439614	0	0	0	0.00483091787439614	0.00483091787439614	0	0	0	0
Mycale_phyllophila	0	0	0	0	0	0	0	0	0	0	0	0	0	0	0	0	0	0	0	0	0	0	0	0	0	0	0	0	0	0	0	0	0	0	0	0	0	0	0	0	0	0	0	0	0	0	0	0	0	0	0	0	0	0	0	0	0	0	0		0	0	0	0	0	0	0	0	0	0	0	0	0	0	0	0	0	0	0	0	0	0	0	0	0	0	0	0	0	0	0	0	0	0	0	0	0
Mylnosiga_fluctuans_19	0.00966183574879227	0.00966183574879227	0.00966183574879227	0	0	0	0	0	0	0	0	0.00966183574879227	0	0	0	0	0	0	0	0	0.00966183574879227	0.00966183574879227	0.00966183574879227	0	0	0	0	0	0.00966183574879227	0	0	0.00966183574879227	0.00966183574879227	0	0	0	0	0	0	0.00966183574879227	0	0	0	0	0	0	0	0.00966183574879227	0	0	0	0.00966183574879227	0.00966183574879227	0	0	0.00966183574879227	0	0.00966183574879227	0	0		0	0	0	0	0	0	0	0	0.00966183574879227	0.00966183574879227	0	0	0	0	0	0	0.00966183574879227	0.00966183574879227	0.00966183574879227	0.00966183574879227	0.00966183574879227	0.00966183574879227	0.00966183574879227	0.00966183574879227	0.00966183574879227	0	0	0.00966183574879227	0	0	0.00966183574879227	0.00966183574879227	0	0	0	0
Nanomia_bijuga	0	0	0	0	0	0	0	0	0	0	0	0	0	0	0	0	0	0	0	0	0	0	0	0	0	0	0	0	0	0	0	0	0	0	0	0	0	0	0	0	0	0	0	0	0	0	0	0	0	0	0	0	0	0	0	0	0	0	0	0	0		0	0	0	0	0	0	0	0	0	0	0	0	0	0	0	0	0	0	0	0	0	0	0	0	0	0	0	0	0	0	0	0	0	0	0
Nematostella_vectensis	0	0	0	0	0	0	0	0	0	0	0	0	0	0	0	0	0	0	0	0	0	0	0	0	0	0	0	0	0	0	0	0	0	0	0	0	0	0	0	0	0	0	0	0	0	0	0	0	0	0	0	0	0	0	0	0	0	0	0	0	0	0		0	0	0	0	0	0	0	0	0	0	0	0	0	0	0	0	0	0	0	0	0	0	0	0	0	0	0	0	0	0	0	0	0	0
Oscarella_carmela	0	0	0	0	0	0	0	0	0	0	0	0	0	0	0	0	0	0	0	0	0	0	0	0	0	0	0	0	0	0	0	0	0	0	0	0	0	0	0	0	0	0	0	0	0	0	0	0	0	0	0	0	0	0	0	0	0	0	0	0	0	0	0		0	0	0	0	0	0	0	0	0	0	0	0	0	0	0	0	0	0	0	0	0	0	0	0	0	0	0	0	0	0	0	0	0
Oscarella_species	0.0144927536231884	0	0	0	0	0	0	0	0	0	0	0	0	0	0	0	0	0	0	0	0	0.0144927536231884	0.0144927536231884	0	0	0	0	0	0.0144927536231884	0	0	0	0	0	0	0	0	0	0	0.0144927536231884	0	0	0	0	0	0	0	0.0144927536231884	0	0	0	0.0144927536231884	0.0144927536231884	0.0144927536231884	0	0.0144927536231884	0	0	0	0	0	0	0	0		0	0	0	0	0.0144927536231884	0.0144927536231884	0.0144927536231884	0	0	0	0	0	0.0144927536231884	0	0	0	0	0	0	0	0	0	0	0	0	0	0.0144927536231884	0.0144927536231884	0.0144927536231884	0	0	0
Pelagia_noctiluca	0.164251207729469	0	0	0	0	0	0	0	0	0	0	0	0	0	0	0	0	0	0	0	0	0.164251207729469	0.164251207729469	0	0	0	0.159420289855072	0	0.164251207729469	0	0	0	0	0	0	0.00966183574879227	0.0579710144927536	0	0	0.164251207729469	0	0	0	0	0	0.00483091787439614	0	0.164251207729469	0	0	0	0.164251207729469	0.164251207729469	0.135265700483092	0	0.164251207729469	0	0.0386473429951691	0.00483091787439614	0	0	0	0	0	0		0	0.0241545893719807	0.00483091787439614	0.164251207729469	0.164251207729469	0	0	0	0	0.0628019323671498	0	0	0	0	0	0.00483091787439614	0	0	0	0	0	0.00966183574879227	0	0	0	0.164251207729469	0.164251207729469	0.0628019323671498	0	0.0531400966183575	0
Pennatula_rubra	0.0483091787439614	0	0	0	0	0	0	0	0	0	0	0	0	0	0	0	0	0	0	0	0	0	0.0483091787439614	0	0	0	0.0483091787439614	0.0483091787439614	0.0483091787439614	0	0	0	0	0	0	0	0	0	0	0.0483091787439614	0	0	0	0	0	0.0483091787439614	0	0.0483091787439614	0	0	0	0.0483091787439614	0.0483091787439614	0.0193236714975845	0	0.0483091787439614	0	0	0	0	0	0	0	0	0	0		0	0	0.0483091787439614	0.0483091787439614	0.0483091787439614	0	0	0	0	0	0	0	0	0	0	0	0	0	0	0	0	0	0	0	0.0483091787439614	0.0483091787439614	0	0	0	0
Periphylla_periphylla	0.0241545893719807	0	0	0	0	0	0	0	0	0	0	0	0	0	0	0	0	0	0	0	0	0.0241545893719807	0.0241545893719807	0	0	0	0.0241545893719807	0	0.0241545893719807	0	0	0	0	0	0	0.00966183574879227	0.00483091787439614	0	0	0.0241545893719807	0	0	0	0	0	0	0	0.0241545893719807	0	0	0	0.0241545893719807	0.0241545893719807	0.0241545893719807	0	0.0241545893719807	0	0	0.00483091787439614	0	0	0	0	0	0	0.0241545893719807	0		0.00483091787439614	0.0241545893719807	0.0241545893719807	0	0	0	0	0	0	0	0	0	0	0.00483091787439614	0	0	0	0	0	0.00966183574879227	0	0	0	0.0241545893719807	0.0241545893719807	0	0	0	0
Petrosia_ficiformis	0.00483091787439614	0	0	0	0	0	0	0	0	0	0	0	0	0	0	0	0	0	0	0	0	0.00483091787439614	0.00483091787439614	0	0	0	0.00483091787439614	0	0.00483091787439614	0	0	0	0	0	0	0.00483091787439614	0.00483091787439614	0	0	0.00483091787439614	0	0	0	0	0	0	0	0.00483091787439614	0	0	0	0.00483091787439614	0.00483091787439614	0.00483091787439614	0	0.00483091787439614	0	0	0.00483091787439614	0	0	0	0	0	0	0.00483091787439614	0	0.00483091787439614		0.00483091787439614	0.00483091787439614	0	0	0	0	0	0	0	0	0	0	0.00483091787439614	0	0	0	0	0	0.00483091787439614	0	0	0	0.00483091787439614	0.00483091787439614	0	0	0	0
Pirum_gemmata	1	0.0193236714975845	0.0144927536231884	0	0	0	0	0	0	0	0	0.0434782608695652	0	0	0	0	0	0	0	0	0.00966183574879227	0.468599033816425	1	0	0	0	0.333333333333333	0.386473429951691	1	0	0	0.00966183574879227	0.00966183574879227	0	0	0.00966183574879227	0.0579710144927536	0	0	1	0	0	0	0	0	0.120772946859903	0	1	0	0	0	1	1	0.169082125603865	0	1	0	0.0483091787439614	0.00483091787439614	0	0.00966183574879227	0	0	0	0.0144927536231884	0.164251207729469	0.0483091787439614	0.0241545893719807	0.00483091787439614		1	0.333333333333333	0	0	0	0.0628019323671498	0	0.0289855072463768	0.00966183574879227	0.00966183574879227	0.00966183574879227	0.0144927536231884	0.0289855072463768	0.00966183574879227	0.00966183574879227	0.00966183574879227	0	0.00966183574879227	0.00966183574879227	0	0	1	1	0.0772946859903382	0	0.0531400966183575	0
Plakina_jani	1	0.0193236714975845	0.0144927536231884	0	0	0	0	0	0	0	0	0.0434782608695652	0	0	0	0	0	0	0	0	0.00966183574879227	0.468599033816425	1	0	0	0	0.333333333333333	0.386473429951691	1	0	0	0.00966183574879227	0.00966183574879227	0	0	0.00966183574879227	0.0579710144927536	0	0	1	0	0	0	0	0	0.120772946859903	0	1	0	0	0	1	1	0.169082125603865	0	1	0	0.0483091787439614	0.00483091787439614	0	0.00966183574879227	0	0	0	0.0144927536231884	0.164251207729469	0.0483091787439614	0.0241545893719807	0.00483091787439614	1		0.333333333333333	0	0	0	0.0628019323671498	0	0.0289855072463768	0.00966183574879227	0.00966183574879227	0.00966183574879227	0.0144927536231884	0.0289855072463768	0.00966183574879227	0.00966183574879227	0.00966183574879227	0	0.00966183574879227	0.00966183574879227	0	0	1	1	0.0772946859903382	0	0.0531400966183575	0
Pleraplysilla_spinifera	0.333333333333333	0	0	0	0	0	0	0	0	0	0	0	0	0	0	0	0	0	0	0	0	0.0193236714975845	0.333333333333333	0	0	0	0.173913043478261	0.314009661835749	0.333333333333333	0	0	0	0	0	0	0	0	0	0	0.333333333333333	0	0	0	0	0	0.0676328502415459	0	0.333333333333333	0	0	0	0.333333333333333	0.333333333333333	0.0338164251207729	0	0.333333333333333	0	0	0	0	0	0	0	0	0.0144927536231884	0	0.0483091787439614	0	0	0.333333333333333	0.333333333333333		0	0	0	0	0	0.0193236714975845	0	0	0	0	0	0	0	0	0	0	0	0	0	0.333333333333333	0.333333333333333	0.0144927536231884	0	0	0
Pleurobrachia_species	0	0	0	0	0	0	0	0	0	0	0	0	0	0	0	0	0	0	0	0	0	0	0	0	0	0	0	0	0	0	0	0	0	0	0	0	0	0	0	0	0	0	0	0	0	0	0	0	0	0	0	0	0	0	0	0	0	0	0	0	0	0	0	0	0	0	0	0	0	0	0	0		0	0	0	0	0	0	0	0	0	0	0	0	0	0	0	0	0	0	0	0	0	0	0	0
Plumapathes_pennacea	0	0	0	0	0	0	0	0	0	0	0	0	0	0	0	0	0	0	0	0	0	0	0	0	0	0	0	0	0	0	0	0	0	0	0	0	0	0	0	0	0	0	0	0	0	0	0	0	0	0	0	0	0	0	0	0	0	0	0	0	0	0	0	0	0	0	0	0	0	0	0	0	0		0	0	0	0	0	0	0	0	0	0	0	0	0	0	0	0	0	0	0	0	0	0	0
Porites_australiensis	0	0	0	0	0	0	0	0	0	0	0	0	0	0	0	0	0	0	0	0	0	0	0	0	0	0	0	0	0	0	0	0	0	0	0	0	0	0	0	0	0	0	0	0	0	0	0	0	0	0	0	0	0	0	0	0	0	0	0	0	0	0	0	0	0	0	0	0	0	0	0	0	0	0		0	0	0	0	0	0	0	0	0	0	0	0	0	0	0	0	0	0	0	0	0	0
Rossella_fibulata	0.0628019323671498	0	0	0	0	0	0	0	0	0	0	0	0	0	0	0	0	0	0	0	0	0.0628019323671498	0.0628019323671498	0	0	0	0.0628019323671498	0	0.0628019323671498	0	0	0	0	0	0	0	0.0531400966183575	0	0	0.0628019323671498	0	0	0	0	0	0.00483091787439614	0	0.0628019323671498	0	0	0	0.0628019323671498	0.0628019323671498	0.0386473429951691	0	0.0628019323671498	0	0.0386473429951691	0	0	0	0	0	0	0	0.0628019323671498	0	0	0	0.0628019323671498	0.0628019323671498	0	0	0	0		0	0	0	0	0	0	0	0	0	0	0	0	0	0	0	0.0628019323671498	0.0628019323671498	0.0628019323671498	0	0.0483091787439614	0
Saccoglossus_kowalevskii	0	0	0	0	0	0	0	0	0	0	0	0	0	0	0	0	0	0	0	0	0	0	0	0	0	0	0	0	0	0	0	0	0	0	0	0	0	0	0	0	0	0	0	0	0	0	0	0	0	0	0	0	0	0	0	0	0	0	0	0	0	0	0	0	0	0	0	0	0	0	0	0	0	0	0	0		0	0	0	0	0	0	0	0	0	0	0	0	0	0	0	0	0	0	0	0
Salpingoeca_dolichothecata_16	0.0289855072463768	0.00966183574879227	0.00966183574879227	0	0	0	0	0	0	0	0	0.00966183574879227	0	0	0	0	0	0	0	0	0.00966183574879227	0.0289855072463768	0.0289855072463768	0	0	0	0	0	0.0289855072463768	0	0	0.00966183574879227	0.00966183574879227	0	0	0	0	0	0	0.0289855072463768	0	0	0	0	0	0	0	0.0289855072463768	0	0	0	0.0289855072463768	0.0289855072463768	0.0144927536231884	0	0.0289855072463768	0	0.00966183574879227	0	0	0.00966183574879227	0	0	0	0.0144927536231884	0	0	0	0	0.0289855072463768	0.0289855072463768	0.0193236714975845	0	0	0	0	0		0.00966183574879227	0.00966183574879227	0.00966183574879227	0.00966183574879227	0.00966183574879227	0.00966183574879227	0.00966183574879227	0.00966183574879227	0	0	0.00966183574879227	0	0	0.0289855072463768	0.0289855072463768	0.0144927536231884	0	0	0
Salpingoeca_helianthica_18	0.00966183574879227	0.00966183574879227	0.00966183574879227	0	0	0	0	0	0	0	0	0.00966183574879227	0	0	0	0	0	0	0	0	0.00966183574879227	0.00966183574879227	0.00966183574879227	0	0	0	0	0	0.00966183574879227	0	0	0.00966183574879227	0.00966183574879227	0	0	0	0	0	0	0.00966183574879227	0	0	0	0	0	0	0	0.00966183574879227	0	0	0	0.00966183574879227	0.00966183574879227	0	0	0.00966183574879227	0	0.00966183574879227	0	0	0.00966183574879227	0	0	0	0	0	0	0	0	0.00966183574879227	0.00966183574879227	0	0	0	0	0	0	0.00966183574879227		0.00966183574879227	0.00966183574879227	0.00966183574879227	0.00966183574879227	0.00966183574879227	0.00966183574879227	0.00966183574879227	0	0	0.00966183574879227	0	0	0.00966183574879227	0.00966183574879227	0	0	0	0
Salpingoeca_infusionum_12	0.00966183574879227	0.00966183574879227	0.00966183574879227	0	0	0	0	0	0	0	0	0.00966183574879227	0	0	0	0	0	0	0	0	0.00966183574879227	0.00966183574879227	0.00966183574879227	0	0	0	0	0	0.00966183574879227	0	0	0.00966183574879227	0.00966183574879227	0	0	0	0	0	0	0.00966183574879227	0	0	0	0	0	0	0	0.00966183574879227	0	0	0	0.00966183574879227	0.00966183574879227	0	0	0.00966183574879227	0	0.00966183574879227	0	0	0.00966183574879227	0	0	0	0	0	0	0	0	0.00966183574879227	0.00966183574879227	0	0	0	0	0	0	0.00966183574879227	0.00966183574879227		0.00966183574879227	0.00966183574879227	0.00966183574879227	0.00966183574879227	0.00966183574879227	0.00966183574879227	0	0	0.00966183574879227	0	0	0.00966183574879227	0.00966183574879227	0	0	0	0
Salpingoeca_macrocollata_06	0.00966183574879227	0.00966183574879227	0.00966183574879227	0	0	0	0	0	0	0	0	0.00966183574879227	0	0	0	0	0	0	0	0	0.00966183574879227	0.00966183574879227	0.00966183574879227	0	0	0	0	0	0.00966183574879227	0	0	0.00966183574879227	0.00966183574879227	0	0	0	0	0	0	0.00966183574879227	0	0	0	0	0	0	0	0.00966183574879227	0	0	0	0.00966183574879227	0.00966183574879227	0	0	0.00966183574879227	0	0.00966183574879227	0	0	0.00966183574879227	0	0	0	0	0	0	0	0	0.00966183574879227	0.00966183574879227	0	0	0	0	0	0	0.00966183574879227	0.00966183574879227	0.00966183574879227		0.00966183574879227	0.00966183574879227	0.00966183574879227	0.00966183574879227	0.00966183574879227	0	0	0.00966183574879227	0	0	0.00966183574879227	0.00966183574879227	0	0	0	0
Salpingoeca_punica_03	0.0144927536231884	0.00966183574879227	0.00966183574879227	0	0	0	0	0	0	0	0	0.00966183574879227	0	0	0	0	0	0	0	0	0.00966183574879227	0.0144927536231884	0.0144927536231884	0	0	0	0.00483091787439614	0	0.0144927536231884	0	0	0.00966183574879227	0.00966183574879227	0	0	0.00483091787439614	0.00483091787439614	0	0	0.0144927536231884	0	0	0	0	0	0	0	0.0144927536231884	0	0	0	0.0144927536231884	0.0144927536231884	0.00483091787439614	0	0.0144927536231884	0	0.00966183574879227	0.00483091787439614	0	0.00966183574879227	0	0	0	0	0.00483091787439614	0	0.00483091787439614	0.00483091787439614	0.0144927536231884	0.0144927536231884	0	0	0	0	0	0	0.00966183574879227	0.00966183574879227	0.00966183574879227	0.00966183574879227		0.00966183574879227	0.00966183574879227	0.00966183574879227	0.00966183574879227	0	0.00483091787439614	0.00966183574879227	0	0	0.0144927536231884	0.0144927536231884	0	0	0	0
Salpingoeca_qvevrii_09	0.0289855072463768	0.00966183574879227	0.00966183574879227	0	0	0	0	0	0	0	0	0.00966183574879227	0	0	0	0	0	0	0	0	0.00966183574879227	0.0289855072463768	0.0289855072463768	0	0	0	0	0	0.0289855072463768	0	0	0.00966183574879227	0.00966183574879227	0	0	0	0	0	0	0.0289855072463768	0	0	0	0	0	0	0	0.0289855072463768	0	0	0	0.0289855072463768	0.0289855072463768	0	0	0.0289855072463768	0	0.00966183574879227	0	0	0.00966183574879227	0	0	0	0	0	0	0	0	0.0289855072463768	0.0289855072463768	0	0	0	0	0	0	0.00966183574879227	0.00966183574879227	0.00966183574879227	0.00966183574879227	0.00966183574879227		0.00966183574879227	0.00966183574879227	0.00966183574879227	0	0	0.00966183574879227	0	0	0.0289855072463768	0.0289855072463768	0	0	0	0
Salpingoeca_roanoka_13	0.00966183574879227	0.00966183574879227	0.00966183574879227	0	0	0	0	0	0	0	0	0.00966183574879227	0	0	0	0	0	0	0	0	0.00966183574879227	0.00966183574879227	0.00966183574879227	0	0	0	0	0	0.00966183574879227	0	0	0.00966183574879227	0.00966183574879227	0	0	0	0	0	0	0.00966183574879227	0	0	0	0	0	0	0	0.00966183574879227	0	0	0	0.00966183574879227	0.00966183574879227	0	0	0.00966183574879227	0	0.00966183574879227	0	0	0.00966183574879227	0	0	0	0	0	0	0	0	0.00966183574879227	0.00966183574879227	0	0	0	0	0	0	0.00966183574879227	0.00966183574879227	0.00966183574879227	0.00966183574879227	0.00966183574879227	0.00966183574879227		0.00966183574879227	0.00966183574879227	0	0	0.00966183574879227	0	0	0.00966183574879227	0.00966183574879227	0	0	0	0
Salpingoeca_rosetta	0.00966183574879227	0.00966183574879227	0.00966183574879227	0	0	0	0	0	0	0	0	0.00966183574879227	0	0	0	0	0	0	0	0	0.00966183574879227	0.00966183574879227	0.00966183574879227	0	0	0	0	0	0.00966183574879227	0	0	0.00966183574879227	0.00966183574879227	0	0	0	0	0	0	0.00966183574879227	0	0	0	0	0	0	0	0.00966183574879227	0	0	0	0.00966183574879227	0.00966183574879227	0	0	0.00966183574879227	0	0.00966183574879227	0	0	0.00966183574879227	0	0	0	0	0	0	0	0	0.00966183574879227	0.00966183574879227	0	0	0	0	0	0	0.00966183574879227	0.00966183574879227	0.00966183574879227	0.00966183574879227	0.00966183574879227	0.00966183574879227	0.00966183574879227		0.00966183574879227	0	0	0.00966183574879227	0	0	0.00966183574879227	0.00966183574879227	0	0	0	0
Salpingoeca_urceolata_04	0.00966183574879227	0.00966183574879227	0.00966183574879227	0	0	0	0	0	0	0	0	0.00966183574879227	0	0	0	0	0	0	0	0	0.00966183574879227	0.00966183574879227	0.00966183574879227	0	0	0	0	0	0.00966183574879227	0	0	0.00966183574879227	0.00966183574879227	0	0	0	0	0	0	0.00966183574879227	0	0	0	0	0	0	0	0.00966183574879227	0	0	0	0.00966183574879227	0.00966183574879227	0	0	0.00966183574879227	0	0.00966183574879227	0	0	0.00966183574879227	0	0	0	0	0	0	0	0	0.00966183574879227	0.00966183574879227	0	0	0	0	0	0	0.00966183574879227	0.00966183574879227	0.00966183574879227	0.00966183574879227	0.00966183574879227	0.00966183574879227	0.00966183574879227	0.00966183574879227		0	0	0.00966183574879227	0	0	0.00966183574879227	0.00966183574879227	0	0	0	0
Sphaeroforma_arctica_JP610	0	0	0	0	0	0	0	0	0	0	0	0	0	0	0	0	0	0	0	0	0	0	0	0	0	0	0	0	0	0	0	0	0	0	0	0	0	0	0	0	0	0	0	0	0	0	0	0	0	0	0	0	0	0	0	0	0	0	0	0	0	0	0	0	0	0	0	0	0	0	0	0	0	0	0	0	0	0	0	0	0	0	0	0	0	0		0	0	0	0	0	0	0	0	0	0
Spongilla_lacustris	0.00966183574879227	0	0	0	0	0	0	0	0	0	0	0	0	0	0	0	0	0	0	0	0	0.00966183574879227	0.00966183574879227	0	0	0	0.00966183574879227	0	0.00966183574879227	0	0	0	0	0	0	0.00966183574879227	0.00483091787439614	0	0	0.00966183574879227	0	0	0	0	0	0	0	0.00966183574879227	0	0	0	0.00966183574879227	0.00966183574879227	0.00966183574879227	0	0.00966183574879227	0	0	0.00483091787439614	0	0	0	0	0	0	0.00966183574879227	0	0.00966183574879227	0.00483091787439614	0.00966183574879227	0.00966183574879227	0	0	0	0	0	0	0	0	0	0	0.00483091787439614	0	0	0	0	0		0	0	0	0.00966183574879227	0.00966183574879227	0	0	0	0
Stephanoeca_diplocostata_AUFR	0.00966183574879227	0.00966183574879227	0.00966183574879227	0	0	0	0	0	0	0	0	0.00966183574879227	0	0	0	0	0	0	0	0	0.00966183574879227	0.00966183574879227	0.00966183574879227	0	0	0	0	0	0.00966183574879227	0	0	0.00966183574879227	0.00966183574879227	0	0	0	0	0	0	0.00966183574879227	0	0	0	0	0	0	0	0.00966183574879227	0	0	0	0.00966183574879227	0.00966183574879227	0	0	0.00966183574879227	0	0.00966183574879227	0	0	0.00966183574879227	0	0	0	0	0	0	0	0	0.00966183574879227	0.00966183574879227	0	0	0	0	0	0	0.00966183574879227	0.00966183574879227	0.00966183574879227	0.00966183574879227	0.00966183574879227	0.00966183574879227	0.00966183574879227	0.00966183574879227	0.00966183574879227	0	0		0	0	0.00966183574879227	0.00966183574879227	0	0	0	0
Stomolophus_meleagris	0	0	0	0	0	0	0	0	0	0	0	0	0	0	0	0	0	0	0	0	0	0	0	0	0	0	0	0	0	0	0	0	0	0	0	0	0	0	0	0	0	0	0	0	0	0	0	0	0	0	0	0	0	0	0	0	0	0	0	0	0	0	0	0	0	0	0	0	0	0	0	0	0	0	0	0	0	0	0	0	0	0	0	0	0	0	0	0	0		0	0	0	0	0	0	0
Strongylocentrotus_purpuratus	0	0	0	0	0	0	0	0	0	0	0	0	0	0	0	0	0	0	0	0	0	0	0	0	0	0	0	0	0	0	0	0	0	0	0	0	0	0	0	0	0	0	0	0	0	0	0	0	0	0	0	0	0	0	0	0	0	0	0	0	0	0	0	0	0	0	0	0	0	0	0	0	0	0	0	0	0	0	0	0	0	0	0	0	0	0	0	0	0	0		0	0	0	0	0	0
Sycon_ciliatum	1	0.0193236714975845	0.0144927536231884	0	0	0	0	0	0	0	0	0.0434782608695652	0	0	0	0	0	0	0	0	0.00966183574879227	0.468599033816425	1	0	0	0	0.333333333333333	0.386473429951691	1	0	0	0.00966183574879227	0.00966183574879227	0	0	0.00966183574879227	0.0579710144927536	0	0	1	0	0	0	0	0	0.120772946859903	0	1	0	0	0	1	1	0.169082125603865	0	1	0	0.0483091787439614	0.00483091787439614	0	0.00966183574879227	0	0	0	0.0144927536231884	0.164251207729469	0.0483091787439614	0.0241545893719807	0.00483091787439614	1	1	0.333333333333333	0	0	0	0.0628019323671498	0	0.0289855072463768	0.00966183574879227	0.00966183574879227	0.00966183574879227	0.0144927536231884	0.0289855072463768	0.00966183574879227	0.00966183574879227	0.00966183574879227	0	0.00966183574879227	0.00966183574879227	0	0		1	0.0772946859903382	0	0.0531400966183575	0
Sycon_coactum	1	0.0193236714975845	0.0144927536231884	0	0	0	0	0	0	0	0	0.0434782608695652	0	0	0	0	0	0	0	0	0.00966183574879227	0.468599033816425	1	0	0	0	0.333333333333333	0.386473429951691	1	0	0	0.00966183574879227	0.00966183574879227	0	0	0.00966183574879227	0.0579710144927536	0	0	1	0	0	0	0	0	0.120772946859903	0	1	0	0	0	1	1	0.169082125603865	0	1	0	0.0483091787439614	0.00483091787439614	0	0.00966183574879227	0	0	0	0.0144927536231884	0.164251207729469	0.0483091787439614	0.0241545893719807	0.00483091787439614	1	1	0.333333333333333	0	0	0	0.0628019323671498	0	0.0289855072463768	0.00966183574879227	0.00966183574879227	0.00966183574879227	0.0144927536231884	0.0289855072463768	0.00966183574879227	0.00966183574879227	0.00966183574879227	0	0.00966183574879227	0.00966183574879227	0	0	1		0.0772946859903382	0	0.0531400966183575	0
Sympagella_nux	0.0772946859903382	0	0	0	0	0	0	0	0	0	0	0	0	0	0	0	0	0	0	0	0	0.0772946859903382	0.0772946859903382	0	0	0	0.0628019323671498	0	0.0772946859903382	0	0	0	0	0	0	0	0.0531400966183575	0	0	0.0772946859903382	0	0	0	0	0	0.00483091787439614	0	0.0772946859903382	0	0	0	0.0772946859903382	0.0772946859903382	0.0531400966183575	0	0.0772946859903382	0	0.0386473429951691	0	0	0	0	0	0	0.0144927536231884	0.0628019323671498	0	0	0	0.0772946859903382	0.0772946859903382	0.0144927536231884	0	0	0	0.0628019323671498	0	0.0144927536231884	0	0	0	0	0	0	0	0	0	0	0	0	0	0.0772946859903382	0.0772946859903382		0	0.0483091787439614	0
Tribolium_castaneum	0	0	0	0	0	0	0	0	0	0	0	0	0	0	0	0	0	0	0	0	0	0	0	0	0	0	0	0	0	0	0	0	0	0	0	0	0	0	0	0	0	0	0	0	0	0	0	0	0	0	0	0	0	0	0	0	0	0	0	0	0	0	0	0	0	0	0	0	0	0	0	0	0	0	0	0	0	0	0	0	0	0	0	0	0	0	0	0	0	0	0	0	0	0		0	0
Trichoplax_adhaerens	0.0531400966183575	0	0	0	0	0	0	0	0	0	0	0	0	0	0	0	0	0	0	0	0	0.0531400966183575	0.0531400966183575	0	0	0	0.0531400966183575	0	0.0531400966183575	0	0	0	0	0	0	0	0.0483091787439614	0	0	0.0531400966183575	0	0	0	0	0	0.00483091787439614	0	0.0531400966183575	0	0	0	0.0531400966183575	0.0531400966183575	0.0434782608695652	0	0.0531400966183575	0	0.0338164251207729	0	0	0	0	0	0	0	0.0531400966183575	0	0	0	0.0531400966183575	0.0531400966183575	0	0	0	0	0.0483091787439614	0	0	0	0	0	0	0	0	0	0	0	0	0	0	0	0.0531400966183575	0.0531400966183575	0.0483091787439614	0		0
Vallicula_multiformis	0	0	0	0	0	0	0	0	0	0	0	0	0	0	0	0	0	0	0	0	0	0	0	0	0	0	0	0	0	0	0	0	0	0	0	0	0	0	0	0	0	0	0	0	0	0	0	0	0	0	0	0	0	0	0	0	0	0	0	0	0	0	0	0	0	0	0	0	0	0	0	0	0	0	0	0	0	0	0	0	0	0	0	0	0	0	0	0	0	0	0	0	0	0	0	0	
