	Abeoforma_whisleri	Acanthoeca_sp_10tr	Acanthoeca_spectabilis_VA_02	Aiptasia_pallida	Alatina_alata	Amoebidium_parasiticum_JAP72	Amphimedon_queenslandica	Antipathes_caribbeana	Aphrocallistes_vastus	Aplysia_californica	Atolla_vanhoeffeni	Aurelia_aurita	Beroe_abyssicola	Beroe_sp	Bolinopsis_infundibulum	Bolocera_tuedia	Branchiostoma_floridae	Capitella_teleta	Capsaspora_owczarzaki_atcc30864	Cestum_veneris	Choanoeca_perplexa_11	Chondrilla_nucula	Clathrina_coriacea	Clytia_hemisphaerica	Codosiga_hollandica_17	Coeloplana_species	Corticium_candelabrum	Craspedacusta_sowerbyi	Crassostrea_gigas	Creolimax_fragrantissima	Daphnia_pulex	Diaphanoeca_grandis_RI_01	Didymoeca_costata_10	Dryodora_glandiformis	Edwardsiella_lineata	Ephydatia_muelleri	Euplectella_aspergillum	Euplokamis_dunlapae	Gorgonia_ventalina	Grantia_compressa	Helobdella_robusta	Homo_sapiens	Hormiphora_californensis	Hyalonema_populiferum	Hydra_magnipapillata	Hydractinia_polyclina	Ircinia_fasciculata	Ixodes_scapularis	Kirkpatrickia_variolosa	Lampea_pancerina	Latrunculia_apicalis	Leuconia_nivea	Leucosolenia_complicata	Liriope_tetraphylla	Lucernariopsis_campanulata	Ministeria_vibrans	Mnemiopsis_leidyi	Monosiga_brevicollis_mx1	Montastraea_faveolata	Mycale_phyllophila	Mylnosiga_fluctuans_19	Nanomia_bijuga	Nematostella_vectensis	Oscarella_carmela	Oscarella_species	Pelagia_noctiluca	Pennatula_rubra	Periphylla_periphylla	Petrosia_ficiformis	Pirum_gemmata	Plakina_jani	Pleraplysilla_spinifera	Pleurobrachia_species	Plumapathes_pennacea	Porites_australiensis	Rossella_fibulata	Saccoglossus_kowalevskii	Salpingoeca_dolichothecata_16	Salpingoeca_helianthica_18	Salpingoeca_infusionum_12	Salpingoeca_macrocollata_06	Salpingoeca_punica_03	Salpingoeca_qvevrii_09	Salpingoeca_roanoka_13	Salpingoeca_rosetta	Salpingoeca_urceolata_04	Sphaeroforma_arctica_JP610	Spongilla_lacustris	Stephanoeca_diplocostata_AUFR	Stomolophus_meleagris	Strongylocentrotus_purpuratus	Sycon_ciliatum	Sycon_coactum	Sympagella_nux	Tribolium_castaneum	Trichoplax_adhaerens	Vallicula_multiformis
Abeoforma_whisleri		0	0	0	0	0	0	0	0	0	0	0	0	0	0	0	0	0	0	0	0	0	0	0	0	0	0	0	0	0	0	0	0	0	0	0	0	0	0	0	0	0	0	0	0	0	0	0	0	0	0	0	0	0	0	0	0	0	0	0	0	0	0	0	0	0	0	0	0	0	0	0	0	0	0	0	0	0	0	0	0	0	0	0	0	0	0	0	0	0	0	0	0	0	0	0	0
Acanthoeca_sp_10tr	0		0.91	0.915	0.915	0	0.815	0.915	0.915	0	0.835	0.915	0.91	0.59	0.39	0.915	0.915	0.915	0	0.87	0.88	0	0.915	0.915	0.865	0.905	0.915	0.62	0	0	0.665	0.89	0.905	0.91	0.915	0.915	0.86	0.805	0.905	0.865	0.83	0.87	0.68	0	0.775	0.915	0	0	0.915	0.91	0.88	0	0	0.37	0.82	0	0.915	0.91	0.915	0.915	0.86	0.915	0.865	0.915	0.91	0.915	0	0	0.82	0	0	0.49	0.91	0.9	0	0.915	0.915	0.915	0.82	0.85	0.915	0.825	0.91	0.915	0.915	0.905	0	0.64	0.915	0.915	0.68	0	0.84	0.915	0.805	0.9	0.9
Acanthoeca_spectabilis_VA_02	0	0.91		0.915	0.915	0	0.82	0.915	0.915	0	0.835	0.915	0.91	0.59	0.39	0.915	0.915	0.915	0	0.875	0.88	0	0.915	0.915	0.87	0.91	0.915	0.62	0	0	0.67	0.89	0.905	0.91	0.915	0.915	0.86	0.805	0.905	0.87	0.83	0.87	0.685	0	0.78	0.915	0	0	0.915	0.91	0.885	0	0	0.375	0.825	0	0.915	0.91	0.915	0.915	0.86	0.915	0.865	0.915	0.91	0.915	0	0	0.825	0	0	0.49	0.91	0.905	0	0.915	0.915	0.915	0.82	0.85	0.915	0.825	0.91	0.915	0.915	0.905	0	0.64	0.915	0.915	0.685	0	0.845	0.915	0.81	0.9	0.905
Aiptasia_pallida	0	0.915	0.915		1	0	0.885	1	1	0	0.91	0.99	0.98	0.675	0.46	1	1	1	0	0.94	0.965	0	0.995	0.985	0.935	0.975	0.995	0.7	0	0	0.735	0.93	0.98	0.99	1	1	0.935	0.89	0.98	0.935	0.89	0.955	0.75	0	0.835	0.985	0	0	0.99	0.995	0.95	0	0	0.44	0.89	0	0.985	0.98	1	0.99	0.935	1	0.95	1	0.995	0.995	0	0	0.89	0	0	0.49	0.98	0.97	0	0.99	0.995	0.99	0.905	0.92	0.985	0.895	0.985	0.99	0.99	0.99	0	0.72	0.955	0.99	0.7	0	0.91	0.99	0.86	0.97	0.97
Alatina_alata	0	0.915	0.915	1		0	0.885	1	1	0	0.91	0.99	0.98	0.675	0.46	1	1	1	0	0.94	0.965	0	0.995	0.985	0.935	0.975	0.995	0.7	0	0	0.735	0.93	0.98	0.99	1	1	0.935	0.89	0.98	0.935	0.89	0.955	0.75	0	0.835	0.985	0	0	0.99	0.995	0.95	0	0	0.44	0.89	0	0.985	0.98	1	0.99	0.935	1	0.95	1	0.995	0.995	0	0	0.89	0	0	0.49	0.98	0.97	0	0.99	0.995	0.99	0.905	0.92	0.985	0.895	0.985	0.99	0.99	0.99	0	0.72	0.955	0.99	0.7	0	0.91	0.99	0.86	0.97	0.97
Amoebidium_parasiticum_JAP72	0	0	0	0	0		0	0	0	0	0	0	0	0	0	0	0	0	0	0	0	0	0	0	0	0	0	0	0	0	0	0	0	0	0	0	0	0	0	0	0	0	0	0	0	0	0	0	0	0	0	0	0	0	0	0	0	0	0	0	0	0	0	0	0	0	0	0	0	0	0	0	0	0	0	0	0	0	0	0	0	0	0	0	0	0	0	0	0	0	0	0	0	0	0	0	0
Amphimedon_queenslandica	0	0.815	0.82	0.885	0.885	0		0.885	0.885	0	0.81	0.885	0.885	0.615	0.435	0.885	0.885	0.885	0	0.855	0.85	0	0.885	0.885	0.885	0.885	0.885	0.595	0	0	0.715	0.835	0.885	0.885	0.885	0.885	0.885	0.78	0.875	0.875	0.84	0.845	0.67	0	0.755	0.885	0	0	0.885	0.885	0.865	0	0	0.42	0.805	0	0.885	0.885	0.885	0.885	0.835	0.885	0.84	0.885	0.885	0.885	0	0	0.82	0	0	0.415	0.885	0.885	0	0.885	0.885	0.885	0.855	0.885	0.885	0.86	0.885	0.885	0.885	0.875	0	0.61	0.85	0.885	0.615	0	0.825	0.885	0.765	0.875	0.885
Antipathes_caribbeana	0	0.915	0.915	1	1	0	0.885		1	0	0.91	0.99	0.98	0.675	0.46	1	1	1	0	0.94	0.965	0	0.995	0.985	0.935	0.975	0.995	0.7	0	0	0.735	0.93	0.98	0.99	1	1	0.935	0.89	0.98	0.935	0.89	0.955	0.75	0	0.835	0.985	0	0	0.99	0.995	0.95	0	0	0.44	0.89	0	0.985	0.98	1	0.99	0.935	1	0.95	1	0.995	0.995	0	0	0.89	0	0	0.49	0.98	0.97	0	0.99	0.995	0.99	0.905	0.92	0.985	0.895	0.985	0.99	0.99	0.99	0	0.72	0.955	0.99	0.7	0	0.91	0.99	0.86	0.97	0.97
Aphrocallistes_vastus	0	0.915	0.915	1	1	0	0.885	1		0	0.91	0.99	0.98	0.675	0.46	1	1	1	0	0.94	0.965	0	0.995	0.985	0.935	0.975	0.995	0.7	0	0	0.735	0.93	0.98	0.99	1	1	0.935	0.89	0.98	0.935	0.89	0.955	0.75	0	0.835	0.985	0	0	0.99	0.995	0.95	0	0	0.44	0.89	0	0.985	0.98	1	0.99	0.935	1	0.95	1	0.995	0.995	0	0	0.89	0	0	0.49	0.98	0.97	0	0.99	0.995	0.99	0.905	0.92	0.985	0.895	0.985	0.99	0.99	0.99	0	0.72	0.955	0.99	0.7	0	0.91	0.99	0.86	0.97	0.97
Aplysia_californica	0	0	0	0	0	0	0	0	0		0	0	0	0	0	0	0	0	0	0	0	0	0	0	0	0	0	0	0	0	0	0	0	0	0	0	0	0	0	0	0	0	0	0	0	0	0	0	0	0	0	0	0	0	0	0	0	0	0	0	0	0	0	0	0	0	0	0	0	0	0	0	0	0	0	0	0	0	0	0	0	0	0	0	0	0	0	0	0	0	0	0	0	0	0	0	0
Atolla_vanhoeffeni	0	0.835	0.835	0.91	0.91	0	0.81	0.91	0.91	0		0.91	0.905	0.595	0.425	0.91	0.91	0.91	0	0.86	0.875	0	0.91	0.905	0.86	0.9	0.91	0.66	0	0	0.67	0.875	0.9	0.91	0.91	0.91	0.855	0.845	0.9	0.87	0.815	0.865	0.715	0	0.77	0.905	0	0	0.91	0.91	0.87	0	0	0.405	0.81	0	0.905	0.905	0.91	0.91	0.9	0.91	0.86	0.91	0.91	0.91	0	0	0.815	0	0	0.445	0.905	0.89	0	0.91	0.91	0.91	0.845	0.845	0.905	0.815	0.91	0.91	0.91	0.9	0	0.635	0.875	0.91	0.655	0	0.83	0.91	0.78	0.905	0.89
Aurelia_aurita	0	0.915	0.915	0.99	0.99	0	0.885	0.99	0.99	0	0.91		0.98	0.665	0.46	0.99	0.99	0.99	0	0.94	0.955	0	0.99	0.985	0.935	0.975	0.99	0.695	0	0	0.735	0.93	0.98	0.985	0.99	0.99	0.935	0.88	0.98	0.935	0.88	0.945	0.75	0	0.835	0.985	0	0	0.99	0.985	0.95	0	0	0.44	0.89	0	0.985	0.98	0.99	0.99	0.935	0.99	0.94	0.99	0.985	0.99	0	0	0.89	0	0	0.49	0.98	0.97	0	0.99	0.99	0.99	0.895	0.92	0.985	0.895	0.985	0.99	0.99	0.98	0	0.715	0.955	0.99	0.7	0	0.91	0.99	0.86	0.97	0.97
Beroe_abyssicola	0	0.91	0.91	0.98	0.98	0	0.885	0.98	0.98	0	0.905	0.98		0.66	0.46	0.98	0.98	0.98	0	0.935	0.945	0	0.98	0.98	0.935	0.975	0.98	0.69	0	0	0.735	0.93	0.97	0.98	0.98	0.98	0.925	0.875	0.97	0.935	0.875	0.935	0.75	0	0.835	0.98	0	0	0.98	0.98	0.945	0	0	0.44	0.885	0	0.98	0.98	0.98	0.98	0.93	0.98	0.93	0.98	0.98	0.98	0	0	0.89	0	0	0.485	0.98	0.965	0	0.98	0.98	0.98	0.89	0.92	0.98	0.89	0.98	0.98	0.98	0.97	0	0.705	0.945	0.98	0.695	0	0.905	0.98	0.855	0.97	0.965
Beroe_sp	0	0.59	0.59	0.675	0.675	0	0.615	0.675	0.675	0	0.595	0.665	0.66		0.455	0.675	0.675	0.675	0	0.615	0.675	0	0.67	0.66	0.645	0.655	0.67	0.485	0	0	0.505	0.61	0.665	0.67	0.675	0.675	0.635	0.57	0.655	0.635	0.61	0.63	0.43	0	0.515	0.66	0	0	0.665	0.675	0.625	0	0	0.435	0.565	0	0.66	0.66	0.675	0.665	0.615	0.675	0.625	0.675	0.675	0.67	0	0	0.635	0	0	0.205	0.66	0.645	0	0.665	0.67	0.665	0.615	0.635	0.66	0.605	0.665	0.665	0.665	0.665	0	0.625	0.63	0.665	0.38	0	0.645	0.665	0.605	0.65	0.645
Bolinopsis_infundibulum	0	0.39	0.39	0.46	0.46	0	0.435	0.46	0.46	0	0.425	0.46	0.46	0.455		0.46	0.46	0.46	0	0.415	0.46	0	0.46	0.46	0.445	0.455	0.46	0.46	0	0	0.37	0.43	0.46	0.46	0.46	0.46	0.45	0.46	0.455	0.445	0.425	0.415	0.345	0	0.325	0.46	0	0	0.46	0.46	0.425	0	0	0.43	0.365	0	0.46	0.46	0.46	0.46	0.46	0.46	0.41	0.46	0.46	0.46	0	0	0.435	0	0	0	0.46	0.445	0	0.46	0.46	0.46	0.445	0.455	0.46	0.425	0.46	0.46	0.46	0.46	0	0.46	0.425	0.46	0.175	0	0.445	0.46	0.44	0.46	0.445
Bolocera_tuedia	0	0.915	0.915	1	1	0	0.885	1	1	0	0.91	0.99	0.98	0.675	0.46		1	1	0	0.94	0.965	0	0.995	0.985	0.935	0.975	0.995	0.7	0	0	0.735	0.93	0.98	0.99	1	1	0.935	0.89	0.98	0.935	0.89	0.955	0.75	0	0.835	0.985	0	0	0.99	0.995	0.95	0	0	0.44	0.89	0	0.985	0.98	1	0.99	0.935	1	0.95	1	0.995	0.995	0	0	0.89	0	0	0.49	0.98	0.97	0	0.99	0.995	0.99	0.905	0.92	0.985	0.895	0.985	0.99	0.99	0.99	0	0.72	0.955	0.99	0.7	0	0.91	0.99	0.86	0.97	0.97
Branchiostoma_floridae	0	0.915	0.915	1	1	0	0.885	1	1	0	0.91	0.99	0.98	0.675	0.46	1		1	0	0.94	0.965	0	0.995	0.985	0.935	0.975	0.995	0.7	0	0	0.735	0.93	0.98	0.99	1	1	0.935	0.89	0.98	0.935	0.89	0.955	0.75	0	0.835	0.985	0	0	0.99	0.995	0.95	0	0	0.44	0.89	0	0.985	0.98	1	0.99	0.935	1	0.95	1	0.995	0.995	0	0	0.89	0	0	0.49	0.98	0.97	0	0.99	0.995	0.99	0.905	0.92	0.985	0.895	0.985	0.99	0.99	0.99	0	0.72	0.955	0.99	0.7	0	0.91	0.99	0.86	0.97	0.97
Capitella_teleta	0	0.915	0.915	1	1	0	0.885	1	1	0	0.91	0.99	0.98	0.675	0.46	1	1		0	0.94	0.965	0	0.995	0.985	0.935	0.975	0.995	0.7	0	0	0.735	0.93	0.98	0.99	1	1	0.935	0.89	0.98	0.935	0.89	0.955	0.75	0	0.835	0.985	0	0	0.99	0.995	0.95	0	0	0.44	0.89	0	0.985	0.98	1	0.99	0.935	1	0.95	1	0.995	0.995	0	0	0.89	0	0	0.49	0.98	0.97	0	0.99	0.995	0.99	0.905	0.92	0.985	0.895	0.985	0.99	0.99	0.99	0	0.72	0.955	0.99	0.7	0	0.91	0.99	0.86	0.97	0.97
Capsaspora_owczarzaki_atcc30864	0	0	0	0	0	0	0	0	0	0	0	0	0	0	0	0	0	0		0	0	0	0	0	0	0	0	0	0	0	0	0	0	0	0	0	0	0	0	0	0	0	0	0	0	0	0	0	0	0	0	0	0	0	0	0	0	0	0	0	0	0	0	0	0	0	0	0	0	0	0	0	0	0	0	0	0	0	0	0	0	0	0	0	0	0	0	0	0	0	0	0	0	0	0	0	0
Cestum_veneris	0	0.87	0.875	0.94	0.94	0	0.855	0.94	0.94	0	0.86	0.94	0.935	0.615	0.415	0.94	0.94	0.94	0		0.905	0	0.94	0.94	0.905	0.935	0.94	0.645	0	0	0.735	0.885	0.93	0.935	0.94	0.94	0.885	0.83	0.93	0.905	0.83	0.895	0.75	0	0.835	0.94	0	0	0.94	0.935	0.94	0	0	0.425	0.89	0	0.94	0.935	0.94	0.94	0.885	0.94	0.89	0.94	0.935	0.94	0	0	0.86	0	0	0.49	0.935	0.94	0	0.94	0.94	0.94	0.845	0.875	0.94	0.85	0.935	0.94	0.94	0.93	0	0.665	0.905	0.94	0.7	0	0.88	0.94	0.82	0.925	0.94
Choanoeca_perplexa_11	0	0.88	0.88	0.965	0.965	0	0.85	0.965	0.965	0	0.875	0.955	0.945	0.675	0.46	0.965	0.965	0.965	0	0.905		0	0.96	0.95	0.9	0.94	0.96	0.7	0	0	0.705	0.895	0.945	0.955	0.965	0.965	0.9	0.855	0.945	0.9	0.855	0.92	0.715	0	0.8	0.95	0	0	0.955	0.96	0.915	0	0	0.44	0.855	0	0.95	0.945	0.965	0.955	0.9	0.965	0.915	0.965	0.96	0.96	0	0	0.855	0	0	0.49	0.945	0.935	0	0.955	0.96	0.955	0.87	0.885	0.95	0.86	0.95	0.955	0.955	0.955	0	0.72	0.92	0.955	0.665	0	0.91	0.955	0.845	0.935	0.935
Chondrilla_nucula	0	0	0	0	0	0	0	0	0	0	0	0	0	0	0	0	0	0	0	0	0		0	0	0	0	0	0	0	0	0	0	0	0	0	0	0	0	0	0	0	0	0	0	0	0	0	0	0	0	0	0	0	0	0	0	0	0	0	0	0	0	0	0	0	0	0	0	0	0	0	0	0	0	0	0	0	0	0	0	0	0	0	0	0	0	0	0	0	0	0	0	0	0	0	0	0
Clathrina_coriacea	0	0.915	0.915	0.995	0.995	0	0.885	0.995	0.995	0	0.91	0.99	0.98	0.67	0.46	0.995	0.995	0.995	0	0.94	0.96	0		0.985	0.935	0.975	0.995	0.7	0	0	0.735	0.93	0.98	0.99	0.995	0.995	0.935	0.885	0.98	0.935	0.885	0.95	0.75	0	0.835	0.985	0	0	0.99	0.99	0.95	0	0	0.44	0.89	0	0.985	0.98	0.995	0.99	0.935	0.995	0.945	0.995	0.99	0.995	0	0	0.89	0	0	0.49	0.98	0.97	0	0.99	0.995	0.99	0.9	0.92	0.985	0.895	0.985	0.99	0.99	0.985	0	0.72	0.955	0.99	0.7	0	0.91	0.99	0.86	0.97	0.97
Clytia_hemisphaerica	0	0.915	0.915	0.985	0.985	0	0.885	0.985	0.985	0	0.905	0.985	0.98	0.66	0.46	0.985	0.985	0.985	0	0.94	0.95	0	0.985		0.935	0.975	0.985	0.69	0	0	0.735	0.93	0.975	0.98	0.985	0.985	0.93	0.875	0.975	0.935	0.875	0.94	0.75	0	0.835	0.985	0	0	0.985	0.98	0.95	0	0	0.44	0.89	0	0.985	0.98	0.985	0.985	0.93	0.985	0.935	0.985	0.98	0.985	0	0	0.89	0	0	0.49	0.98	0.97	0	0.985	0.985	0.985	0.89	0.92	0.985	0.895	0.98	0.985	0.985	0.975	0	0.71	0.95	0.985	0.7	0	0.91	0.985	0.86	0.97	0.97
Codosiga_hollandica_17	0	0.865	0.87	0.935	0.935	0	0.885	0.935	0.935	0	0.86	0.935	0.935	0.645	0.445	0.935	0.935	0.935	0	0.905	0.9	0	0.935	0.935		0.935	0.935	0.645	0	0	0.735	0.885	0.935	0.935	0.935	0.935	0.9	0.83	0.925	0.92	0.86	0.89	0.72	0	0.805	0.935	0	0	0.935	0.935	0.915	0	0	0.44	0.855	0	0.935	0.935	0.935	0.935	0.885	0.935	0.885	0.935	0.935	0.935	0	0	0.86	0	0	0.455	0.935	0.935	0	0.935	0.935	0.935	0.87	0.905	0.935	0.875	0.935	0.935	0.935	0.925	0	0.66	0.9	0.935	0.665	0	0.875	0.935	0.815	0.925	0.935
Coeloplana_species	0	0.905	0.91	0.975	0.975	0	0.885	0.975	0.975	0	0.9	0.975	0.975	0.655	0.455	0.975	0.975	0.975	0	0.935	0.94	0	0.975	0.975	0.935		0.975	0.685	0	0	0.735	0.925	0.965	0.975	0.975	0.975	0.92	0.87	0.965	0.935	0.87	0.93	0.75	0	0.835	0.975	0	0	0.975	0.975	0.945	0	0	0.44	0.885	0	0.975	0.975	0.975	0.975	0.925	0.975	0.925	0.975	0.975	0.975	0	0	0.89	0	0	0.485	0.975	0.965	0	0.975	0.975	0.975	0.885	0.915	0.975	0.885	0.975	0.975	0.975	0.965	0	0.7	0.94	0.975	0.695	0	0.905	0.975	0.855	0.965	0.965
Corticium_candelabrum	0	0.915	0.915	0.995	0.995	0	0.885	0.995	0.995	0	0.91	0.99	0.98	0.67	0.46	0.995	0.995	0.995	0	0.94	0.96	0	0.995	0.985	0.935	0.975		0.7	0	0	0.735	0.93	0.98	0.99	0.995	0.995	0.935	0.885	0.98	0.935	0.885	0.95	0.75	0	0.835	0.985	0	0	0.99	0.99	0.95	0	0	0.44	0.89	0	0.985	0.98	0.995	0.99	0.935	0.995	0.945	0.995	0.99	0.995	0	0	0.89	0	0	0.49	0.98	0.97	0	0.99	0.995	0.99	0.9	0.92	0.985	0.895	0.985	0.99	0.99	0.985	0	0.72	0.955	0.99	0.7	0	0.91	0.99	0.86	0.97	0.97
Craspedacusta_sowerbyi	0	0.62	0.62	0.7	0.7	0	0.595	0.7	0.7	0	0.66	0.695	0.69	0.485	0.46	0.7	0.7	0.7	0	0.645	0.7	0	0.7	0.69	0.645	0.685	0.7		0	0	0.545	0.66	0.685	0.7	0.7	0.7	0.64	0.7	0.69	0.655	0.61	0.655	0.575	0	0.555	0.69	0	0	0.695	0.7	0.655	0	0	0.44	0.595	0	0.69	0.69	0.7	0.695	0.695	0.7	0.65	0.7	0.7	0.7	0	0	0.6	0	0	0.23	0.69	0.675	0	0.695	0.7	0.695	0.635	0.63	0.69	0.6	0.695	0.695	0.695	0.7	0	0.575	0.66	0.695	0.405	0	0.67	0.695	0.67	0.69	0.675
Crassostrea_gigas	0	0	0	0	0	0	0	0	0	0	0	0	0	0	0	0	0	0	0	0	0	0	0	0	0	0	0	0		0	0	0	0	0	0	0	0	0	0	0	0	0	0	0	0	0	0	0	0	0	0	0	0	0	0	0	0	0	0	0	0	0	0	0	0	0	0	0	0	0	0	0	0	0	0	0	0	0	0	0	0	0	0	0	0	0	0	0	0	0	0	0	0	0	0	0	0
Creolimax_fragrantissima	0	0	0	0	0	0	0	0	0	0	0	0	0	0	0	0	0	0	0	0	0	0	0	0	0	0	0	0	0		0	0	0	0	0	0	0	0	0	0	0	0	0	0	0	0	0	0	0	0	0	0	0	0	0	0	0	0	0	0	0	0	0	0	0	0	0	0	0	0	0	0	0	0	0	0	0	0	0	0	0	0	0	0	0	0	0	0	0	0	0	0	0	0	0	0	0
Daphnia_pulex	0	0.665	0.67	0.735	0.735	0	0.715	0.735	0.735	0	0.67	0.735	0.735	0.505	0.37	0.735	0.735	0.735	0	0.735	0.705	0	0.735	0.735	0.735	0.735	0.735	0.545	0	0		0.695	0.735	0.735	0.735	0.735	0.73	0.655	0.725	0.735	0.705	0.69	0.62	0	0.685	0.735	0	0	0.735	0.735	0.735	0	0	0.37	0.725	0	0.735	0.735	0.735	0.735	0.695	0.735	0.69	0.735	0.735	0.735	0	0	0.665	0	0	0.335	0.735	0.735	0	0.735	0.735	0.735	0.71	0.735	0.735	0.705	0.735	0.735	0.735	0.735	0	0.525	0.7	0.735	0.535	0	0.68	0.735	0.685	0.735	0.735
Diaphanoeca_grandis_RI_01	0	0.89	0.89	0.93	0.93	0	0.835	0.93	0.93	0	0.875	0.93	0.93	0.61	0.43	0.93	0.93	0.93	0	0.885	0.895	0	0.93	0.93	0.885	0.925	0.93	0.66	0	0	0.695		0.92	0.93	0.93	0.93	0.875	0.845	0.92	0.895	0.86	0.885	0.72	0	0.795	0.93	0	0	0.93	0.93	0.895	0	0	0.41	0.835	0	0.93	0.93	0.93	0.93	0.9	0.93	0.88	0.93	0.93	0.93	0	0	0.84	0	0	0.465	0.93	0.915	0	0.93	0.93	0.93	0.86	0.87	0.93	0.84	0.93	0.93	0.93	0.92	0	0.655	0.925	0.93	0.67	0	0.855	0.93	0.81	0.93	0.915
Didymoeca_costata_10	0	0.905	0.905	0.98	0.98	0	0.885	0.98	0.98	0	0.9	0.98	0.97	0.665	0.46	0.98	0.98	0.98	0	0.93	0.945	0	0.98	0.975	0.935	0.965	0.98	0.685	0	0	0.735	0.92		0.975	0.98	0.98	0.925	0.87	0.97	0.925	0.88	0.935	0.74	0	0.825	0.975	0	0	0.98	0.975	0.94	0	0	0.44	0.88	0	0.975	0.97	0.98	0.98	0.925	0.98	0.93	0.98	0.975	0.98	0	0	0.88	0	0	0.48	0.97	0.96	0	0.98	0.98	0.98	0.89	0.92	0.975	0.895	0.975	0.98	0.98	0.97	0	0.705	0.945	0.98	0.69	0	0.9	0.98	0.85	0.96	0.96
Dryodora_glandiformis	0	0.91	0.91	0.99	0.99	0	0.885	0.99	0.99	0	0.91	0.985	0.98	0.67	0.46	0.99	0.99	0.99	0	0.935	0.955	0	0.99	0.98	0.935	0.975	0.99	0.7	0	0	0.735	0.93	0.975		0.99	0.99	0.93	0.885	0.975	0.935	0.885	0.945	0.75	0	0.835	0.98	0	0	0.985	0.99	0.945	0	0	0.44	0.885	0	0.98	0.98	0.99	0.985	0.935	0.99	0.94	0.99	0.99	0.99	0	0	0.89	0	0	0.485	0.98	0.965	0	0.985	0.99	0.985	0.9	0.92	0.98	0.89	0.985	0.985	0.985	0.98	0	0.715	0.95	0.985	0.695	0	0.905	0.985	0.855	0.97	0.965
Edwardsiella_lineata	0	0.915	0.915	1	1	0	0.885	1	1	0	0.91	0.99	0.98	0.675	0.46	1	1	1	0	0.94	0.965	0	0.995	0.985	0.935	0.975	0.995	0.7	0	0	0.735	0.93	0.98	0.99		1	0.935	0.89	0.98	0.935	0.89	0.955	0.75	0	0.835	0.985	0	0	0.99	0.995	0.95	0	0	0.44	0.89	0	0.985	0.98	1	0.99	0.935	1	0.95	1	0.995	0.995	0	0	0.89	0	0	0.49	0.98	0.97	0	0.99	0.995	0.99	0.905	0.92	0.985	0.895	0.985	0.99	0.99	0.99	0	0.72	0.955	0.99	0.7	0	0.91	0.99	0.86	0.97	0.97
Ephydatia_muelleri	0	0.915	0.915	1	1	0	0.885	1	1	0	0.91	0.99	0.98	0.675	0.46	1	1	1	0	0.94	0.965	0	0.995	0.985	0.935	0.975	0.995	0.7	0	0	0.735	0.93	0.98	0.99	1		0.935	0.89	0.98	0.935	0.89	0.955	0.75	0	0.835	0.985	0	0	0.99	0.995	0.95	0	0	0.44	0.89	0	0.985	0.98	1	0.99	0.935	1	0.95	1	0.995	0.995	0	0	0.89	0	0	0.49	0.98	0.97	0	0.99	0.995	0.99	0.905	0.92	0.985	0.895	0.985	0.99	0.99	0.99	0	0.72	0.955	0.99	0.7	0	0.91	0.99	0.86	0.97	0.97
Euplectella_aspergillum	0	0.86	0.86	0.935	0.935	0	0.885	0.935	0.935	0	0.855	0.935	0.925	0.635	0.45	0.935	0.935	0.935	0	0.885	0.9	0	0.935	0.93	0.9	0.92	0.935	0.64	0	0	0.73	0.875	0.925	0.93	0.935	0.935		0.825	0.925	0.9	0.875	0.895	0.695	0	0.78	0.93	0	0	0.935	0.93	0.895	0	0	0.42	0.835	0	0.93	0.925	0.935	0.935	0.88	0.935	0.89	0.935	0.93	0.935	0	0	0.845	0	0	0.445	0.925	0.915	0	0.935	0.935	0.935	0.895	0.915	0.93	0.895	0.93	0.935	0.935	0.925	0	0.66	0.9	0.935	0.645	0	0.855	0.935	0.805	0.915	0.915
Euplokamis_dunlapae	0	0.805	0.805	0.89	0.89	0	0.78	0.89	0.89	0	0.845	0.88	0.875	0.57	0.46	0.89	0.89	0.89	0	0.83	0.855	0	0.885	0.875	0.83	0.87	0.885	0.7	0	0	0.655	0.845	0.87	0.885	0.89	0.89	0.825		0.87	0.84	0.795	0.845	0.75	0	0.74	0.875	0	0	0.88	0.89	0.84	0	0	0.44	0.78	0	0.875	0.875	0.89	0.88	0.88	0.89	0.84	0.89	0.89	0.885	0	0	0.785	0	0	0.38	0.875	0.86	0	0.88	0.885	0.88	0.825	0.815	0.875	0.785	0.88	0.88	0.88	0.89	0	0.61	0.845	0.88	0.59	0	0.8	0.88	0.75	0.875	0.86
Gorgonia_ventalina	0	0.905	0.905	0.98	0.98	0	0.875	0.98	0.98	0	0.9	0.98	0.97	0.655	0.455	0.98	0.98	0.98	0	0.93	0.945	0	0.98	0.975	0.925	0.965	0.98	0.69	0	0	0.725	0.92	0.97	0.975	0.98	0.98	0.925	0.87		0.925	0.87	0.935	0.74	0	0.825	0.975	0	0	0.98	0.975	0.94	0	0	0.435	0.88	0	0.975	0.97	0.98	0.98	0.925	0.98	0.93	0.98	0.975	0.98	0	0	0.88	0	0	0.485	0.97	0.96	0	0.98	0.98	0.98	0.885	0.91	0.975	0.885	0.975	0.98	0.98	0.97	0	0.71	0.945	0.98	0.69	0	0.9	0.98	0.855	0.96	0.96
Grantia_compressa	0	0.865	0.87	0.935	0.935	0	0.875	0.935	0.935	0	0.87	0.935	0.935	0.635	0.445	0.935	0.935	0.935	0	0.905	0.9	0	0.935	0.935	0.92	0.935	0.935	0.655	0	0	0.735	0.895	0.925	0.935	0.935	0.935	0.9	0.84	0.925		0.86	0.89	0.73	0	0.815	0.935	0	0	0.935	0.935	0.915	0	0	0.44	0.855	0	0.935	0.935	0.935	0.935	0.895	0.935	0.885	0.935	0.935	0.935	0	0	0.86	0	0	0.455	0.935	0.935	0	0.935	0.935	0.935	0.875	0.895	0.935	0.865	0.935	0.935	0.935	0.925	0	0.66	0.9	0.935	0.665	0	0.875	0.935	0.815	0.935	0.935
Helobdella_robusta	0	0.83	0.83	0.89	0.89	0	0.84	0.89	0.89	0	0.815	0.88	0.875	0.61	0.425	0.89	0.89	0.89	0	0.83	0.855	0	0.885	0.875	0.86	0.87	0.885	0.61	0	0	0.705	0.86	0.88	0.885	0.89	0.89	0.875	0.795	0.87	0.86		0.845	0.655	0	0.74	0.875	0	0	0.88	0.89	0.84	0	0	0.395	0.78	0	0.875	0.875	0.89	0.88	0.84	0.89	0.845	0.89	0.89	0.885	0	0	0.79	0	0	0.415	0.875	0.86	0	0.88	0.885	0.88	0.865	0.875	0.875	0.845	0.88	0.88	0.88	0.88	0	0.615	0.87	0.88	0.62	0	0.8	0.88	0.755	0.875	0.86
Homo_sapiens	0	0.87	0.87	0.955	0.955	0	0.845	0.955	0.955	0	0.865	0.945	0.935	0.63	0.415	0.955	0.955	0.955	0	0.895	0.92	0	0.95	0.94	0.89	0.93	0.95	0.655	0	0	0.69	0.885	0.935	0.945	0.955	0.955	0.895	0.845	0.935	0.89	0.845		0.705	0	0.79	0.94	0	0	0.945	0.95	0.905	0	0	0.395	0.845	0	0.94	0.935	0.955	0.945	0.89	0.955	0.93	0.955	0.95	0.95	0	0	0.85	0	0	0.49	0.935	0.925	0	0.945	0.95	0.945	0.87	0.875	0.94	0.88	0.94	0.945	0.945	0.945	0	0.675	0.91	0.945	0.655	0	0.865	0.945	0.815	0.925	0.925
Hormiphora_californensis	0	0.68	0.685	0.75	0.75	0	0.67	0.75	0.75	0	0.715	0.75	0.75	0.43	0.345	0.75	0.75	0.75	0	0.75	0.715	0	0.75	0.75	0.72	0.75	0.75	0.575	0	0	0.62	0.72	0.74	0.75	0.75	0.75	0.695	0.75	0.74	0.73	0.655	0.705		0	0.695	0.75	0	0	0.75	0.75	0.75	0	0	0.355	0.735	0	0.75	0.75	0.75	0.75	0.75	0.75	0.7	0.75	0.75	0.75	0	0	0.675	0	0	0.37	0.75	0.75	0	0.75	0.75	0.75	0.685	0.69	0.75	0.66	0.75	0.75	0.75	0.75	0	0.475	0.715	0.75	0.58	0	0.69	0.75	0.635	0.75	0.75
Hyalonema_populiferum	0	0	0	0	0	0	0	0	0	0	0	0	0	0	0	0	0	0	0	0	0	0	0	0	0	0	0	0	0	0	0	0	0	0	0	0	0	0	0	0	0	0	0		0	0	0	0	0	0	0	0	0	0	0	0	0	0	0	0	0	0	0	0	0	0	0	0	0	0	0	0	0	0	0	0	0	0	0	0	0	0	0	0	0	0	0	0	0	0	0	0	0	0	0	0	0
Hydra_magnipapillata	0	0.775	0.78	0.835	0.835	0	0.755	0.835	0.835	0	0.77	0.835	0.835	0.515	0.325	0.835	0.835	0.835	0	0.835	0.8	0	0.835	0.835	0.805	0.835	0.835	0.555	0	0	0.685	0.795	0.825	0.835	0.835	0.835	0.78	0.74	0.825	0.815	0.74	0.79	0.695	0		0.835	0	0	0.835	0.835	0.835	0	0	0.335	0.835	0	0.835	0.835	0.835	0.835	0.795	0.835	0.785	0.835	0.835	0.835	0	0	0.76	0	0	0.475	0.835	0.835	0	0.835	0.835	0.835	0.755	0.775	0.835	0.745	0.835	0.835	0.835	0.825	0	0.56	0.8	0.835	0.685	0	0.775	0.835	0.715	0.835	0.835
Hydractinia_polyclina	0	0.915	0.915	0.985	0.985	0	0.885	0.985	0.985	0	0.905	0.985	0.98	0.66	0.46	0.985	0.985	0.985	0	0.94	0.95	0	0.985	0.985	0.935	0.975	0.985	0.69	0	0	0.735	0.93	0.975	0.98	0.985	0.985	0.93	0.875	0.975	0.935	0.875	0.94	0.75	0	0.835		0	0	0.985	0.98	0.95	0	0	0.44	0.89	0	0.985	0.98	0.985	0.985	0.93	0.985	0.935	0.985	0.98	0.985	0	0	0.89	0	0	0.49	0.98	0.97	0	0.985	0.985	0.985	0.89	0.92	0.985	0.895	0.98	0.985	0.985	0.975	0	0.71	0.95	0.985	0.7	0	0.91	0.985	0.86	0.97	0.97
Ircinia_fasciculata	0	0	0	0	0	0	0	0	0	0	0	0	0	0	0	0	0	0	0	0	0	0	0	0	0	0	0	0	0	0	0	0	0	0	0	0	0	0	0	0	0	0	0	0	0	0		0	0	0	0	0	0	0	0	0	0	0	0	0	0	0	0	0	0	0	0	0	0	0	0	0	0	0	0	0	0	0	0	0	0	0	0	0	0	0	0	0	0	0	0	0	0	0	0	0	0
Ixodes_scapularis	0	0	0	0	0	0	0	0	0	0	0	0	0	0	0	0	0	0	0	0	0	0	0	0	0	0	0	0	0	0	0	0	0	0	0	0	0	0	0	0	0	0	0	0	0	0	0		0	0	0	0	0	0	0	0	0	0	0	0	0	0	0	0	0	0	0	0	0	0	0	0	0	0	0	0	0	0	0	0	0	0	0	0	0	0	0	0	0	0	0	0	0	0	0	0	0
Kirkpatrickia_variolosa	0	0.915	0.915	0.99	0.99	0	0.885	0.99	0.99	0	0.91	0.99	0.98	0.665	0.46	0.99	0.99	0.99	0	0.94	0.955	0	0.99	0.985	0.935	0.975	0.99	0.695	0	0	0.735	0.93	0.98	0.985	0.99	0.99	0.935	0.88	0.98	0.935	0.88	0.945	0.75	0	0.835	0.985	0	0		0.985	0.95	0	0	0.44	0.89	0	0.985	0.98	0.99	0.99	0.935	0.99	0.94	0.99	0.985	0.99	0	0	0.89	0	0	0.49	0.98	0.97	0	0.99	0.99	0.99	0.895	0.92	0.985	0.895	0.985	0.99	0.99	0.98	0	0.715	0.955	0.99	0.7	0	0.91	0.99	0.86	0.97	0.97
Lampea_pancerina	0	0.91	0.91	0.995	0.995	0	0.885	0.995	0.995	0	0.91	0.985	0.98	0.675	0.46	0.995	0.995	0.995	0	0.935	0.96	0	0.99	0.98	0.935	0.975	0.99	0.7	0	0	0.735	0.93	0.975	0.99	0.995	0.995	0.93	0.89	0.975	0.935	0.89	0.95	0.75	0	0.835	0.98	0	0	0.985		0.945	0	0	0.44	0.885	0	0.98	0.98	0.995	0.985	0.935	0.995	0.945	0.995	0.995	0.99	0	0	0.89	0	0	0.485	0.98	0.965	0	0.985	0.99	0.985	0.905	0.92	0.98	0.89	0.985	0.985	0.985	0.985	0	0.715	0.95	0.985	0.695	0	0.905	0.985	0.855	0.97	0.965
Latrunculia_apicalis	0	0.88	0.885	0.95	0.95	0	0.865	0.95	0.95	0	0.87	0.95	0.945	0.625	0.425	0.95	0.95	0.95	0	0.94	0.915	0	0.95	0.95	0.915	0.945	0.95	0.655	0	0	0.735	0.895	0.94	0.945	0.95	0.95	0.895	0.84	0.94	0.915	0.84	0.905	0.75	0	0.835	0.95	0	0	0.95	0.945		0	0	0.435	0.89	0	0.95	0.945	0.95	0.95	0.895	0.95	0.9	0.95	0.945	0.95	0	0	0.87	0	0	0.49	0.945	0.95	0	0.95	0.95	0.95	0.855	0.885	0.95	0.86	0.945	0.95	0.95	0.94	0	0.675	0.915	0.95	0.7	0	0.89	0.95	0.83	0.935	0.95
Leuconia_nivea	0	0	0	0	0	0	0	0	0	0	0	0	0	0	0	0	0	0	0	0	0	0	0	0	0	0	0	0	0	0	0	0	0	0	0	0	0	0	0	0	0	0	0	0	0	0	0	0	0	0	0		0	0	0	0	0	0	0	0	0	0	0	0	0	0	0	0	0	0	0	0	0	0	0	0	0	0	0	0	0	0	0	0	0	0	0	0	0	0	0	0	0	0	0	0	0
Leucosolenia_complicata	0	0	0	0	0	0	0	0	0	0	0	0	0	0	0	0	0	0	0	0	0	0	0	0	0	0	0	0	0	0	0	0	0	0	0	0	0	0	0	0	0	0	0	0	0	0	0	0	0	0	0	0		0	0	0	0	0	0	0	0	0	0	0	0	0	0	0	0	0	0	0	0	0	0	0	0	0	0	0	0	0	0	0	0	0	0	0	0	0	0	0	0	0	0	0	0
Liriope_tetraphylla	0	0.37	0.375	0.44	0.44	0	0.42	0.44	0.44	0	0.405	0.44	0.44	0.435	0.43	0.44	0.44	0.44	0	0.425	0.44	0	0.44	0.44	0.44	0.44	0.44	0.44	0	0	0.37	0.41	0.44	0.44	0.44	0.44	0.42	0.44	0.435	0.44	0.395	0.395	0.355	0	0.335	0.44	0	0	0.44	0.44	0.435	0	0		0.375	0	0.44	0.44	0.44	0.44	0.44	0.44	0.39	0.44	0.44	0.44	0	0	0.43	0	0	0.01	0.44	0.44	0	0.44	0.44	0.44	0.415	0.425	0.44	0.395	0.44	0.44	0.44	0.44	0	0.44	0.405	0.44	0.185	0	0.44	0.44	0.425	0.44	0.44
Lucernariopsis_campanulata	0	0.82	0.825	0.89	0.89	0	0.805	0.89	0.89	0	0.81	0.89	0.885	0.565	0.365	0.89	0.89	0.89	0	0.89	0.855	0	0.89	0.89	0.855	0.885	0.89	0.595	0	0	0.725	0.835	0.88	0.885	0.89	0.89	0.835	0.78	0.88	0.855	0.78	0.845	0.735	0	0.835	0.89	0	0	0.89	0.885	0.89	0	0	0.375		0	0.89	0.885	0.89	0.89	0.835	0.89	0.84	0.89	0.885	0.89	0	0	0.81	0	0	0.49	0.885	0.89	0	0.89	0.89	0.89	0.795	0.825	0.89	0.8	0.885	0.89	0.89	0.88	0	0.615	0.855	0.89	0.7	0	0.83	0.89	0.77	0.875	0.89
Ministeria_vibrans	0	0	0	0	0	0	0	0	0	0	0	0	0	0	0	0	0	0	0	0	0	0	0	0	0	0	0	0	0	0	0	0	0	0	0	0	0	0	0	0	0	0	0	0	0	0	0	0	0	0	0	0	0	0	0		0	0	0	0	0	0	0	0	0	0	0	0	0	0	0	0	0	0	0	0	0	0	0	0	0	0	0	0	0	0	0	0	0	0	0	0	0	0	0	0	0
Mnemiopsis_leidyi	0	0.915	0.915	0.985	0.985	0	0.885	0.985	0.985	0	0.905	0.985	0.98	0.66	0.46	0.985	0.985	0.985	0	0.94	0.95	0	0.985	0.985	0.935	0.975	0.985	0.69	0	0	0.735	0.93	0.975	0.98	0.985	0.985	0.93	0.875	0.975	0.935	0.875	0.94	0.75	0	0.835	0.985	0	0	0.985	0.98	0.95	0	0	0.44	0.89	0		0.98	0.985	0.985	0.93	0.985	0.935	0.985	0.98	0.985	0	0	0.89	0	0	0.49	0.98	0.97	0	0.985	0.985	0.985	0.89	0.92	0.985	0.895	0.98	0.985	0.985	0.975	0	0.71	0.95	0.985	0.7	0	0.91	0.985	0.86	0.97	0.97
Monosiga_brevicollis_mx1	0	0.91	0.91	0.98	0.98	0	0.885	0.98	0.98	0	0.905	0.98	0.98	0.66	0.46	0.98	0.98	0.98	0	0.935	0.945	0	0.98	0.98	0.935	0.975	0.98	0.69	0	0	0.735	0.93	0.97	0.98	0.98	0.98	0.925	0.875	0.97	0.935	0.875	0.935	0.75	0	0.835	0.98	0	0	0.98	0.98	0.945	0	0	0.44	0.885	0	0.98		0.98	0.98	0.93	0.98	0.93	0.98	0.98	0.98	0	0	0.89	0	0	0.485	0.98	0.965	0	0.98	0.98	0.98	0.89	0.92	0.98	0.89	0.98	0.98	0.98	0.97	0	0.705	0.945	0.98	0.695	0	0.905	0.98	0.855	0.97	0.965
Montastraea_faveolata	0	0.915	0.915	1	1	0	0.885	1	1	0	0.91	0.99	0.98	0.675	0.46	1	1	1	0	0.94	0.965	0	0.995	0.985	0.935	0.975	0.995	0.7	0	0	0.735	0.93	0.98	0.99	1	1	0.935	0.89	0.98	0.935	0.89	0.955	0.75	0	0.835	0.985	0	0	0.99	0.995	0.95	0	0	0.44	0.89	0	0.985	0.98		0.99	0.935	1	0.95	1	0.995	0.995	0	0	0.89	0	0	0.49	0.98	0.97	0	0.99	0.995	0.99	0.905	0.92	0.985	0.895	0.985	0.99	0.99	0.99	0	0.72	0.955	0.99	0.7	0	0.91	0.99	0.86	0.97	0.97
Mycale_phyllophila	0	0.915	0.915	0.99	0.99	0	0.885	0.99	0.99	0	0.91	0.99	0.98	0.665	0.46	0.99	0.99	0.99	0	0.94	0.955	0	0.99	0.985	0.935	0.975	0.99	0.695	0	0	0.735	0.93	0.98	0.985	0.99	0.99	0.935	0.88	0.98	0.935	0.88	0.945	0.75	0	0.835	0.985	0	0	0.99	0.985	0.95	0	0	0.44	0.89	0	0.985	0.98	0.99		0.935	0.99	0.94	0.99	0.985	0.99	0	0	0.89	0	0	0.49	0.98	0.97	0	0.99	0.99	0.99	0.895	0.92	0.985	0.895	0.985	0.99	0.99	0.98	0	0.715	0.955	0.99	0.7	0	0.91	0.99	0.86	0.97	0.97
Mylnosiga_fluctuans_19	0	0.86	0.86	0.935	0.935	0	0.835	0.935	0.935	0	0.9	0.935	0.93	0.615	0.46	0.935	0.935	0.935	0	0.885	0.9	0	0.935	0.93	0.885	0.925	0.935	0.695	0	0	0.695	0.9	0.925	0.935	0.935	0.935	0.88	0.88	0.925	0.895	0.84	0.89	0.75	0	0.795	0.93	0	0	0.935	0.935	0.895	0	0	0.44	0.835	0	0.93	0.93	0.935	0.935		0.935	0.885	0.935	0.935	0.935	0	0	0.84	0	0	0.435	0.93	0.915	0	0.935	0.935	0.935	0.87	0.87	0.93	0.84	0.935	0.935	0.935	0.925	0	0.66	0.9	0.935	0.645	0	0.855	0.935	0.805	0.93	0.915
Nanomia_bijuga	0	0.915	0.915	1	1	0	0.885	1	1	0	0.91	0.99	0.98	0.675	0.46	1	1	1	0	0.94	0.965	0	0.995	0.985	0.935	0.975	0.995	0.7	0	0	0.735	0.93	0.98	0.99	1	1	0.935	0.89	0.98	0.935	0.89	0.955	0.75	0	0.835	0.985	0	0	0.99	0.995	0.95	0	0	0.44	0.89	0	0.985	0.98	1	0.99	0.935		0.95	1	0.995	0.995	0	0	0.89	0	0	0.49	0.98	0.97	0	0.99	0.995	0.99	0.905	0.92	0.985	0.895	0.985	0.99	0.99	0.99	0	0.72	0.955	0.99	0.7	0	0.91	0.99	0.86	0.97	0.97
Nematostella_vectensis	0	0.865	0.865	0.95	0.95	0	0.84	0.95	0.95	0	0.86	0.94	0.93	0.625	0.41	0.95	0.95	0.95	0	0.89	0.915	0	0.945	0.935	0.885	0.925	0.945	0.65	0	0	0.69	0.88	0.93	0.94	0.95	0.95	0.89	0.84	0.93	0.885	0.845	0.93	0.7	0	0.785	0.935	0	0	0.94	0.945	0.9	0	0	0.39	0.84	0	0.935	0.93	0.95	0.94	0.885	0.95		0.95	0.945	0.945	0	0	0.845	0	0	0.49	0.93	0.92	0	0.94	0.945	0.94	0.86	0.875	0.935	0.86	0.935	0.94	0.94	0.94	0	0.67	0.905	0.94	0.65	0	0.86	0.94	0.81	0.92	0.92
Oscarella_carmela	0	0.915	0.915	1	1	0	0.885	1	1	0	0.91	0.99	0.98	0.675	0.46	1	1	1	0	0.94	0.965	0	0.995	0.985	0.935	0.975	0.995	0.7	0	0	0.735	0.93	0.98	0.99	1	1	0.935	0.89	0.98	0.935	0.89	0.955	0.75	0	0.835	0.985	0	0	0.99	0.995	0.95	0	0	0.44	0.89	0	0.985	0.98	1	0.99	0.935	1	0.95		0.995	0.995	0	0	0.89	0	0	0.49	0.98	0.97	0	0.99	0.995	0.99	0.905	0.92	0.985	0.895	0.985	0.99	0.99	0.99	0	0.72	0.955	0.99	0.7	0	0.91	0.99	0.86	0.97	0.97
Oscarella_species	0	0.91	0.91	0.995	0.995	0	0.885	0.995	0.995	0	0.91	0.985	0.98	0.675	0.46	0.995	0.995	0.995	0	0.935	0.96	0	0.99	0.98	0.935	0.975	0.99	0.7	0	0	0.735	0.93	0.975	0.99	0.995	0.995	0.93	0.89	0.975	0.935	0.89	0.95	0.75	0	0.835	0.98	0	0	0.985	0.995	0.945	0	0	0.44	0.885	0	0.98	0.98	0.995	0.985	0.935	0.995	0.945	0.995		0.99	0	0	0.89	0	0	0.485	0.98	0.965	0	0.985	0.99	0.985	0.905	0.92	0.98	0.89	0.985	0.985	0.985	0.985	0	0.715	0.95	0.985	0.695	0	0.905	0.985	0.855	0.97	0.965
Pelagia_noctiluca	0	0.915	0.915	0.995	0.995	0	0.885	0.995	0.995	0	0.91	0.99	0.98	0.67	0.46	0.995	0.995	0.995	0	0.94	0.96	0	0.995	0.985	0.935	0.975	0.995	0.7	0	0	0.735	0.93	0.98	0.99	0.995	0.995	0.935	0.885	0.98	0.935	0.885	0.95	0.75	0	0.835	0.985	0	0	0.99	0.99	0.95	0	0	0.44	0.89	0	0.985	0.98	0.995	0.99	0.935	0.995	0.945	0.995	0.99		0	0	0.89	0	0	0.49	0.98	0.97	0	0.99	0.995	0.99	0.9	0.92	0.985	0.895	0.985	0.99	0.99	0.985	0	0.72	0.955	0.99	0.7	0	0.91	0.99	0.86	0.97	0.97
Pennatula_rubra	0	0	0	0	0	0	0	0	0	0	0	0	0	0	0	0	0	0	0	0	0	0	0	0	0	0	0	0	0	0	0	0	0	0	0	0	0	0	0	0	0	0	0	0	0	0	0	0	0	0	0	0	0	0	0	0	0	0	0	0	0	0	0	0	0	0		0	0	0	0	0	0	0	0	0	0	0	0	0	0	0	0	0	0	0	0	0	0	0	0	0	0	0	0	0	0
Periphylla_periphylla	0	0	0	0	0	0	0	0	0	0	0	0	0	0	0	0	0	0	0	0	0	0	0	0	0	0	0	0	0	0	0	0	0	0	0	0	0	0	0	0	0	0	0	0	0	0	0	0	0	0	0	0	0	0	0	0	0	0	0	0	0	0	0	0	0	0	0		0	0	0	0	0	0	0	0	0	0	0	0	0	0	0	0	0	0	0	0	0	0	0	0	0	0	0	0	0
Petrosia_ficiformis	0	0.82	0.825	0.89	0.89	0	0.82	0.89	0.89	0	0.815	0.89	0.89	0.635	0.435	0.89	0.89	0.89	0	0.86	0.855	0	0.89	0.89	0.86	0.89	0.89	0.6	0	0	0.665	0.84	0.88	0.89	0.89	0.89	0.845	0.785	0.88	0.86	0.79	0.85	0.675	0	0.76	0.89	0	0	0.89	0.89	0.87	0	0	0.43	0.81	0	0.89	0.89	0.89	0.89	0.84	0.89	0.845	0.89	0.89	0.89	0	0		0	0	0.42	0.89	0.89	0	0.89	0.89	0.89	0.81	0.835	0.89	0.81	0.89	0.89	0.89	0.88	0	0.68	0.855	0.89	0.62	0	0.83	0.89	0.77	0.88	0.89
Pirum_gemmata	0	0	0	0	0	0	0	0	0	0	0	0	0	0	0	0	0	0	0	0	0	0	0	0	0	0	0	0	0	0	0	0	0	0	0	0	0	0	0	0	0	0	0	0	0	0	0	0	0	0	0	0	0	0	0	0	0	0	0	0	0	0	0	0	0	0	0	0	0		0	0	0	0	0	0	0	0	0	0	0	0	0	0	0	0	0	0	0	0	0	0	0	0	0	0	0
Plakina_jani	0	0	0	0	0	0	0	0	0	0	0	0	0	0	0	0	0	0	0	0	0	0	0	0	0	0	0	0	0	0	0	0	0	0	0	0	0	0	0	0	0	0	0	0	0	0	0	0	0	0	0	0	0	0	0	0	0	0	0	0	0	0	0	0	0	0	0	0	0	0		0	0	0	0	0	0	0	0	0	0	0	0	0	0	0	0	0	0	0	0	0	0	0	0	0	0
Pleraplysilla_spinifera	0	0.49	0.49	0.49	0.49	0	0.415	0.49	0.49	0	0.445	0.49	0.485	0.205	0	0.49	0.49	0.49	0	0.49	0.49	0	0.49	0.49	0.455	0.485	0.49	0.23	0	0	0.335	0.465	0.48	0.485	0.49	0.49	0.445	0.38	0.485	0.455	0.415	0.49	0.37	0	0.475	0.49	0	0	0.49	0.485	0.49	0	0	0.01	0.49	0	0.49	0.485	0.49	0.49	0.435	0.49	0.49	0.49	0.485	0.49	0	0	0.42	0	0		0.485	0.49	0	0.49	0.49	0.49	0.41	0.43	0.49	0.435	0.485	0.49	0.49	0.48	0	0.25	0.49	0.49	0.49	0	0.465	0.49	0.405	0.475	0.49
Pleurobrachia_species	0	0.91	0.91	0.98	0.98	0	0.885	0.98	0.98	0	0.905	0.98	0.98	0.66	0.46	0.98	0.98	0.98	0	0.935	0.945	0	0.98	0.98	0.935	0.975	0.98	0.69	0	0	0.735	0.93	0.97	0.98	0.98	0.98	0.925	0.875	0.97	0.935	0.875	0.935	0.75	0	0.835	0.98	0	0	0.98	0.98	0.945	0	0	0.44	0.885	0	0.98	0.98	0.98	0.98	0.93	0.98	0.93	0.98	0.98	0.98	0	0	0.89	0	0	0.485		0.965	0	0.98	0.98	0.98	0.89	0.92	0.98	0.89	0.98	0.98	0.98	0.97	0	0.705	0.945	0.98	0.695	0	0.905	0.98	0.855	0.97	0.965
Plumapathes_pennacea	0	0.9	0.905	0.97	0.97	0	0.885	0.97	0.97	0	0.89	0.97	0.965	0.645	0.445	0.97	0.97	0.97	0	0.94	0.935	0	0.97	0.97	0.935	0.965	0.97	0.675	0	0	0.735	0.915	0.96	0.965	0.97	0.97	0.915	0.86	0.96	0.935	0.86	0.925	0.75	0	0.835	0.97	0	0	0.97	0.965	0.95	0	0	0.44	0.89	0	0.97	0.965	0.97	0.97	0.915	0.97	0.92	0.97	0.965	0.97	0	0	0.89	0	0	0.49	0.965		0	0.97	0.97	0.97	0.875	0.905	0.97	0.88	0.965	0.97	0.97	0.96	0	0.695	0.935	0.97	0.7	0	0.91	0.97	0.85	0.955	0.97
Porites_australiensis	0	0	0	0	0	0	0	0	0	0	0	0	0	0	0	0	0	0	0	0	0	0	0	0	0	0	0	0	0	0	0	0	0	0	0	0	0	0	0	0	0	0	0	0	0	0	0	0	0	0	0	0	0	0	0	0	0	0	0	0	0	0	0	0	0	0	0	0	0	0	0	0	0	0		0	0	0	0	0	0	0	0	0	0	0	0	0	0	0	0	0	0	0	0	0	0
Rossella_fibulata	0	0.915	0.915	0.99	0.99	0	0.885	0.99	0.99	0	0.91	0.99	0.98	0.665	0.46	0.99	0.99	0.99	0	0.94	0.955	0	0.99	0.985	0.935	0.975	0.99	0.695	0	0	0.735	0.93	0.98	0.985	0.99	0.99	0.935	0.88	0.98	0.935	0.88	0.945	0.75	0	0.835	0.985	0	0	0.99	0.985	0.95	0	0	0.44	0.89	0	0.985	0.98	0.99	0.99	0.935	0.99	0.94	0.99	0.985	0.99	0	0	0.89	0	0	0.49	0.98	0.97	0		0.99	0.99	0.895	0.92	0.985	0.895	0.985	0.99	0.99	0.98	0	0.715	0.955	0.99	0.7	0	0.91	0.99	0.86	0.97	0.97
Saccoglossus_kowalevskii	0	0.915	0.915	0.995	0.995	0	0.885	0.995	0.995	0	0.91	0.99	0.98	0.67	0.46	0.995	0.995	0.995	0	0.94	0.96	0	0.995	0.985	0.935	0.975	0.995	0.7	0	0	0.735	0.93	0.98	0.99	0.995	0.995	0.935	0.885	0.98	0.935	0.885	0.95	0.75	0	0.835	0.985	0	0	0.99	0.99	0.95	0	0	0.44	0.89	0	0.985	0.98	0.995	0.99	0.935	0.995	0.945	0.995	0.99	0.995	0	0	0.89	0	0	0.49	0.98	0.97	0	0.99		0.99	0.9	0.92	0.985	0.895	0.985	0.99	0.99	0.985	0	0.72	0.955	0.99	0.7	0	0.91	0.99	0.86	0.97	0.97
Salpingoeca_dolichothecata_16	0	0.915	0.915	0.99	0.99	0	0.885	0.99	0.99	0	0.91	0.99	0.98	0.665	0.46	0.99	0.99	0.99	0	0.94	0.955	0	0.99	0.985	0.935	0.975	0.99	0.695	0	0	0.735	0.93	0.98	0.985	0.99	0.99	0.935	0.88	0.98	0.935	0.88	0.945	0.75	0	0.835	0.985	0	0	0.99	0.985	0.95	0	0	0.44	0.89	0	0.985	0.98	0.99	0.99	0.935	0.99	0.94	0.99	0.985	0.99	0	0	0.89	0	0	0.49	0.98	0.97	0	0.99	0.99		0.895	0.92	0.985	0.895	0.985	0.99	0.99	0.98	0	0.715	0.955	0.99	0.7	0	0.91	0.99	0.86	0.97	0.97
Salpingoeca_helianthica_18	0	0.82	0.82	0.905	0.905	0	0.855	0.905	0.905	0	0.845	0.895	0.89	0.615	0.445	0.905	0.905	0.905	0	0.845	0.87	0	0.9	0.89	0.87	0.885	0.9	0.635	0	0	0.71	0.86	0.89	0.9	0.905	0.905	0.895	0.825	0.885	0.875	0.865	0.87	0.685	0	0.755	0.89	0	0	0.895	0.905	0.855	0	0	0.415	0.795	0	0.89	0.89	0.905	0.895	0.87	0.905	0.86	0.905	0.905	0.9	0	0	0.81	0	0	0.41	0.89	0.875	0	0.895	0.9	0.895		0.885	0.89	0.865	0.895	0.895	0.895	0.895	0	0.625	0.86	0.895	0.605	0	0.815	0.895	0.765	0.89	0.875
Salpingoeca_infusionum_12	0	0.85	0.85	0.92	0.92	0	0.885	0.92	0.92	0	0.845	0.92	0.92	0.635	0.455	0.92	0.92	0.92	0	0.875	0.885	0	0.92	0.92	0.905	0.915	0.92	0.63	0	0	0.735	0.87	0.92	0.92	0.92	0.92	0.915	0.815	0.91	0.895	0.875	0.875	0.69	0	0.775	0.92	0	0	0.92	0.92	0.885	0	0	0.425	0.825	0	0.92	0.92	0.92	0.92	0.87	0.92	0.875	0.92	0.92	0.92	0	0	0.835	0	0	0.43	0.92	0.905	0	0.92	0.92	0.92	0.885		0.92	0.89	0.92	0.92	0.92	0.91	0	0.645	0.885	0.92	0.635	0	0.845	0.92	0.795	0.91	0.905
Salpingoeca_macrocollata_06	0	0.915	0.915	0.985	0.985	0	0.885	0.985	0.985	0	0.905	0.985	0.98	0.66	0.46	0.985	0.985	0.985	0	0.94	0.95	0	0.985	0.985	0.935	0.975	0.985	0.69	0	0	0.735	0.93	0.975	0.98	0.985	0.985	0.93	0.875	0.975	0.935	0.875	0.94	0.75	0	0.835	0.985	0	0	0.985	0.98	0.95	0	0	0.44	0.89	0	0.985	0.98	0.985	0.985	0.93	0.985	0.935	0.985	0.98	0.985	0	0	0.89	0	0	0.49	0.98	0.97	0	0.985	0.985	0.985	0.89	0.92		0.895	0.98	0.985	0.985	0.975	0	0.71	0.95	0.985	0.7	0	0.91	0.985	0.86	0.97	0.97
Salpingoeca_punica_03	0	0.825	0.825	0.895	0.895	0	0.86	0.895	0.895	0	0.815	0.895	0.89	0.605	0.425	0.895	0.895	0.895	0	0.85	0.86	0	0.895	0.895	0.875	0.885	0.895	0.6	0	0	0.705	0.84	0.895	0.89	0.895	0.895	0.895	0.785	0.885	0.865	0.845	0.88	0.66	0	0.745	0.895	0	0	0.895	0.89	0.86	0	0	0.395	0.8	0	0.895	0.89	0.895	0.895	0.84	0.895	0.86	0.895	0.89	0.895	0	0	0.81	0	0	0.435	0.89	0.88	0	0.895	0.895	0.895	0.865	0.89	0.895		0.89	0.895	0.895	0.885	0	0.62	0.86	0.895	0.61	0	0.82	0.895	0.77	0.88	0.88
Salpingoeca_qvevrii_09	0	0.91	0.91	0.985	0.985	0	0.885	0.985	0.985	0	0.91	0.985	0.98	0.665	0.46	0.985	0.985	0.985	0	0.935	0.95	0	0.985	0.98	0.935	0.975	0.985	0.695	0	0	0.735	0.93	0.975	0.985	0.985	0.985	0.93	0.88	0.975	0.935	0.88	0.94	0.75	0	0.835	0.98	0	0	0.985	0.985	0.945	0	0	0.44	0.885	0	0.98	0.98	0.985	0.985	0.935	0.985	0.935	0.985	0.985	0.985	0	0	0.89	0	0	0.485	0.98	0.965	0	0.985	0.985	0.985	0.895	0.92	0.98	0.89		0.985	0.985	0.975	0	0.71	0.95	0.985	0.695	0	0.905	0.985	0.855	0.97	0.965
Salpingoeca_roanoka_13	0	0.915	0.915	0.99	0.99	0	0.885	0.99	0.99	0	0.91	0.99	0.98	0.665	0.46	0.99	0.99	0.99	0	0.94	0.955	0	0.99	0.985	0.935	0.975	0.99	0.695	0	0	0.735	0.93	0.98	0.985	0.99	0.99	0.935	0.88	0.98	0.935	0.88	0.945	0.75	0	0.835	0.985	0	0	0.99	0.985	0.95	0	0	0.44	0.89	0	0.985	0.98	0.99	0.99	0.935	0.99	0.94	0.99	0.985	0.99	0	0	0.89	0	0	0.49	0.98	0.97	0	0.99	0.99	0.99	0.895	0.92	0.985	0.895	0.985		0.99	0.98	0	0.715	0.955	0.99	0.7	0	0.91	0.99	0.86	0.97	0.97
Salpingoeca_rosetta	0	0.915	0.915	0.99	0.99	0	0.885	0.99	0.99	0	0.91	0.99	0.98	0.665	0.46	0.99	0.99	0.99	0	0.94	0.955	0	0.99	0.985	0.935	0.975	0.99	0.695	0	0	0.735	0.93	0.98	0.985	0.99	0.99	0.935	0.88	0.98	0.935	0.88	0.945	0.75	0	0.835	0.985	0	0	0.99	0.985	0.95	0	0	0.44	0.89	0	0.985	0.98	0.99	0.99	0.935	0.99	0.94	0.99	0.985	0.99	0	0	0.89	0	0	0.49	0.98	0.97	0	0.99	0.99	0.99	0.895	0.92	0.985	0.895	0.985	0.99		0.98	0	0.715	0.955	0.99	0.7	0	0.91	0.99	0.86	0.97	0.97
Salpingoeca_urceolata_04	0	0.905	0.905	0.99	0.99	0	0.875	0.99	0.99	0	0.9	0.98	0.97	0.665	0.46	0.99	0.99	0.99	0	0.93	0.955	0	0.985	0.975	0.925	0.965	0.985	0.7	0	0	0.735	0.92	0.97	0.98	0.99	0.99	0.925	0.89	0.97	0.925	0.88	0.945	0.75	0	0.825	0.975	0	0	0.98	0.985	0.94	0	0	0.44	0.88	0	0.975	0.97	0.99	0.98	0.925	0.99	0.94	0.99	0.985	0.985	0	0	0.88	0	0	0.48	0.97	0.96	0	0.98	0.985	0.98	0.895	0.91	0.975	0.885	0.975	0.98	0.98		0	0.71	0.945	0.98	0.69	0	0.9	0.98	0.85	0.96	0.96
Sphaeroforma_arctica_JP610	0	0	0	0	0	0	0	0	0	0	0	0	0	0	0	0	0	0	0	0	0	0	0	0	0	0	0	0	0	0	0	0	0	0	0	0	0	0	0	0	0	0	0	0	0	0	0	0	0	0	0	0	0	0	0	0	0	0	0	0	0	0	0	0	0	0	0	0	0	0	0	0	0	0	0	0	0	0	0	0	0	0	0	0	0	0		0	0	0	0	0	0	0	0	0	0
Spongilla_lacustris	0	0.64	0.64	0.72	0.72	0	0.61	0.72	0.72	0	0.635	0.715	0.705	0.625	0.46	0.72	0.72	0.72	0	0.665	0.72	0	0.72	0.71	0.66	0.7	0.72	0.575	0	0	0.525	0.655	0.705	0.715	0.72	0.72	0.66	0.61	0.71	0.66	0.615	0.675	0.475	0	0.56	0.71	0	0	0.715	0.715	0.675	0	0	0.44	0.615	0	0.71	0.705	0.72	0.715	0.66	0.72	0.67	0.72	0.715	0.72	0	0	0.68	0	0	0.25	0.705	0.695	0	0.715	0.72	0.715	0.625	0.645	0.71	0.62	0.71	0.715	0.715	0.71	0		0.68	0.715	0.425	0	0.695	0.715	0.685	0.695	0.695
Stephanoeca_diplocostata_AUFR	0	0.915	0.915	0.955	0.955	0	0.85	0.955	0.955	0	0.875	0.955	0.945	0.63	0.425	0.955	0.955	0.955	0	0.905	0.92	0	0.955	0.95	0.9	0.94	0.955	0.66	0	0	0.7	0.925	0.945	0.95	0.955	0.955	0.9	0.845	0.945	0.9	0.87	0.91	0.715	0	0.8	0.95	0	0	0.955	0.95	0.915	0	0	0.405	0.855	0	0.95	0.945	0.955	0.955	0.9	0.955	0.905	0.955	0.95	0.955	0	0	0.855	0	0	0.49	0.945	0.935	0	0.955	0.955	0.955	0.86	0.885	0.95	0.86	0.95	0.955	0.955	0.945	0	0.68		0.955	0.69	0	0.875	0.955	0.835	0.935	0.935
Stomolophus_meleagris	0	0.915	0.915	0.99	0.99	0	0.885	0.99	0.99	0	0.91	0.99	0.98	0.665	0.46	0.99	0.99	0.99	0	0.94	0.955	0	0.99	0.985	0.935	0.975	0.99	0.695	0	0	0.735	0.93	0.98	0.985	0.99	0.99	0.935	0.88	0.98	0.935	0.88	0.945	0.75	0	0.835	0.985	0	0	0.99	0.985	0.95	0	0	0.44	0.89	0	0.985	0.98	0.99	0.99	0.935	0.99	0.94	0.99	0.985	0.99	0	0	0.89	0	0	0.49	0.98	0.97	0	0.99	0.99	0.99	0.895	0.92	0.985	0.895	0.985	0.99	0.99	0.98	0	0.715	0.955		0.7	0	0.91	0.99	0.86	0.97	0.97
Strongylocentrotus_purpuratus	0	0.68	0.685	0.7	0.7	0	0.615	0.7	0.7	0	0.655	0.7	0.695	0.38	0.175	0.7	0.7	0.7	0	0.7	0.665	0	0.7	0.7	0.665	0.695	0.7	0.405	0	0	0.535	0.67	0.69	0.695	0.7	0.7	0.645	0.59	0.69	0.665	0.62	0.655	0.58	0	0.685	0.7	0	0	0.7	0.695	0.7	0	0	0.185	0.7	0	0.7	0.695	0.7	0.7	0.645	0.7	0.65	0.7	0.695	0.7	0	0	0.62	0	0	0.49	0.695	0.7	0	0.7	0.7	0.7	0.605	0.635	0.7	0.61	0.695	0.7	0.7	0.69	0	0.425	0.69	0.7		0	0.64	0.7	0.58	0.685	0.7
Sycon_ciliatum	0	0	0	0	0	0	0	0	0	0	0	0	0	0	0	0	0	0	0	0	0	0	0	0	0	0	0	0	0	0	0	0	0	0	0	0	0	0	0	0	0	0	0	0	0	0	0	0	0	0	0	0	0	0	0	0	0	0	0	0	0	0	0	0	0	0	0	0	0	0	0	0	0	0	0	0	0	0	0	0	0	0	0	0	0	0	0	0	0	0	0		0	0	0	0	0
Sycon_coactum	0	0.84	0.845	0.91	0.91	0	0.825	0.91	0.91	0	0.83	0.91	0.905	0.645	0.445	0.91	0.91	0.91	0	0.88	0.91	0	0.91	0.91	0.875	0.905	0.91	0.67	0	0	0.68	0.855	0.9	0.905	0.91	0.91	0.855	0.8	0.9	0.875	0.8	0.865	0.69	0	0.775	0.91	0	0	0.91	0.905	0.89	0	0	0.44	0.83	0	0.91	0.905	0.91	0.91	0.855	0.91	0.86	0.91	0.905	0.91	0	0	0.83	0	0	0.465	0.905	0.91	0	0.91	0.91	0.91	0.815	0.845	0.91	0.82	0.905	0.91	0.91	0.9	0	0.695	0.875	0.91	0.64	0		0.91	0.81	0.895	0.91
Sympagella_nux	0	0.915	0.915	0.99	0.99	0	0.885	0.99	0.99	0	0.91	0.99	0.98	0.665	0.46	0.99	0.99	0.99	0	0.94	0.955	0	0.99	0.985	0.935	0.975	0.99	0.695	0	0	0.735	0.93	0.98	0.985	0.99	0.99	0.935	0.88	0.98	0.935	0.88	0.945	0.75	0	0.835	0.985	0	0	0.99	0.985	0.95	0	0	0.44	0.89	0	0.985	0.98	0.99	0.99	0.935	0.99	0.94	0.99	0.985	0.99	0	0	0.89	0	0	0.49	0.98	0.97	0	0.99	0.99	0.99	0.895	0.92	0.985	0.895	0.985	0.99	0.99	0.98	0	0.715	0.955	0.99	0.7	0	0.91		0.86	0.97	0.97
Tribolium_castaneum	0	0.805	0.81	0.86	0.86	0	0.765	0.86	0.86	0	0.78	0.86	0.855	0.605	0.44	0.86	0.86	0.86	0	0.82	0.845	0	0.86	0.86	0.815	0.855	0.86	0.67	0	0	0.685	0.81	0.85	0.855	0.86	0.86	0.805	0.75	0.855	0.815	0.755	0.815	0.635	0	0.715	0.86	0	0	0.86	0.855	0.83	0	0	0.425	0.77	0	0.86	0.855	0.86	0.86	0.805	0.86	0.81	0.86	0.855	0.86	0	0	0.77	0	0	0.405	0.855	0.85	0	0.86	0.86	0.86	0.765	0.795	0.86	0.77	0.855	0.86	0.86	0.85	0	0.685	0.835	0.86	0.58	0	0.81	0.86		0.845	0.85
Trichoplax_adhaerens	0	0.9	0.9	0.97	0.97	0	0.875	0.97	0.97	0	0.905	0.97	0.97	0.65	0.46	0.97	0.97	0.97	0	0.925	0.935	0	0.97	0.97	0.925	0.965	0.97	0.69	0	0	0.735	0.93	0.96	0.97	0.97	0.97	0.915	0.875	0.96	0.935	0.875	0.925	0.75	0	0.835	0.97	0	0	0.97	0.97	0.935	0	0	0.44	0.875	0	0.97	0.97	0.97	0.97	0.93	0.97	0.92	0.97	0.97	0.97	0	0	0.88	0	0	0.475	0.97	0.955	0	0.97	0.97	0.97	0.89	0.91	0.97	0.88	0.97	0.97	0.97	0.96	0	0.695	0.935	0.97	0.685	0	0.895	0.97	0.845		0.955
Vallicula_multiformis	0	0.9	0.905	0.97	0.97	0	0.885	0.97	0.97	0	0.89	0.97	0.965	0.645	0.445	0.97	0.97	0.97	0	0.94	0.935	0	0.97	0.97	0.935	0.965	0.97	0.675	0	0	0.735	0.915	0.96	0.965	0.97	0.97	0.915	0.86	0.96	0.935	0.86	0.925	0.75	0	0.835	0.97	0	0	0.97	0.965	0.95	0	0	0.44	0.89	0	0.97	0.965	0.97	0.97	0.915	0.97	0.92	0.97	0.965	0.97	0	0	0.89	0	0	0.49	0.965	0.97	0	0.97	0.97	0.97	0.875	0.905	0.97	0.88	0.965	0.97	0.97	0.96	0	0.695	0.935	0.97	0.7	0	0.91	0.97	0.85	0.955	
