	Abeoforma_whisleri	Acanthoeca_sp_10tr	Acanthoeca_spectabilis_VA_02	Aiptasia_pallida	Alatina_alata	Amoebidium_parasiticum_JAP72	Amphimedon_queenslandica	Antipathes_caribbeana	Aphrocallistes_vastus	Aplysia_californica	Atolla_vanhoeffeni	Aurelia_aurita	Beroe_abyssicola	Beroe_sp	Bolinopsis_infundibulum	Bolocera_tuedia	Branchiostoma_floridae	Capitella_teleta	Capsaspora_owczarzaki_atcc30864	Cestum_veneris	Choanoeca_perplexa_11	Chondrilla_nucula	Clathrina_coriacea	Clytia_hemisphaerica	Codosiga_hollandica_17	Coeloplana_species	Corticium_candelabrum	Craspedacusta_sowerbyi	Crassostrea_gigas	Creolimax_fragrantissima	Daphnia_pulex	Diaphanoeca_grandis_RI_01	Didymoeca_costata_10	Dryodora_glandiformis	Edwardsiella_lineata	Ephydatia_muelleri	Euplectella_aspergillum	Euplokamis_dunlapae	Gorgonia_ventalina	Grantia_compressa	Helobdella_robusta	Homo_sapiens	Hormiphora_californensis	Hyalonema_populiferum	Hydra_magnipapillata	Hydractinia_polyclina	Ircinia_fasciculata	Ixodes_scapularis	Kirkpatrickia_variolosa	Lampea_pancerina	Latrunculia_apicalis	Leuconia_nivea	Leucosolenia_complicata	Liriope_tetraphylla	Lucernariopsis_campanulata	Ministeria_vibrans	Mnemiopsis_leidyi	Monosiga_brevicollis_mx1	Montastraea_faveolata	Mycale_phyllophila	Mylnosiga_fluctuans_19	Nanomia_bijuga	Nematostella_vectensis	Oscarella_carmela	Oscarella_species	Pelagia_noctiluca	Pennatula_rubra	Periphylla_periphylla	Petrosia_ficiformis	Pirum_gemmata	Plakina_jani	Pleraplysilla_spinifera	Pleurobrachia_species	Plumapathes_pennacea	Porites_australiensis	Rossella_fibulata	Saccoglossus_kowalevskii	Salpingoeca_dolichothecata_16	Salpingoeca_helianthica_18	Salpingoeca_infusionum_12	Salpingoeca_macrocollata_06	Salpingoeca_punica_03	Salpingoeca_qvevrii_09	Salpingoeca_roanoka_13	Salpingoeca_rosetta	Salpingoeca_urceolata_04	Sphaeroforma_arctica_JP610	Spongilla_lacustris	Stephanoeca_diplocostata_AUFR	Stomolophus_meleagris	Strongylocentrotus_purpuratus	Sycon_ciliatum	Sycon_coactum	Sympagella_nux	Tribolium_castaneum	Trichoplax_adhaerens	Vallicula_multiformis
Abeoforma_whisleri		0	0	0	0.2	0.08	0.2	0.2	0.2	0.024	0	0.016	0.064	0.08	0.088	0.184	0.2	0.152	0.008	0.088	0.016	0.2	0.2	0	0	0.048	0.2	0.2	0	0.2	0.016	0	0.032	0.032	0	0.072	0.032	0.04	0	0.2	0.168	0	0.2	0.2	0.016	0	0.2	0.072	0.2	0.08	0.2	0.2	0.2	0.2	0.2	0.2	0.08	0.016	0	0.2	0.056	0.024	0	0.008	0.016	0.2	0.2	0	0.2	0.2	0.2	0.2	0	0	0	0.184	0	0	0	0.08	0.048	0.016	0	0.096	0.04	0	0.144	0.096	0	0.024	0.024	0.2	0.2	0.064	0	0	0.016
Acanthoeca_sp_10tr	0		0.008	0	0.008	0	0.008	0.008	0.008	0	0	0	0	0	0	0	0.008	0	0	0.008	0.008	0.008	0.008	0	0.008	0	0.008	0.008	0	0.008	0	0.008	0.008	0	0	0.008	0	0.008	0	0.008	0.008	0	0.008	0.008	0	0	0.008	0.008	0.008	0	0.008	0.008	0.008	0.008	0.008	0.008	0	0	0	0.008	0	0.008	0	0	0.008	0.008	0.008	0	0.008	0.008	0.008	0.008	0	0	0	0	0	0	0.008	0	0.008	0.008	0	0	0	0.008	0	0.008	0.008	0	0	0.008	0.008	0	0	0	0
Acanthoeca_spectabilis_VA_02	0	0.008		0	0.008	0	0.008	0.008	0.008	0	0	0	0	0	0	0	0.008	0	0	0.008	0.008	0.008	0.008	0	0.008	0	0.008	0.008	0	0.008	0	0.008	0.008	0	0	0.008	0	0.008	0	0.008	0.008	0	0.008	0.008	0	0	0.008	0.008	0.008	0	0.008	0.008	0.008	0.008	0.008	0.008	0	0	0	0.008	0	0.008	0	0	0.008	0.008	0.008	0	0.008	0.008	0.008	0.008	0	0	0	0	0	0	0.008	0	0.008	0.008	0	0	0	0.008	0	0.008	0.008	0	0	0.008	0.008	0	0	0	0
Aiptasia_pallida	0	0	0		0	0	0	0	0	0	0	0	0	0	0	0	0	0	0	0	0	0	0	0	0	0	0	0	0	0	0	0	0	0	0	0	0	0	0	0	0	0	0	0	0	0	0	0	0	0	0	0	0	0	0	0	0	0	0	0	0	0	0	0	0	0	0	0	0	0	0	0	0	0	0	0	0	0	0	0	0	0	0	0	0	0	0	0	0	0	0	0	0	0	0	0	0
Alatina_alata	0.2	0.008	0.008	0		0.096	1	1	1	0.04	0	0.032	0.088	0.16	0.28	0.608	1	0.192	0.008	0.408	0.112	1	1	0	0.04	0.088	1	1	0.032	1	0.016	0.04	0.04	0.08	0.072	0.536	0.032	0.216	0	1	0.4	0	1	1	0.024	0	1	0.792	1	0.104	1	1	1	1	1	1	0.144	0.096	0	1	0.136	0.048	0	0.168	0.336	1	1	0	1	1	1	1	0	0.008	0	0.632	0.016	0.008	0.008	0.08	0.144	0.056	0	0.136	0.096	0.016	0.192	0.536	0.008	0.064	0.04	1	1	0.064	0	0	0.016
Amoebidium_parasiticum_JAP72	0.08	0	0	0	0.096		0.096	0.096	0.096	0.04	0	0	0.064	0.064	0.056	0.096	0.096	0.064	0.008	0.056	0	0.096	0.096	0	0	0.048	0.096	0.096	0	0.096	0	0	0	0	0	0.072	0	0.04	0	0.096	0.096	0	0.096	0.096	0	0	0.096	0.048	0.096	0.064	0.096	0.096	0.096	0.096	0.096	0.096	0.064	0	0	0.096	0.04	0.04	0	0	0	0.096	0.096	0	0.096	0.096	0.096	0.096	0	0	0	0.096	0	0	0	0.08	0.032	0	0	0.096	0.04	0	0.096	0.096	0	0.04	0.04	0.096	0.096	0	0	0	0
Amphimedon_queenslandica	0.2	0.008	0.008	0	1	0.096		1	1	0.04	0	0.032	0.088	0.16	0.28	0.608	1	0.192	0.008	0.408	0.112	1	1	0	0.04	0.088	1	1	0.032	1	0.016	0.04	0.04	0.08	0.072	0.536	0.032	0.216	0	1	0.4	0	1	1	0.024	0	1	0.792	1	0.104	1	1	1	1	1	1	0.144	0.096	0	1	0.136	0.048	0	0.168	0.336	1	1	0	1	1	1	1	0	0.008	0	0.632	0.016	0.008	0.008	0.08	0.144	0.056	0	0.136	0.096	0.016	0.192	0.536	0.008	0.064	0.04	1	1	0.064	0	0	0.016
Antipathes_caribbeana	0.2	0.008	0.008	0	1	0.096	1		1	0.04	0	0.032	0.088	0.16	0.28	0.608	1	0.192	0.008	0.408	0.112	1	1	0	0.04	0.088	1	1	0.032	1	0.016	0.04	0.04	0.08	0.072	0.536	0.032	0.216	0	1	0.4	0	1	1	0.024	0	1	0.792	1	0.104	1	1	1	1	1	1	0.144	0.096	0	1	0.136	0.048	0	0.168	0.336	1	1	0	1	1	1	1	0	0.008	0	0.632	0.016	0.008	0.008	0.08	0.144	0.056	0	0.136	0.096	0.016	0.192	0.536	0.008	0.064	0.04	1	1	0.064	0	0	0.016
Aphrocallistes_vastus	0.2	0.008	0.008	0	1	0.096	1	1		0.04	0	0.032	0.088	0.16	0.28	0.608	1	0.192	0.008	0.408	0.112	1	1	0	0.04	0.088	1	1	0.032	1	0.016	0.04	0.04	0.08	0.072	0.536	0.032	0.216	0	1	0.4	0	1	1	0.024	0	1	0.792	1	0.104	1	1	1	1	1	1	0.144	0.096	0	1	0.136	0.048	0	0.168	0.336	1	1	0	1	1	1	1	0	0.008	0	0.632	0.016	0.008	0.008	0.08	0.144	0.056	0	0.136	0.096	0.016	0.192	0.536	0.008	0.064	0.04	1	1	0.064	0	0	0.016
Aplysia_californica	0.024	0	0	0	0.04	0.04	0.04	0.04	0.04		0	0	0.008	0.008	0	0.04	0.04	0.008	0	0	0	0.04	0.04	0	0	0.04	0.04	0.04	0	0.04	0	0	0	0	0	0.04	0	0.04	0	0.04	0.04	0	0.04	0.04	0	0	0.04	0.04	0.04	0.008	0.04	0.04	0.04	0.04	0.04	0.04	0.008	0	0	0.04	0.008	0.04	0	0	0	0.04	0.04	0	0.04	0.04	0.04	0.04	0	0	0	0.04	0	0	0	0.024	0	0	0	0.04	0.04	0	0.04	0.04	0	0.04	0.04	0.04	0.04	0	0	0	0
Atolla_vanhoeffeni	0	0	0	0	0	0	0	0	0	0		0	0	0	0	0	0	0	0	0	0	0	0	0	0	0	0	0	0	0	0	0	0	0	0	0	0	0	0	0	0	0	0	0	0	0	0	0	0	0	0	0	0	0	0	0	0	0	0	0	0	0	0	0	0	0	0	0	0	0	0	0	0	0	0	0	0	0	0	0	0	0	0	0	0	0	0	0	0	0	0	0	0	0	0	0	0
Aurelia_aurita	0.016	0	0	0	0.032	0	0.032	0.032	0.032	0	0		0	0.032	0.032	0	0.032	0	0	0.032	0.032	0.032	0.032	0	0	0	0.032	0.032	0	0.032	0.016	0	0.008	0.032	0	0.032	0	0	0	0.032	0	0	0.032	0.032	0.024	0	0.032	0	0.032	0	0.032	0.032	0.032	0.032	0.032	0.032	0.032	0.016	0	0.032	0.032	0	0	0.008	0	0.032	0.032	0	0.032	0.032	0.032	0.032	0	0	0	0	0	0	0	0	0.032	0.032	0	0	0	0	0.032	0.032	0	0	0	0.032	0.032	0	0	0	0
Beroe_abyssicola	0.064	0	0	0	0.088	0.064	0.088	0.088	0.088	0.008	0	0		0.064	0.08	0.088	0.088	0.064	0.008	0.08	0	0.088	0.088	0	0	0.04	0.088	0.088	0	0.088	0	0	0	0.024	0	0.04	0	0.032	0	0.088	0.064	0	0.088	0.088	0	0	0.088	0.04	0.088	0.088	0.088	0.088	0.088	0.088	0.088	0.088	0.064	0	0	0.088	0.04	0.008	0	0.024	0.024	0.088	0.088	0	0.088	0.088	0.088	0.088	0	0	0	0.088	0	0	0	0.064	0.032	0	0	0.088	0.032	0	0.072	0.064	0	0.008	0.008	0.088	0.088	0	0	0	0
Beroe_sp	0.08	0	0	0	0.16	0.064	0.16	0.16	0.16	0.008	0	0.032	0.064		0.096	0.064	0.16	0.064	0.008	0.152	0.096	0.16	0.16	0	0	0.016	0.16	0.16	0	0.16	0.016	0	0.008	0.04	0	0.136	0	0.008	0	0.16	0.064	0	0.16	0.16	0.024	0	0.16	0.016	0.16	0.064	0.16	0.16	0.16	0.16	0.16	0.16	0.144	0.016	0	0.16	0.136	0.008	0	0.008	0	0.16	0.16	0	0.16	0.16	0.16	0.16	0	0	0	0.064	0	0	0	0.064	0.128	0.04	0	0.064	0.008	0	0.104	0.16	0	0.008	0.008	0.16	0.16	0	0	0	0
Bolinopsis_infundibulum	0.088	0	0	0	0.28	0.056	0.28	0.28	0.28	0	0	0.032	0.08	0.096		0.24	0.28	0.056	0.008	0.28	0.04	0.28	0.28	0	0.032	0.048	0.28	0.28	0.032	0.28	0.016	0.032	0.008	0.08	0.072	0.096	0	0.056	0	0.28	0.056	0	0.28	0.28	0.024	0	0.28	0.192	0.28	0.096	0.28	0.28	0.28	0.28	0.28	0.28	0.096	0.096	0	0.28	0.072	0	0	0.16	0.184	0.28	0.28	0	0.28	0.28	0.28	0.28	0	0.008	0	0.24	0.016	0.008	0	0.056	0.072	0.04	0	0.096	0.056	0	0.12	0.096	0	0.024	0	0.28	0.28	0	0	0	0.016
Bolocera_tuedia	0.184	0	0	0	0.608	0.096	0.608	0.608	0.608	0.04	0	0	0.088	0.064	0.24		0.608	0.192	0.008	0.296	0	0.608	0.608	0	0.032	0.088	0.608	0.608	0.032	0.608	0	0.032	0.024	0.04	0.072	0.144	0.032	0.144	0	0.608	0.304	0	0.608	0.608	0	0	0.608	0.496	0.608	0.104	0.608	0.608	0.608	0.608	0.608	0.608	0.064	0.08	0	0.608	0.04	0.04	0	0.16	0.328	0.608	0.608	0	0.608	0.608	0.608	0.608	0	0.008	0	0.608	0.016	0.008	0	0.08	0.032	0	0	0.136	0.096	0.008	0.152	0.144	0	0.064	0.04	0.608	0.608	0.064	0	0	0.016
Branchiostoma_floridae	0.2	0.008	0.008	0	1	0.096	1	1	1	0.04	0	0.032	0.088	0.16	0.28	0.608		0.192	0.008	0.408	0.112	1	1	0	0.04	0.088	1	1	0.032	1	0.016	0.04	0.04	0.08	0.072	0.536	0.032	0.216	0	1	0.4	0	1	1	0.024	0	1	0.792	1	0.104	1	1	1	1	1	1	0.144	0.096	0	1	0.136	0.048	0	0.168	0.336	1	1	0	1	1	1	1	0	0.008	0	0.632	0.016	0.008	0.008	0.08	0.144	0.056	0	0.136	0.096	0.016	0.192	0.536	0.008	0.064	0.04	1	1	0.064	0	0	0.016
Capitella_teleta	0.152	0	0	0	0.192	0.064	0.192	0.192	0.192	0.008	0	0	0.064	0.064	0.056	0.192	0.192		0.008	0.056	0	0.192	0.192	0	0	0.016	0.192	0.192	0	0.192	0	0	0.024	0	0	0.04	0.032	0.008	0	0.192	0.192	0	0.192	0.192	0	0	0.192	0.08	0.192	0.064	0.192	0.192	0.192	0.192	0.192	0.192	0.064	0	0	0.192	0.04	0.008	0	0.008	0	0.192	0.192	0	0.192	0.192	0.192	0.192	0	0	0	0.192	0	0	0	0.064	0.032	0	0	0.064	0.008	0.008	0.096	0.064	0	0.008	0.008	0.192	0.192	0.064	0	0	0
Capsaspora_owczarzaki_atcc30864	0.008	0	0	0	0.008	0.008	0.008	0.008	0.008	0	0	0	0.008	0.008	0.008	0.008	0.008	0.008		0.008	0	0.008	0.008	0	0	0.008	0.008	0.008	0	0.008	0	0	0	0	0	0.008	0	0	0	0.008	0.008	0	0.008	0.008	0	0	0.008	0.008	0.008	0.008	0.008	0.008	0.008	0.008	0.008	0.008	0.008	0	0	0.008	0.008	0	0	0	0	0.008	0.008	0	0.008	0.008	0.008	0.008	0	0	0	0.008	0	0	0	0.008	0.008	0	0	0.008	0	0	0.008	0.008	0	0	0	0.008	0.008	0	0	0	0
Cestum_veneris	0.088	0.008	0.008	0	0.408	0.056	0.408	0.408	0.408	0	0	0.032	0.08	0.152	0.28	0.296	0.408	0.056	0.008		0.112	0.408	0.408	0	0.04	0.048	0.408	0.408	0.032	0.408	0.016	0.04	0.016	0.08	0.072	0.168	0	0.064	0	0.408	0.072	0	0.408	0.408	0.024	0	0.408	0.264	0.408	0.096	0.408	0.408	0.408	0.408	0.408	0.408	0.136	0.096	0	0.408	0.128	0.008	0	0.16	0.248	0.408	0.408	0	0.408	0.408	0.408	0.408	0	0.008	0	0.296	0.016	0.008	0.008	0.056	0.144	0.056	0	0.096	0.056	0.008	0.12	0.168	0.008	0.024	0	0.408	0.408	0	0	0	0.016
Choanoeca_perplexa_11	0.016	0.008	0.008	0	0.112	0	0.112	0.112	0.112	0	0	0.032	0	0.096	0.04	0	0.112	0	0	0.112		0.112	0.112	0	0.008	0	0.112	0.112	0	0.112	0.016	0.008	0.016	0.04	0	0.112	0	0.008	0	0.112	0.016	0	0.112	0.112	0.024	0	0.112	0.016	0.112	0	0.112	0.112	0.112	0.112	0.112	0.112	0.08	0.016	0	0.112	0.096	0.008	0	0.008	0.008	0.112	0.112	0	0.112	0.112	0.112	0.112	0	0	0	0	0	0	0.008	0	0.112	0.056	0	0	0	0.008	0.04	0.112	0.008	0	0	0.112	0.112	0	0	0	0
Chondrilla_nucula	0.2	0.008	0.008	0	1	0.096	1	1	1	0.04	0	0.032	0.088	0.16	0.28	0.608	1	0.192	0.008	0.408	0.112		1	0	0.04	0.088	1	1	0.032	1	0.016	0.04	0.04	0.08	0.072	0.536	0.032	0.216	0	1	0.4	0	1	1	0.024	0	1	0.792	1	0.104	1	1	1	1	1	1	0.144	0.096	0	1	0.136	0.048	0	0.168	0.336	1	1	0	1	1	1	1	0	0.008	0	0.632	0.016	0.008	0.008	0.08	0.144	0.056	0	0.136	0.096	0.016	0.192	0.536	0.008	0.064	0.04	1	1	0.064	0	0	0.016
Clathrina_coriacea	0.2	0.008	0.008	0	1	0.096	1	1	1	0.04	0	0.032	0.088	0.16	0.28	0.608	1	0.192	0.008	0.408	0.112	1		0	0.04	0.088	1	1	0.032	1	0.016	0.04	0.04	0.08	0.072	0.536	0.032	0.216	0	1	0.4	0	1	1	0.024	0	1	0.792	1	0.104	1	1	1	1	1	1	0.144	0.096	0	1	0.136	0.048	0	0.168	0.336	1	1	0	1	1	1	1	0	0.008	0	0.632	0.016	0.008	0.008	0.08	0.144	0.056	0	0.136	0.096	0.016	0.192	0.536	0.008	0.064	0.04	1	1	0.064	0	0	0.016
Clytia_hemisphaerica	0	0	0	0	0	0	0	0	0	0	0	0	0	0	0	0	0	0	0	0	0	0	0		0	0	0	0	0	0	0	0	0	0	0	0	0	0	0	0	0	0	0	0	0	0	0	0	0	0	0	0	0	0	0	0	0	0	0	0	0	0	0	0	0	0	0	0	0	0	0	0	0	0	0	0	0	0	0	0	0	0	0	0	0	0	0	0	0	0	0	0	0	0	0	0	0
Codosiga_hollandica_17	0	0.008	0.008	0	0.04	0	0.04	0.04	0.04	0	0	0	0	0	0.032	0.032	0.04	0	0	0.04	0.008	0.04	0.04	0		0	0.04	0.04	0.032	0.04	0	0.008	0.008	0	0.032	0.032	0	0.008	0	0.04	0.008	0	0.04	0.04	0	0	0.04	0.04	0.04	0	0.04	0.04	0.04	0.04	0.04	0.04	0	0.032	0	0.04	0	0.008	0	0.032	0.04	0.04	0.04	0	0.04	0.04	0.04	0.04	0	0.008	0	0.032	0.016	0.008	0.008	0	0.008	0.008	0	0	0	0.008	0	0.008	0.008	0.024	0	0.04	0.04	0	0	0	0
Coeloplana_species	0.048	0	0	0	0.088	0.048	0.088	0.088	0.088	0.04	0	0	0.04	0.016	0.048	0.088	0.088	0.016	0.008	0.048	0	0.088	0.088	0	0		0.088	0.088	0	0.088	0	0	0	0.04	0	0.048	0	0.08	0	0.088	0.048	0	0.088	0.088	0	0	0.088	0.088	0.088	0.056	0.088	0.088	0.088	0.088	0.088	0.088	0.016	0	0	0.088	0.016	0.04	0	0.024	0.04	0.088	0.088	0	0.088	0.088	0.088	0.088	0	0	0	0.088	0	0	0	0.032	0.008	0	0	0.088	0.08	0	0.072	0.048	0	0.04	0.04	0.088	0.088	0	0	0	0.016
Corticium_candelabrum	0.2	0.008	0.008	0	1	0.096	1	1	1	0.04	0	0.032	0.088	0.16	0.28	0.608	1	0.192	0.008	0.408	0.112	1	1	0	0.04	0.088		1	0.032	1	0.016	0.04	0.04	0.08	0.072	0.536	0.032	0.216	0	1	0.4	0	1	1	0.024	0	1	0.792	1	0.104	1	1	1	1	1	1	0.144	0.096	0	1	0.136	0.048	0	0.168	0.336	1	1	0	1	1	1	1	0	0.008	0	0.632	0.016	0.008	0.008	0.08	0.144	0.056	0	0.136	0.096	0.016	0.192	0.536	0.008	0.064	0.04	1	1	0.064	0	0	0.016
Craspedacusta_sowerbyi	0.2	0.008	0.008	0	1	0.096	1	1	1	0.04	0	0.032	0.088	0.16	0.28	0.608	1	0.192	0.008	0.408	0.112	1	1	0	0.04	0.088	1		0.032	1	0.016	0.04	0.04	0.08	0.072	0.536	0.032	0.216	0	1	0.4	0	1	1	0.024	0	1	0.792	1	0.104	1	1	1	1	1	1	0.144	0.096	0	1	0.136	0.048	0	0.168	0.336	1	1	0	1	1	1	1	0	0.008	0	0.632	0.016	0.008	0.008	0.08	0.144	0.056	0	0.136	0.096	0.016	0.192	0.536	0.008	0.064	0.04	1	1	0.064	0	0	0.016
Crassostrea_gigas	0	0	0	0	0.032	0	0.032	0.032	0.032	0	0	0	0	0	0.032	0.032	0.032	0	0	0.032	0	0.032	0.032	0	0.032	0	0.032	0.032		0.032	0	0	0	0	0.032	0.024	0	0	0	0.032	0	0	0.032	0.032	0	0	0.032	0.032	0.032	0	0.032	0.032	0.032	0.032	0.032	0.032	0	0.032	0	0.032	0	0	0	0.032	0.032	0.032	0.032	0	0.032	0.032	0.032	0.032	0	0.008	0	0.032	0.016	0.008	0	0	0	0	0	0	0	0	0	0	0	0.024	0	0.032	0.032	0	0	0	0
Creolimax_fragrantissima	0.2	0.008	0.008	0	1	0.096	1	1	1	0.04	0	0.032	0.088	0.16	0.28	0.608	1	0.192	0.008	0.408	0.112	1	1	0	0.04	0.088	1	1	0.032		0.016	0.04	0.04	0.08	0.072	0.536	0.032	0.216	0	1	0.4	0	1	1	0.024	0	1	0.792	1	0.104	1	1	1	1	1	1	0.144	0.096	0	1	0.136	0.048	0	0.168	0.336	1	1	0	1	1	1	1	0	0.008	0	0.632	0.016	0.008	0.008	0.08	0.144	0.056	0	0.136	0.096	0.016	0.192	0.536	0.008	0.064	0.04	1	1	0.064	0	0	0.016
Daphnia_pulex	0.016	0	0	0	0.016	0	0.016	0.016	0.016	0	0	0.016	0	0.016	0.016	0	0.016	0	0	0.016	0.016	0.016	0.016	0	0	0	0.016	0.016	0	0.016		0	0.008	0.016	0	0.016	0	0	0	0.016	0	0	0.016	0.016	0.016	0	0.016	0	0.016	0	0.016	0.016	0.016	0.016	0.016	0.016	0.016	0.016	0	0.016	0.016	0	0	0.008	0	0.016	0.016	0	0.016	0.016	0.016	0.016	0	0	0	0	0	0	0	0	0.016	0.016	0	0	0	0	0.016	0.016	0	0	0	0.016	0.016	0	0	0	0
Diaphanoeca_grandis_RI_01	0	0.008	0.008	0	0.04	0	0.04	0.04	0.04	0	0	0	0	0	0.032	0.032	0.04	0	0	0.04	0.008	0.04	0.04	0	0.008	0	0.04	0.04	0	0.04	0		0.008	0	0.032	0.008	0	0.008	0	0.04	0.008	0	0.04	0.04	0	0	0.04	0.04	0.04	0	0.04	0.04	0.04	0.04	0.04	0.04	0	0.032	0	0.04	0	0.008	0	0.032	0.04	0.04	0.04	0	0.04	0.04	0.04	0.04	0	0	0	0.032	0	0	0.008	0	0.008	0.008	0	0	0	0.008	0	0.008	0.008	0	0	0.04	0.04	0	0	0	0
Didymoeca_costata_10	0.032	0.008	0.008	0	0.04	0	0.04	0.04	0.04	0	0	0.008	0	0.008	0.008	0.024	0.04	0.024	0	0.016	0.016	0.04	0.04	0	0.008	0	0.04	0.04	0	0.04	0.008	0.008		0.008	0	0.016	0.024	0.008	0	0.04	0.032	0	0.04	0.04	0.008	0	0.04	0.008	0.04	0	0.04	0.04	0.04	0.04	0.04	0.04	0.008	0.008	0	0.04	0.008	0.008	0	0.008	0.008	0.04	0.04	0	0.04	0.04	0.04	0.04	0	0	0	0.024	0	0	0.008	0	0.016	0.016	0	0	0	0.008	0.032	0.016	0.008	0	0	0.04	0.04	0.024	0	0	0
Dryodora_glandiformis	0.032	0	0	0	0.08	0	0.08	0.08	0.08	0	0	0.032	0.024	0.04	0.08	0.04	0.08	0	0	0.08	0.04	0.08	0.08	0	0	0.04	0.08	0.08	0	0.08	0.016	0	0.008		0	0.04	0	0.04	0	0.08	0	0	0.08	0.08	0.024	0	0.08	0.04	0.08	0.04	0.08	0.08	0.08	0.08	0.08	0.08	0.04	0.016	0	0.08	0.04	0	0	0.032	0.04	0.08	0.08	0	0.08	0.08	0.08	0.08	0	0	0	0.04	0	0	0	0	0.04	0.04	0	0.04	0.04	0	0.064	0.04	0	0	0	0.08	0.08	0	0	0	0.016
Edwardsiella_lineata	0	0	0	0	0.072	0	0.072	0.072	0.072	0	0	0	0	0	0.072	0.072	0.072	0	0	0.072	0	0.072	0.072	0	0.032	0	0.072	0.072	0.032	0.072	0	0.032	0	0		0.024	0	0	0	0.072	0	0	0.072	0.072	0	0	0.072	0.072	0.072	0	0.072	0.072	0.072	0.072	0.072	0.072	0	0.072	0	0.072	0	0	0	0.072	0.072	0.072	0.072	0	0.072	0.072	0.072	0.072	0	0.008	0	0.072	0.016	0.008	0	0	0	0	0	0	0	0	0	0	0	0.024	0	0.072	0.072	0	0	0	0
Ephydatia_muelleri	0.072	0.008	0.008	0	0.536	0.072	0.536	0.536	0.536	0.04	0	0.032	0.04	0.136	0.096	0.144	0.536	0.04	0.008	0.168	0.112	0.536	0.536	0	0.032	0.048	0.536	0.536	0.024	0.536	0.016	0.008	0.016	0.04	0.024		0	0.16	0	0.536	0.216	0	0.536	0.536	0.024	0	0.536	0.416	0.536	0.04	0.536	0.536	0.536	0.536	0.536	0.536	0.12	0.04	0	0.536	0.136	0.048	0	0.032	0.032	0.536	0.536	0	0.536	0.536	0.536	0.536	0	0.008	0	0.168	0.016	0.008	0.008	0.056	0.144	0.056	0	0.072	0.04	0.008	0.112	0.512	0.008	0.064	0.04	0.536	0.536	0	0	0	0
Euplectella_aspergillum	0.032	0	0	0	0.032	0	0.032	0.032	0.032	0	0	0	0	0	0	0.032	0.032	0.032	0	0	0	0.032	0.032	0	0	0	0.032	0.032	0	0.032	0	0	0.024	0	0	0		0	0	0.032	0.032	0	0.032	0.032	0	0	0.032	0	0.032	0	0.032	0.032	0.032	0.032	0.032	0.032	0	0	0	0.032	0	0	0	0	0	0.032	0.032	0	0.032	0.032	0.032	0.032	0	0	0	0.032	0	0	0	0	0	0	0	0	0	0	0.032	0	0	0	0	0.032	0.032	0.032	0	0	0
Euplokamis_dunlapae	0.04	0.008	0.008	0	0.216	0.04	0.216	0.216	0.216	0.04	0	0	0.032	0.008	0.056	0.144	0.216	0.008	0	0.064	0.008	0.216	0.216	0	0.008	0.08	0.216	0.216	0	0.216	0	0.008	0.008	0.04	0	0.16	0		0	0.216	0.16	0	0.216	0.216	0	0	0.216	0.216	0.216	0.048	0.216	0.216	0.216	0.216	0.216	0.216	0.008	0	0	0.216	0.008	0.048	0	0.024	0.064	0.216	0.216	0	0.216	0.216	0.216	0.216	0	0	0	0.168	0	0	0.008	0.024	0.008	0.008	0	0.08	0.096	0.008	0.064	0.16	0.008	0.04	0.04	0.216	0.216	0	0	0	0.016
Gorgonia_ventalina	0	0	0	0	0	0	0	0	0	0	0	0	0	0	0	0	0	0	0	0	0	0	0	0	0	0	0	0	0	0	0	0	0	0	0	0	0	0		0	0	0	0	0	0	0	0	0	0	0	0	0	0	0	0	0	0	0	0	0	0	0	0	0	0	0	0	0	0	0	0	0	0	0	0	0	0	0	0	0	0	0	0	0	0	0	0	0	0	0	0	0	0	0	0	0	0
Grantia_compressa	0.2	0.008	0.008	0	1	0.096	1	1	1	0.04	0	0.032	0.088	0.16	0.28	0.608	1	0.192	0.008	0.408	0.112	1	1	0	0.04	0.088	1	1	0.032	1	0.016	0.04	0.04	0.08	0.072	0.536	0.032	0.216	0		0.4	0	1	1	0.024	0	1	0.792	1	0.104	1	1	1	1	1	1	0.144	0.096	0	1	0.136	0.048	0	0.168	0.336	1	1	0	1	1	1	1	0	0.008	0	0.632	0.016	0.008	0.008	0.08	0.144	0.056	0	0.136	0.096	0.016	0.192	0.536	0.008	0.064	0.04	1	1	0.064	0	0	0.016
Helobdella_robusta	0.168	0.008	0.008	0	0.4	0.096	0.4	0.4	0.4	0.04	0	0	0.064	0.064	0.056	0.304	0.4	0.192	0.008	0.072	0.016	0.4	0.4	0	0.008	0.048	0.4	0.4	0	0.4	0	0.008	0.032	0	0	0.216	0.032	0.16	0	0.4		0	0.4	0.4	0	0	0.4	0.288	0.4	0.064	0.4	0.4	0.4	0.4	0.4	0.4	0.064	0	0	0.4	0.04	0.048	0	0.008	0.032	0.4	0.4	0	0.4	0.4	0.4	0.4	0	0	0	0.328	0	0	0.008	0.08	0.048	0.016	0	0.096	0.04	0.016	0.128	0.24	0.008	0.04	0.04	0.4	0.4	0.064	0	0	0
Homo_sapiens	0	0	0	0	0	0	0	0	0	0	0	0	0	0	0	0	0	0	0	0	0	0	0	0	0	0	0	0	0	0	0	0	0	0	0	0	0	0	0	0	0		0	0	0	0	0	0	0	0	0	0	0	0	0	0	0	0	0	0	0	0	0	0	0	0	0	0	0	0	0	0	0	0	0	0	0	0	0	0	0	0	0	0	0	0	0	0	0	0	0	0	0	0	0	0	0
Hormiphora_californensis	0.2	0.008	0.008	0	1	0.096	1	1	1	0.04	0	0.032	0.088	0.16	0.28	0.608	1	0.192	0.008	0.408	0.112	1	1	0	0.04	0.088	1	1	0.032	1	0.016	0.04	0.04	0.08	0.072	0.536	0.032	0.216	0	1	0.4	0		1	0.024	0	1	0.792	1	0.104	1	1	1	1	1	1	0.144	0.096	0	1	0.136	0.048	0	0.168	0.336	1	1	0	1	1	1	1	0	0.008	0	0.632	0.016	0.008	0.008	0.08	0.144	0.056	0	0.136	0.096	0.016	0.192	0.536	0.008	0.064	0.04	1	1	0.064	0	0	0.016
Hyalonema_populiferum	0.2	0.008	0.008	0	1	0.096	1	1	1	0.04	0	0.032	0.088	0.16	0.28	0.608	1	0.192	0.008	0.408	0.112	1	1	0	0.04	0.088	1	1	0.032	1	0.016	0.04	0.04	0.08	0.072	0.536	0.032	0.216	0	1	0.4	0	1		0.024	0	1	0.792	1	0.104	1	1	1	1	1	1	0.144	0.096	0	1	0.136	0.048	0	0.168	0.336	1	1	0	1	1	1	1	0	0.008	0	0.632	0.016	0.008	0.008	0.08	0.144	0.056	0	0.136	0.096	0.016	0.192	0.536	0.008	0.064	0.04	1	1	0.064	0	0	0.016
Hydra_magnipapillata	0.016	0	0	0	0.024	0	0.024	0.024	0.024	0	0	0.024	0	0.024	0.024	0	0.024	0	0	0.024	0.024	0.024	0.024	0	0	0	0.024	0.024	0	0.024	0.016	0	0.008	0.024	0	0.024	0	0	0	0.024	0	0	0.024	0.024		0	0.024	0	0.024	0	0.024	0.024	0.024	0.024	0.024	0.024	0.024	0.016	0	0.024	0.024	0	0	0.008	0	0.024	0.024	0	0.024	0.024	0.024	0.024	0	0	0	0	0	0	0	0	0.024	0.024	0	0	0	0	0.024	0.024	0	0	0	0.024	0.024	0	0	0	0
Hydractinia_polyclina	0	0	0	0	0	0	0	0	0	0	0	0	0	0	0	0	0	0	0	0	0	0	0	0	0	0	0	0	0	0	0	0	0	0	0	0	0	0	0	0	0	0	0	0	0		0	0	0	0	0	0	0	0	0	0	0	0	0	0	0	0	0	0	0	0	0	0	0	0	0	0	0	0	0	0	0	0	0	0	0	0	0	0	0	0	0	0	0	0	0	0	0	0	0	0	0
Ircinia_fasciculata	0.2	0.008	0.008	0	1	0.096	1	1	1	0.04	0	0.032	0.088	0.16	0.28	0.608	1	0.192	0.008	0.408	0.112	1	1	0	0.04	0.088	1	1	0.032	1	0.016	0.04	0.04	0.08	0.072	0.536	0.032	0.216	0	1	0.4	0	1	1	0.024	0		0.792	1	0.104	1	1	1	1	1	1	0.144	0.096	0	1	0.136	0.048	0	0.168	0.336	1	1	0	1	1	1	1	0	0.008	0	0.632	0.016	0.008	0.008	0.08	0.144	0.056	0	0.136	0.096	0.016	0.192	0.536	0.008	0.064	0.04	1	1	0.064	0	0	0.016
Ixodes_scapularis	0.072	0.008	0.008	0	0.792	0.048	0.792	0.792	0.792	0.04	0	0	0.04	0.016	0.192	0.496	0.792	0.08	0.008	0.264	0.016	0.792	0.792	0	0.04	0.088	0.792	0.792	0.032	0.792	0	0.04	0.008	0.04	0.072	0.416	0	0.216	0	0.792	0.288	0	0.792	0.792	0	0	0.792		0.792	0.056	0.792	0.792	0.792	0.792	0.792	0.792	0.016	0.08	0	0.792	0.016	0.048	0	0.16	0.336	0.792	0.792	0	0.792	0.792	0.792	0.792	0	0.008	0	0.52	0.016	0.008	0.008	0.032	0.024	0.016	0	0.088	0.096	0.016	0.072	0.392	0.008	0.064	0.04	0.792	0.792	0	0	0	0.016
Kirkpatrickia_variolosa	0.2	0.008	0.008	0	1	0.096	1	1	1	0.04	0	0.032	0.088	0.16	0.28	0.608	1	0.192	0.008	0.408	0.112	1	1	0	0.04	0.088	1	1	0.032	1	0.016	0.04	0.04	0.08	0.072	0.536	0.032	0.216	0	1	0.4	0	1	1	0.024	0	1	0.792		0.104	1	1	1	1	1	1	0.144	0.096	0	1	0.136	0.048	0	0.168	0.336	1	1	0	1	1	1	1	0	0.008	0	0.632	0.016	0.008	0.008	0.08	0.144	0.056	0	0.136	0.096	0.016	0.192	0.536	0.008	0.064	0.04	1	1	0.064	0	0	0.016
Lampea_pancerina	0.08	0	0	0	0.104	0.064	0.104	0.104	0.104	0.008	0	0	0.088	0.064	0.096	0.104	0.104	0.064	0.008	0.096	0	0.104	0.104	0	0	0.056	0.104	0.104	0	0.104	0	0	0	0.04	0	0.04	0	0.048	0	0.104	0.064	0	0.104	0.104	0	0	0.104	0.056	0.104		0.104	0.104	0.104	0.104	0.104	0.104	0.064	0	0	0.104	0.04	0.008	0	0.024	0.04	0.104	0.104	0	0.104	0.104	0.104	0.104	0	0	0	0.104	0	0	0	0.064	0.032	0	0	0.104	0.048	0	0.088	0.064	0	0.008	0.008	0.104	0.104	0	0	0	0.016
Latrunculia_apicalis	0.2	0.008	0.008	0	1	0.096	1	1	1	0.04	0	0.032	0.088	0.16	0.28	0.608	1	0.192	0.008	0.408	0.112	1	1	0	0.04	0.088	1	1	0.032	1	0.016	0.04	0.04	0.08	0.072	0.536	0.032	0.216	0	1	0.4	0	1	1	0.024	0	1	0.792	1	0.104		1	1	1	1	1	0.144	0.096	0	1	0.136	0.048	0	0.168	0.336	1	1	0	1	1	1	1	0	0.008	0	0.632	0.016	0.008	0.008	0.08	0.144	0.056	0	0.136	0.096	0.016	0.192	0.536	0.008	0.064	0.04	1	1	0.064	0	0	0.016
Leuconia_nivea	0.2	0.008	0.008	0	1	0.096	1	1	1	0.04	0	0.032	0.088	0.16	0.28	0.608	1	0.192	0.008	0.408	0.112	1	1	0	0.04	0.088	1	1	0.032	1	0.016	0.04	0.04	0.08	0.072	0.536	0.032	0.216	0	1	0.4	0	1	1	0.024	0	1	0.792	1	0.104	1		1	1	1	1	0.144	0.096	0	1	0.136	0.048	0	0.168	0.336	1	1	0	1	1	1	1	0	0.008	0	0.632	0.016	0.008	0.008	0.08	0.144	0.056	0	0.136	0.096	0.016	0.192	0.536	0.008	0.064	0.04	1	1	0.064	0	0	0.016
Leucosolenia_complicata	0.2	0.008	0.008	0	1	0.096	1	1	1	0.04	0	0.032	0.088	0.16	0.28	0.608	1	0.192	0.008	0.408	0.112	1	1	0	0.04	0.088	1	1	0.032	1	0.016	0.04	0.04	0.08	0.072	0.536	0.032	0.216	0	1	0.4	0	1	1	0.024	0	1	0.792	1	0.104	1	1		1	1	1	0.144	0.096	0	1	0.136	0.048	0	0.168	0.336	1	1	0	1	1	1	1	0	0.008	0	0.632	0.016	0.008	0.008	0.08	0.144	0.056	0	0.136	0.096	0.016	0.192	0.536	0.008	0.064	0.04	1	1	0.064	0	0	0.016
Liriope_tetraphylla	0.2	0.008	0.008	0	1	0.096	1	1	1	0.04	0	0.032	0.088	0.16	0.28	0.608	1	0.192	0.008	0.408	0.112	1	1	0	0.04	0.088	1	1	0.032	1	0.016	0.04	0.04	0.08	0.072	0.536	0.032	0.216	0	1	0.4	0	1	1	0.024	0	1	0.792	1	0.104	1	1	1		1	1	0.144	0.096	0	1	0.136	0.048	0	0.168	0.336	1	1	0	1	1	1	1	0	0.008	0	0.632	0.016	0.008	0.008	0.08	0.144	0.056	0	0.136	0.096	0.016	0.192	0.536	0.008	0.064	0.04	1	1	0.064	0	0	0.016
Lucernariopsis_campanulata	0.2	0.008	0.008	0	1	0.096	1	1	1	0.04	0	0.032	0.088	0.16	0.28	0.608	1	0.192	0.008	0.408	0.112	1	1	0	0.04	0.088	1	1	0.032	1	0.016	0.04	0.04	0.08	0.072	0.536	0.032	0.216	0	1	0.4	0	1	1	0.024	0	1	0.792	1	0.104	1	1	1	1		1	0.144	0.096	0	1	0.136	0.048	0	0.168	0.336	1	1	0	1	1	1	1	0	0.008	0	0.632	0.016	0.008	0.008	0.08	0.144	0.056	0	0.136	0.096	0.016	0.192	0.536	0.008	0.064	0.04	1	1	0.064	0	0	0.016
Ministeria_vibrans	0.2	0.008	0.008	0	1	0.096	1	1	1	0.04	0	0.032	0.088	0.16	0.28	0.608	1	0.192	0.008	0.408	0.112	1	1	0	0.04	0.088	1	1	0.032	1	0.016	0.04	0.04	0.08	0.072	0.536	0.032	0.216	0	1	0.4	0	1	1	0.024	0	1	0.792	1	0.104	1	1	1	1	1		0.144	0.096	0	1	0.136	0.048	0	0.168	0.336	1	1	0	1	1	1	1	0	0.008	0	0.632	0.016	0.008	0.008	0.08	0.144	0.056	0	0.136	0.096	0.016	0.192	0.536	0.008	0.064	0.04	1	1	0.064	0	0	0.016
Mnemiopsis_leidyi	0.08	0	0	0	0.144	0.064	0.144	0.144	0.144	0.008	0	0.032	0.064	0.144	0.096	0.064	0.144	0.064	0.008	0.136	0.08	0.144	0.144	0	0	0.016	0.144	0.144	0	0.144	0.016	0	0.008	0.04	0	0.12	0	0.008	0	0.144	0.064	0	0.144	0.144	0.024	0	0.144	0.016	0.144	0.064	0.144	0.144	0.144	0.144	0.144	0.144		0.016	0	0.144	0.12	0.008	0	0.008	0	0.144	0.144	0	0.144	0.144	0.144	0.144	0	0	0	0.064	0	0	0	0.064	0.112	0.04	0	0.064	0.008	0	0.104	0.144	0	0.008	0.008	0.144	0.144	0	0	0	0
Monosiga_brevicollis_mx1	0.016	0	0	0	0.096	0	0.096	0.096	0.096	0	0	0.016	0	0.016	0.096	0.08	0.096	0	0	0.096	0.016	0.096	0.096	0	0.032	0	0.096	0.096	0.032	0.096	0.016	0.032	0.008	0.016	0.072	0.04	0	0	0	0.096	0	0	0.096	0.096	0.016	0	0.096	0.08	0.096	0	0.096	0.096	0.096	0.096	0.096	0.096	0.016		0	0.096	0.016	0	0	0.088	0.08	0.096	0.096	0	0.096	0.096	0.096	0.096	0	0.008	0	0.08	0.016	0.008	0	0	0.016	0.016	0	0	0	0	0.016	0.016	0	0.024	0	0.096	0.096	0	0	0	0
Montastraea_faveolata	0	0	0	0	0	0	0	0	0	0	0	0	0	0	0	0	0	0	0	0	0	0	0	0	0	0	0	0	0	0	0	0	0	0	0	0	0	0	0	0	0	0	0	0	0	0	0	0	0	0	0	0	0	0	0	0	0	0		0	0	0	0	0	0	0	0	0	0	0	0	0	0	0	0	0	0	0	0	0	0	0	0	0	0	0	0	0	0	0	0	0	0	0	0	0	0
Mycale_phyllophila	0.2	0.008	0.008	0	1	0.096	1	1	1	0.04	0	0.032	0.088	0.16	0.28	0.608	1	0.192	0.008	0.408	0.112	1	1	0	0.04	0.088	1	1	0.032	1	0.016	0.04	0.04	0.08	0.072	0.536	0.032	0.216	0	1	0.4	0	1	1	0.024	0	1	0.792	1	0.104	1	1	1	1	1	1	0.144	0.096	0		0.136	0.048	0	0.168	0.336	1	1	0	1	1	1	1	0	0.008	0	0.632	0.016	0.008	0.008	0.08	0.144	0.056	0	0.136	0.096	0.016	0.192	0.536	0.008	0.064	0.04	1	1	0.064	0	0	0.016
Mylnosiga_fluctuans_19	0.056	0	0	0	0.136	0.04	0.136	0.136	0.136	0.008	0	0.032	0.04	0.136	0.072	0.04	0.136	0.04	0.008	0.128	0.096	0.136	0.136	0	0	0.016	0.136	0.136	0	0.136	0.016	0	0.008	0.04	0	0.136	0	0.008	0	0.136	0.04	0	0.136	0.136	0.024	0	0.136	0.016	0.136	0.04	0.136	0.136	0.136	0.136	0.136	0.136	0.12	0.016	0	0.136		0.008	0	0.008	0	0.136	0.136	0	0.136	0.136	0.136	0.136	0	0	0	0.04	0	0	0	0.04	0.128	0.04	0	0.04	0.008	0	0.08	0.136	0	0.008	0.008	0.136	0.136	0	0	0	0
Nanomia_bijuga	0.024	0.008	0.008	0	0.048	0.04	0.048	0.048	0.048	0.04	0	0	0.008	0.008	0	0.04	0.048	0.008	0	0.008	0.008	0.048	0.048	0	0.008	0.04	0.048	0.048	0	0.048	0	0.008	0.008	0	0	0.048	0	0.048	0	0.048	0.048	0	0.048	0.048	0	0	0.048	0.048	0.048	0.008	0.048	0.048	0.048	0.048	0.048	0.048	0.008	0	0	0.048	0.008		0	0	0.008	0.048	0.048	0	0.048	0.048	0.048	0.048	0	0	0	0.04	0	0	0.008	0.024	0.008	0.008	0	0.04	0.04	0.008	0.04	0.048	0.008	0.04	0.04	0.048	0.048	0	0	0	0
Nematostella_vectensis	0	0	0	0	0	0	0	0	0	0	0	0	0	0	0	0	0	0	0	0	0	0	0	0	0	0	0	0	0	0	0	0	0	0	0	0	0	0	0	0	0	0	0	0	0	0	0	0	0	0	0	0	0	0	0	0	0	0	0	0	0	0		0	0	0	0	0	0	0	0	0	0	0	0	0	0	0	0	0	0	0	0	0	0	0	0	0	0	0	0	0	0	0	0	0	0
Oscarella_carmela	0.008	0	0	0	0.168	0	0.168	0.168	0.168	0	0	0.008	0.024	0.008	0.16	0.16	0.168	0.008	0	0.16	0.008	0.168	0.168	0	0.032	0.024	0.168	0.168	0.032	0.168	0.008	0.032	0.008	0.032	0.072	0.032	0	0.024	0	0.168	0.008	0	0.168	0.168	0.008	0	0.168	0.16	0.168	0.024	0.168	0.168	0.168	0.168	0.168	0.168	0.008	0.088	0	0.168	0.008	0	0		0.152	0.168	0.168	0	0.168	0.168	0.168	0.168	0	0.008	0	0.16	0.016	0.008	0	0	0.008	0.008	0	0.024	0.024	0.008	0.016	0.008	0	0.024	0	0.168	0.168	0	0	0	0
Oscarella_species	0.016	0.008	0.008	0	0.336	0	0.336	0.336	0.336	0	0	0	0.024	0	0.184	0.328	0.336	0	0	0.248	0.008	0.336	0.336	0	0.04	0.04	0.336	0.336	0.032	0.336	0	0.04	0.008	0.04	0.072	0.032	0	0.064	0	0.336	0.032	0	0.336	0.336	0	0	0.336	0.336	0.336	0.04	0.336	0.336	0.336	0.336	0.336	0.336	0	0.08	0	0.336	0	0.008	0	0.152		0.336	0.336	0	0.336	0.336	0.336	0.336	0	0.008	0	0.328	0.016	0.008	0.008	0	0.008	0.008	0	0.04	0.056	0.008	0.024	0.008	0.008	0.024	0	0.336	0.336	0	0	0	0.016
Pelagia_noctiluca	0.2	0.008	0.008	0	1	0.096	1	1	1	0.04	0	0.032	0.088	0.16	0.28	0.608	1	0.192	0.008	0.408	0.112	1	1	0	0.04	0.088	1	1	0.032	1	0.016	0.04	0.04	0.08	0.072	0.536	0.032	0.216	0	1	0.4	0	1	1	0.024	0	1	0.792	1	0.104	1	1	1	1	1	1	0.144	0.096	0	1	0.136	0.048	0	0.168	0.336		1	0	1	1	1	1	0	0.008	0	0.632	0.016	0.008	0.008	0.08	0.144	0.056	0	0.136	0.096	0.016	0.192	0.536	0.008	0.064	0.04	1	1	0.064	0	0	0.016
Pennatula_rubra	0.2	0.008	0.008	0	1	0.096	1	1	1	0.04	0	0.032	0.088	0.16	0.28	0.608	1	0.192	0.008	0.408	0.112	1	1	0	0.04	0.088	1	1	0.032	1	0.016	0.04	0.04	0.08	0.072	0.536	0.032	0.216	0	1	0.4	0	1	1	0.024	0	1	0.792	1	0.104	1	1	1	1	1	1	0.144	0.096	0	1	0.136	0.048	0	0.168	0.336	1		0	1	1	1	1	0	0.008	0	0.632	0.016	0.008	0.008	0.08	0.144	0.056	0	0.136	0.096	0.016	0.192	0.536	0.008	0.064	0.04	1	1	0.064	0	0	0.016
Periphylla_periphylla	0	0	0	0	0	0	0	0	0	0	0	0	0	0	0	0	0	0	0	0	0	0	0	0	0	0	0	0	0	0	0	0	0	0	0	0	0	0	0	0	0	0	0	0	0	0	0	0	0	0	0	0	0	0	0	0	0	0	0	0	0	0	0	0	0	0	0		0	0	0	0	0	0	0	0	0	0	0	0	0	0	0	0	0	0	0	0	0	0	0	0	0	0	0	0	0
Petrosia_ficiformis	0.2	0.008	0.008	0	1	0.096	1	1	1	0.04	0	0.032	0.088	0.16	0.28	0.608	1	0.192	0.008	0.408	0.112	1	1	0	0.04	0.088	1	1	0.032	1	0.016	0.04	0.04	0.08	0.072	0.536	0.032	0.216	0	1	0.4	0	1	1	0.024	0	1	0.792	1	0.104	1	1	1	1	1	1	0.144	0.096	0	1	0.136	0.048	0	0.168	0.336	1	1	0		1	1	1	0	0.008	0	0.632	0.016	0.008	0.008	0.08	0.144	0.056	0	0.136	0.096	0.016	0.192	0.536	0.008	0.064	0.04	1	1	0.064	0	0	0.016
Pirum_gemmata	0.2	0.008	0.008	0	1	0.096	1	1	1	0.04	0	0.032	0.088	0.16	0.28	0.608	1	0.192	0.008	0.408	0.112	1	1	0	0.04	0.088	1	1	0.032	1	0.016	0.04	0.04	0.08	0.072	0.536	0.032	0.216	0	1	0.4	0	1	1	0.024	0	1	0.792	1	0.104	1	1	1	1	1	1	0.144	0.096	0	1	0.136	0.048	0	0.168	0.336	1	1	0	1		1	1	0	0.008	0	0.632	0.016	0.008	0.008	0.08	0.144	0.056	0	0.136	0.096	0.016	0.192	0.536	0.008	0.064	0.04	1	1	0.064	0	0	0.016
Plakina_jani	0.2	0.008	0.008	0	1	0.096	1	1	1	0.04	0	0.032	0.088	0.16	0.28	0.608	1	0.192	0.008	0.408	0.112	1	1	0	0.04	0.088	1	1	0.032	1	0.016	0.04	0.04	0.08	0.072	0.536	0.032	0.216	0	1	0.4	0	1	1	0.024	0	1	0.792	1	0.104	1	1	1	1	1	1	0.144	0.096	0	1	0.136	0.048	0	0.168	0.336	1	1	0	1	1		1	0	0.008	0	0.632	0.016	0.008	0.008	0.08	0.144	0.056	0	0.136	0.096	0.016	0.192	0.536	0.008	0.064	0.04	1	1	0.064	0	0	0.016
Pleraplysilla_spinifera	0.2	0.008	0.008	0	1	0.096	1	1	1	0.04	0	0.032	0.088	0.16	0.28	0.608	1	0.192	0.008	0.408	0.112	1	1	0	0.04	0.088	1	1	0.032	1	0.016	0.04	0.04	0.08	0.072	0.536	0.032	0.216	0	1	0.4	0	1	1	0.024	0	1	0.792	1	0.104	1	1	1	1	1	1	0.144	0.096	0	1	0.136	0.048	0	0.168	0.336	1	1	0	1	1	1		0	0.008	0	0.632	0.016	0.008	0.008	0.08	0.144	0.056	0	0.136	0.096	0.016	0.192	0.536	0.008	0.064	0.04	1	1	0.064	0	0	0.016
Pleurobrachia_species	0	0	0	0	0	0	0	0	0	0	0	0	0	0	0	0	0	0	0	0	0	0	0	0	0	0	0	0	0	0	0	0	0	0	0	0	0	0	0	0	0	0	0	0	0	0	0	0	0	0	0	0	0	0	0	0	0	0	0	0	0	0	0	0	0	0	0	0	0	0	0	0		0	0	0	0	0	0	0	0	0	0	0	0	0	0	0	0	0	0	0	0	0	0	0	0
Plumapathes_pennacea	0	0	0	0	0.008	0	0.008	0.008	0.008	0	0	0	0	0	0.008	0.008	0.008	0	0	0.008	0	0.008	0.008	0	0.008	0	0.008	0.008	0.008	0.008	0	0	0	0	0.008	0.008	0	0	0	0.008	0	0	0.008	0.008	0	0	0.008	0.008	0.008	0	0.008	0.008	0.008	0.008	0.008	0.008	0	0.008	0	0.008	0	0	0	0.008	0.008	0.008	0.008	0	0.008	0.008	0.008	0.008	0		0	0.008	0.008	0.008	0	0	0	0	0	0	0	0	0	0	0	0.008	0	0.008	0.008	0	0	0	0
Porites_australiensis	0	0	0	0	0	0	0	0	0	0	0	0	0	0	0	0	0	0	0	0	0	0	0	0	0	0	0	0	0	0	0	0	0	0	0	0	0	0	0	0	0	0	0	0	0	0	0	0	0	0	0	0	0	0	0	0	0	0	0	0	0	0	0	0	0	0	0	0	0	0	0	0	0	0		0	0	0	0	0	0	0	0	0	0	0	0	0	0	0	0	0	0	0	0	0	0
Rossella_fibulata	0.184	0	0	0	0.632	0.096	0.632	0.632	0.632	0.04	0	0	0.088	0.064	0.24	0.608	0.632	0.192	0.008	0.296	0	0.632	0.632	0	0.032	0.088	0.632	0.632	0.032	0.632	0	0.032	0.024	0.04	0.072	0.168	0.032	0.168	0	0.632	0.328	0	0.632	0.632	0	0	0.632	0.52	0.632	0.104	0.632	0.632	0.632	0.632	0.632	0.632	0.064	0.08	0	0.632	0.04	0.04	0	0.16	0.328	0.632	0.632	0	0.632	0.632	0.632	0.632	0	0.008	0		0.016	0.008	0	0.08	0.032	0	0	0.136	0.096	0.008	0.152	0.168	0	0.064	0.04	0.632	0.632	0.064	0	0	0.016
Saccoglossus_kowalevskii	0	0	0	0	0.016	0	0.016	0.016	0.016	0	0	0	0	0	0.016	0.016	0.016	0	0	0.016	0	0.016	0.016	0	0.016	0	0.016	0.016	0.016	0.016	0	0	0	0	0.016	0.016	0	0	0	0.016	0	0	0.016	0.016	0	0	0.016	0.016	0.016	0	0.016	0.016	0.016	0.016	0.016	0.016	0	0.016	0	0.016	0	0	0	0.016	0.016	0.016	0.016	0	0.016	0.016	0.016	0.016	0	0.008	0	0.016		0.008	0	0	0	0	0	0	0	0	0	0	0	0.016	0	0.016	0.016	0	0	0	0
Salpingoeca_dolichothecata_16	0	0	0	0	0.008	0	0.008	0.008	0.008	0	0	0	0	0	0.008	0.008	0.008	0	0	0.008	0	0.008	0.008	0	0.008	0	0.008	0.008	0.008	0.008	0	0	0	0	0.008	0.008	0	0	0	0.008	0	0	0.008	0.008	0	0	0.008	0.008	0.008	0	0.008	0.008	0.008	0.008	0.008	0.008	0	0.008	0	0.008	0	0	0	0.008	0.008	0.008	0.008	0	0.008	0.008	0.008	0.008	0	0.008	0	0.008	0.008		0	0	0	0	0	0	0	0	0	0	0	0.008	0	0.008	0.008	0	0	0	0
Salpingoeca_helianthica_18	0	0.008	0.008	0	0.008	0	0.008	0.008	0.008	0	0	0	0	0	0	0	0.008	0	0	0.008	0.008	0.008	0.008	0	0.008	0	0.008	0.008	0	0.008	0	0.008	0.008	0	0	0.008	0	0.008	0	0.008	0.008	0	0.008	0.008	0	0	0.008	0.008	0.008	0	0.008	0.008	0.008	0.008	0.008	0.008	0	0	0	0.008	0	0.008	0	0	0.008	0.008	0.008	0	0.008	0.008	0.008	0.008	0	0	0	0	0	0		0	0.008	0.008	0	0	0	0.008	0	0.008	0.008	0	0	0.008	0.008	0	0	0	0
Salpingoeca_infusionum_12	0.08	0	0	0	0.08	0.08	0.08	0.08	0.08	0.024	0	0	0.064	0.064	0.056	0.08	0.08	0.064	0.008	0.056	0	0.08	0.08	0	0	0.032	0.08	0.08	0	0.08	0	0	0	0	0	0.056	0	0.024	0	0.08	0.08	0	0.08	0.08	0	0	0.08	0.032	0.08	0.064	0.08	0.08	0.08	0.08	0.08	0.08	0.064	0	0	0.08	0.04	0.024	0	0	0	0.08	0.08	0	0.08	0.08	0.08	0.08	0	0	0	0.08	0	0	0		0.032	0	0	0.08	0.024	0	0.08	0.08	0	0.024	0.024	0.08	0.08	0	0	0	0
Salpingoeca_macrocollata_06	0.048	0.008	0.008	0	0.144	0.032	0.144	0.144	0.144	0	0	0.032	0.032	0.128	0.072	0.032	0.144	0.032	0.008	0.144	0.112	0.144	0.144	0	0.008	0.008	0.144	0.144	0	0.144	0.016	0.008	0.016	0.04	0	0.144	0	0.008	0	0.144	0.048	0	0.144	0.144	0.024	0	0.144	0.024	0.144	0.032	0.144	0.144	0.144	0.144	0.144	0.144	0.112	0.016	0	0.144	0.128	0.008	0	0.008	0.008	0.144	0.144	0	0.144	0.144	0.144	0.144	0	0	0	0.032	0	0	0.008	0.032		0.056	0	0.032	0	0.008	0.072	0.144	0.008	0	0	0.144	0.144	0	0	0	0
Salpingoeca_punica_03	0.016	0.008	0.008	0	0.056	0	0.056	0.056	0.056	0	0	0.032	0	0.04	0.04	0	0.056	0	0	0.056	0.056	0.056	0.056	0	0.008	0	0.056	0.056	0	0.056	0.016	0.008	0.016	0.04	0	0.056	0	0.008	0	0.056	0.016	0	0.056	0.056	0.024	0	0.056	0.016	0.056	0	0.056	0.056	0.056	0.056	0.056	0.056	0.04	0.016	0	0.056	0.04	0.008	0	0.008	0.008	0.056	0.056	0	0.056	0.056	0.056	0.056	0	0	0	0	0	0	0.008	0	0.056		0	0	0	0.008	0.04	0.056	0.008	0	0	0.056	0.056	0	0	0	0
Salpingoeca_qvevrii_09	0	0	0	0	0	0	0	0	0	0	0	0	0	0	0	0	0	0	0	0	0	0	0	0	0	0	0	0	0	0	0	0	0	0	0	0	0	0	0	0	0	0	0	0	0	0	0	0	0	0	0	0	0	0	0	0	0	0	0	0	0	0	0	0	0	0	0	0	0	0	0	0	0	0	0	0	0	0	0	0	0	0		0	0	0	0	0	0	0	0	0	0	0	0	0	0
Salpingoeca_roanoka_13	0.096	0	0	0	0.136	0.096	0.136	0.136	0.136	0.04	0	0	0.088	0.064	0.096	0.136	0.136	0.064	0.008	0.096	0	0.136	0.136	0	0	0.088	0.136	0.136	0	0.136	0	0	0	0.04	0	0.072	0	0.08	0	0.136	0.096	0	0.136	0.136	0	0	0.136	0.088	0.136	0.104	0.136	0.136	0.136	0.136	0.136	0.136	0.064	0	0	0.136	0.04	0.04	0	0.024	0.04	0.136	0.136	0	0.136	0.136	0.136	0.136	0	0	0	0.136	0	0	0	0.08	0.032	0	0		0.08	0	0.12	0.096	0	0.04	0.04	0.136	0.136	0	0	0	0.016
Salpingoeca_rosetta	0.04	0	0	0	0.096	0.04	0.096	0.096	0.096	0.04	0	0	0.032	0.008	0.056	0.096	0.096	0.008	0	0.056	0	0.096	0.096	0	0	0.08	0.096	0.096	0	0.096	0	0	0	0.04	0	0.04	0	0.096	0	0.096	0.04	0	0.096	0.096	0	0	0.096	0.096	0.096	0.048	0.096	0.096	0.096	0.096	0.096	0.096	0.008	0	0	0.096	0.008	0.04	0	0.024	0.056	0.096	0.096	0	0.096	0.096	0.096	0.096	0	0	0	0.096	0	0	0	0.024	0	0	0	0.08		0	0.064	0.04	0	0.04	0.04	0.096	0.096	0	0	0	0.016
Salpingoeca_urceolata_04	0	0.008	0.008	0	0.016	0	0.016	0.016	0.016	0	0	0	0	0	0	0.008	0.016	0.008	0	0.008	0.008	0.016	0.016	0	0.008	0	0.016	0.016	0	0.016	0	0.008	0.008	0	0	0.008	0	0.008	0	0.016	0.016	0	0.016	0.016	0	0	0.016	0.016	0.016	0	0.016	0.016	0.016	0.016	0.016	0.016	0	0	0	0.016	0	0.008	0	0.008	0.008	0.016	0.016	0	0.016	0.016	0.016	0.016	0	0	0	0.008	0	0	0.008	0	0.008	0.008	0	0	0		0	0.008	0.008	0	0	0.016	0.016	0	0	0	0
Sphaeroforma_arctica_JP610	0.144	0	0	0	0.192	0.096	0.192	0.192	0.192	0.04	0	0.032	0.072	0.104	0.12	0.152	0.192	0.096	0.008	0.12	0.04	0.192	0.192	0	0	0.072	0.192	0.192	0	0.192	0.016	0	0.032	0.064	0	0.112	0.032	0.064	0	0.192	0.128	0	0.192	0.192	0.024	0	0.192	0.072	0.192	0.088	0.192	0.192	0.192	0.192	0.192	0.192	0.104	0.016	0	0.192	0.08	0.04	0	0.016	0.024	0.192	0.192	0	0.192	0.192	0.192	0.192	0	0	0	0.152	0	0	0	0.08	0.072	0.04	0	0.12	0.064	0		0.136	0	0.04	0.04	0.192	0.192	0.032	0	0	0.016
Spongilla_lacustris	0.096	0.008	0.008	0	0.536	0.096	0.536	0.536	0.536	0.04	0	0.032	0.064	0.16	0.096	0.144	0.536	0.064	0.008	0.168	0.112	0.536	0.536	0	0.008	0.048	0.536	0.536	0	0.536	0.016	0.008	0.016	0.04	0	0.512	0	0.16	0	0.536	0.24	0	0.536	0.536	0.024	0	0.536	0.392	0.536	0.064	0.536	0.536	0.536	0.536	0.536	0.536	0.144	0.016	0	0.536	0.136	0.048	0	0.008	0.008	0.536	0.536	0	0.536	0.536	0.536	0.536	0	0	0	0.168	0	0	0.008	0.08	0.144	0.056	0	0.096	0.04	0.008	0.136		0.008	0.04	0.04	0.536	0.536	0	0	0	0
Stephanoeca_diplocostata_AUFR	0	0.008	0.008	0	0.008	0	0.008	0.008	0.008	0	0	0	0	0	0	0	0.008	0	0	0.008	0.008	0.008	0.008	0	0.008	0	0.008	0.008	0	0.008	0	0.008	0.008	0	0	0.008	0	0.008	0	0.008	0.008	0	0.008	0.008	0	0	0.008	0.008	0.008	0	0.008	0.008	0.008	0.008	0.008	0.008	0	0	0	0.008	0	0.008	0	0	0.008	0.008	0.008	0	0.008	0.008	0.008	0.008	0	0	0	0	0	0	0.008	0	0.008	0.008	0	0	0	0.008	0	0.008		0	0	0.008	0.008	0	0	0	0
Stomolophus_meleagris	0.024	0	0	0	0.064	0.04	0.064	0.064	0.064	0.04	0	0	0.008	0.008	0.024	0.064	0.064	0.008	0	0.024	0	0.064	0.064	0	0.024	0.04	0.064	0.064	0.024	0.064	0	0	0	0	0.024	0.064	0	0.04	0	0.064	0.04	0	0.064	0.064	0	0	0.064	0.064	0.064	0.008	0.064	0.064	0.064	0.064	0.064	0.064	0.008	0.024	0	0.064	0.008	0.04	0	0.024	0.024	0.064	0.064	0	0.064	0.064	0.064	0.064	0	0.008	0	0.064	0.016	0.008	0	0.024	0	0	0	0.04	0.04	0	0.04	0.04	0		0.04	0.064	0.064	0	0	0	0
Strongylocentrotus_purpuratus	0.024	0	0	0	0.04	0.04	0.04	0.04	0.04	0.04	0	0	0.008	0.008	0	0.04	0.04	0.008	0	0	0	0.04	0.04	0	0	0.04	0.04	0.04	0	0.04	0	0	0	0	0	0.04	0	0.04	0	0.04	0.04	0	0.04	0.04	0	0	0.04	0.04	0.04	0.008	0.04	0.04	0.04	0.04	0.04	0.04	0.008	0	0	0.04	0.008	0.04	0	0	0	0.04	0.04	0	0.04	0.04	0.04	0.04	0	0	0	0.04	0	0	0	0.024	0	0	0	0.04	0.04	0	0.04	0.04	0	0.04		0.04	0.04	0	0	0	0
Sycon_ciliatum	0.2	0.008	0.008	0	1	0.096	1	1	1	0.04	0	0.032	0.088	0.16	0.28	0.608	1	0.192	0.008	0.408	0.112	1	1	0	0.04	0.088	1	1	0.032	1	0.016	0.04	0.04	0.08	0.072	0.536	0.032	0.216	0	1	0.4	0	1	1	0.024	0	1	0.792	1	0.104	1	1	1	1	1	1	0.144	0.096	0	1	0.136	0.048	0	0.168	0.336	1	1	0	1	1	1	1	0	0.008	0	0.632	0.016	0.008	0.008	0.08	0.144	0.056	0	0.136	0.096	0.016	0.192	0.536	0.008	0.064	0.04		1	0.064	0	0	0.016
Sycon_coactum	0.2	0.008	0.008	0	1	0.096	1	1	1	0.04	0	0.032	0.088	0.16	0.28	0.608	1	0.192	0.008	0.408	0.112	1	1	0	0.04	0.088	1	1	0.032	1	0.016	0.04	0.04	0.08	0.072	0.536	0.032	0.216	0	1	0.4	0	1	1	0.024	0	1	0.792	1	0.104	1	1	1	1	1	1	0.144	0.096	0	1	0.136	0.048	0	0.168	0.336	1	1	0	1	1	1	1	0	0.008	0	0.632	0.016	0.008	0.008	0.08	0.144	0.056	0	0.136	0.096	0.016	0.192	0.536	0.008	0.064	0.04	1		0.064	0	0	0.016
Sympagella_nux	0.064	0	0	0	0.064	0	0.064	0.064	0.064	0	0	0	0	0	0	0.064	0.064	0.064	0	0	0	0.064	0.064	0	0	0	0.064	0.064	0	0.064	0	0	0.024	0	0	0	0.032	0	0	0.064	0.064	0	0.064	0.064	0	0	0.064	0	0.064	0	0.064	0.064	0.064	0.064	0.064	0.064	0	0	0	0.064	0	0	0	0	0	0.064	0.064	0	0.064	0.064	0.064	0.064	0	0	0	0.064	0	0	0	0	0	0	0	0	0	0	0.032	0	0	0	0	0.064	0.064		0	0	0
Tribolium_castaneum	0	0	0	0	0	0	0	0	0	0	0	0	0	0	0	0	0	0	0	0	0	0	0	0	0	0	0	0	0	0	0	0	0	0	0	0	0	0	0	0	0	0	0	0	0	0	0	0	0	0	0	0	0	0	0	0	0	0	0	0	0	0	0	0	0	0	0	0	0	0	0	0	0	0	0	0	0	0	0	0	0	0	0	0	0	0	0	0	0	0	0	0	0	0		0	0
Trichoplax_adhaerens	0	0	0	0	0	0	0	0	0	0	0	0	0	0	0	0	0	0	0	0	0	0	0	0	0	0	0	0	0	0	0	0	0	0	0	0	0	0	0	0	0	0	0	0	0	0	0	0	0	0	0	0	0	0	0	0	0	0	0	0	0	0	0	0	0	0	0	0	0	0	0	0	0	0	0	0	0	0	0	0	0	0	0	0	0	0	0	0	0	0	0	0	0	0	0		0
Vallicula_multiformis	0.016	0	0	0	0.016	0	0.016	0.016	0.016	0	0	0	0	0	0.016	0.016	0.016	0	0	0.016	0	0.016	0.016	0	0	0.016	0.016	0.016	0	0.016	0	0	0	0.016	0	0	0	0.016	0	0.016	0	0	0.016	0.016	0	0	0.016	0.016	0.016	0.016	0.016	0.016	0.016	0.016	0.016	0.016	0	0	0	0.016	0	0	0	0	0.016	0.016	0.016	0	0.016	0.016	0.016	0.016	0	0	0	0.016	0	0	0	0	0	0	0	0.016	0.016	0	0.016	0	0	0	0	0.016	0.016	0	0	0	
