	Abeoforma_whisleri	Acanthoeca_sp_10tr	Acanthoeca_spectabilis_VA_02	Aiptasia_pallida	Alatina_alata	Amoebidium_parasiticum_JAP72	Amphimedon_queenslandica	Antipathes_caribbeana	Aphrocallistes_vastus	Aplysia_californica	Atolla_vanhoeffeni	Aurelia_aurita	Beroe_abyssicola	Beroe_sp	Bolinopsis_infundibulum	Bolocera_tuedia	Branchiostoma_floridae	Capitella_teleta	Capsaspora_owczarzaki_atcc30864	Cestum_veneris	Choanoeca_perplexa_11	Chondrilla_nucula	Clathrina_coriacea	Clytia_hemisphaerica	Codosiga_hollandica_17	Coeloplana_species	Corticium_candelabrum	Craspedacusta_sowerbyi	Crassostrea_gigas	Creolimax_fragrantissima	Daphnia_pulex	Diaphanoeca_grandis_RI_01	Didymoeca_costata_10	Dryodora_glandiformis	Edwardsiella_lineata	Ephydatia_muelleri	Euplectella_aspergillum	Euplokamis_dunlapae	Gorgonia_ventalina	Grantia_compressa	Helobdella_robusta	Homo_sapiens	Hormiphora_californensis	Hyalonema_populiferum	Hydra_magnipapillata	Hydractinia_polyclina	Ircinia_fasciculata	Ixodes_scapularis	Kirkpatrickia_variolosa	Lampea_pancerina	Latrunculia_apicalis	Leuconia_nivea	Leucosolenia_complicata	Liriope_tetraphylla	Lucernariopsis_campanulata	Ministeria_vibrans	Mnemiopsis_leidyi	Monosiga_brevicollis_mx1	Montastraea_faveolata	Mycale_phyllophila	Mylnosiga_fluctuans_19	Nanomia_bijuga	Nematostella_vectensis	Oscarella_carmela	Oscarella_species	Pelagia_noctiluca	Pennatula_rubra	Periphylla_periphylla	Petrosia_ficiformis	Pirum_gemmata	Plakina_jani	Pleraplysilla_spinifera	Pleurobrachia_species	Plumapathes_pennacea	Porites_australiensis	Rossella_fibulata	Saccoglossus_kowalevskii	Salpingoeca_dolichothecata_16	Salpingoeca_helianthica_18	Salpingoeca_infusionum_12	Salpingoeca_macrocollata_06	Salpingoeca_punica_03	Salpingoeca_qvevrii_09	Salpingoeca_roanoka_13	Salpingoeca_rosetta	Salpingoeca_urceolata_04	Sphaeroforma_arctica_JP610	Spongilla_lacustris	Stephanoeca_diplocostata_AUFR	Stomolophus_meleagris	Strongylocentrotus_purpuratus	Sycon_ciliatum	Sycon_coactum	Sympagella_nux	Tribolium_castaneum	Trichoplax_adhaerens	Vallicula_multiformis
Abeoforma_whisleri		0.064	0.072	0	0	0.136	1	0	0.416	0	0	0.312	0	1	1	1	1	0.008	1	0	0.016	1	1	1	0	0	1	0	0	1	1	0.104	0	1	0.128	1	1	0	0.2	0.112	1	0	0.088	1	0.008	0	0.616	0.016	1	0	1	0.36	0.072	1	1	1	0	1	0	1	0.032	0	0.032	1	1	0.096	1	0	1	0.096	1	1	0.016	0	0	0.448	0.048	0	0.024	0.104	0.016	0	0.056	0.12	0.032	0	1	1	0.216	0	1	0.096	0.16	0.656	1	1	0
Acanthoeca_sp_10tr	0.064		0.048	0	0	0	0.064	0	0.048	0	0	0.048	0	0.064	0.064	0.064	0.064	0	0.064	0	0	0.064	0.064	0.064	0	0	0.064	0	0	0.064	0.064	0.048	0	0.064	0.048	0.064	0.064	0	0.008	0.016	0.064	0	0.008	0.064	0.008	0	0.064	0	0.064	0	0.064	0.016	0.016	0.064	0.064	0.064	0	0.064	0	0.064	0	0	0	0.064	0.064	0.04	0.064	0	0.064	0	0.064	0.064	0.008	0	0	0.048	0	0	0	0	0	0	0	0.016	0	0	0.064	0.064	0.024	0	0.064	0.016	0.032	0.048	0.064	0.064	0
Acanthoeca_spectabilis_VA_02	0.072	0.048		0	0	0	0.072	0	0.072	0	0	0.072	0	0.072	0.072	0.072	0.072	0	0.072	0	0	0.072	0.072	0.072	0	0	0.072	0	0	0.072	0.072	0.072	0	0.072	0.072	0.072	0.072	0	0	0	0.072	0	0	0.072	0.008	0	0.072	0	0.072	0	0.072	0	0	0.072	0.072	0.072	0	0.072	0	0.072	0	0	0	0.072	0.072	0.064	0.072	0	0.072	0	0.072	0.072	0	0	0	0.072	0.016	0	0	0	0	0	0	0	0	0	0.072	0.072	0.048	0	0.072	0	0.04	0.072	0.072	0.072	0
Aiptasia_pallida	0	0	0		0	0	0	0	0	0	0	0	0	0	0	0	0	0	0	0	0	0	0	0	0	0	0	0	0	0	0	0	0	0	0	0	0	0	0	0	0	0	0	0	0	0	0	0	0	0	0	0	0	0	0	0	0	0	0	0	0	0	0	0	0	0	0	0	0	0	0	0	0	0	0	0	0	0	0	0	0	0	0	0	0	0	0	0	0	0	0	0	0	0	0	0	0
Alatina_alata	0	0	0	0		0	0	0	0	0	0	0	0	0	0	0	0	0	0	0	0	0	0	0	0	0	0	0	0	0	0	0	0	0	0	0	0	0	0	0	0	0	0	0	0	0	0	0	0	0	0	0	0	0	0	0	0	0	0	0	0	0	0	0	0	0	0	0	0	0	0	0	0	0	0	0	0	0	0	0	0	0	0	0	0	0	0	0	0	0	0	0	0	0	0	0	0
Amoebidium_parasiticum_JAP72	0.136	0	0	0	0		0.136	0	0.136	0	0	0.104	0	0.136	0.136	0.136	0.136	0	0.136	0	0	0.136	0.136	0.136	0	0	0.136	0	0	0.136	0.136	0	0	0.136	0	0.136	0.136	0	0	0	0.136	0	0	0.136	0	0	0.064	0	0.136	0	0.136	0	0	0.136	0.136	0.136	0	0.136	0	0.136	0.016	0	0	0.136	0.136	0	0.136	0	0.136	0.072	0.136	0.136	0	0	0	0.136	0	0	0.016	0.064	0.008	0	0.056	0.056	0	0	0.136	0.136	0	0	0.136	0	0	0.136	0.136	0.136	0
Amphimedon_queenslandica	1	0.064	0.072	0	0	0.136		0	0.416	0	0	0.312	0	1	1	1	1	0.008	1	0	0.016	1	1	1	0	0	1	0	0	1	1	0.104	0	1	0.128	1	1	0	0.2	0.112	1	0	0.088	1	0.008	0	0.616	0.016	1	0	1	0.36	0.072	1	1	1	0	1	0	1	0.032	0	0.032	1	1	0.096	1	0	1	0.096	1	1	0.016	0	0	0.448	0.048	0	0.024	0.104	0.016	0	0.056	0.12	0.032	0	1	1	0.216	0	1	0.096	0.16	0.656	1	1	0
Antipathes_caribbeana	0	0	0	0	0	0	0		0	0	0	0	0	0	0	0	0	0	0	0	0	0	0	0	0	0	0	0	0	0	0	0	0	0	0	0	0	0	0	0	0	0	0	0	0	0	0	0	0	0	0	0	0	0	0	0	0	0	0	0	0	0	0	0	0	0	0	0	0	0	0	0	0	0	0	0	0	0	0	0	0	0	0	0	0	0	0	0	0	0	0	0	0	0	0	0	0
Aphrocallistes_vastus	0.416	0.048	0.072	0	0	0.136	0.416	0		0	0	0.312	0	0.416	0.416	0.416	0.416	0.008	0.416	0	0.016	0.416	0.416	0.416	0	0	0.416	0	0	0.416	0.416	0.104	0	0.416	0.128	0.416	0.416	0	0.008	0	0.416	0	0.008	0.416	0.008	0	0.224	0.016	0.416	0	0.416	0.008	0	0.416	0.416	0.416	0	0.416	0	0.416	0.032	0	0.008	0.416	0.416	0.096	0.416	0	0.416	0.096	0.416	0.416	0.008	0	0	0.384	0.048	0	0.024	0.072	0.016	0	0.056	0.104	0	0	0.416	0.416	0.088	0	0.416	0.008	0.072	0.416	0.416	0.416	0
Aplysia_californica	0	0	0	0	0	0	0	0	0		0	0	0	0	0	0	0	0	0	0	0	0	0	0	0	0	0	0	0	0	0	0	0	0	0	0	0	0	0	0	0	0	0	0	0	0	0	0	0	0	0	0	0	0	0	0	0	0	0	0	0	0	0	0	0	0	0	0	0	0	0	0	0	0	0	0	0	0	0	0	0	0	0	0	0	0	0	0	0	0	0	0	0	0	0	0	0
Atolla_vanhoeffeni	0	0	0	0	0	0	0	0	0	0		0	0	0	0	0	0	0	0	0	0	0	0	0	0	0	0	0	0	0	0	0	0	0	0	0	0	0	0	0	0	0	0	0	0	0	0	0	0	0	0	0	0	0	0	0	0	0	0	0	0	0	0	0	0	0	0	0	0	0	0	0	0	0	0	0	0	0	0	0	0	0	0	0	0	0	0	0	0	0	0	0	0	0	0	0	0
Aurelia_aurita	0.312	0.048	0.072	0	0	0.104	0.312	0	0.312	0	0		0	0.312	0.312	0.312	0.312	0.008	0.312	0	0.016	0.312	0.312	0.312	0	0	0.312	0	0	0.312	0.312	0.104	0	0.312	0.128	0.312	0.312	0	0	0	0.312	0	0.008	0.312	0.008	0	0.216	0.016	0.312	0	0.312	0	0	0.312	0.312	0.312	0	0.312	0	0.312	0.024	0	0	0.312	0.312	0.096	0.312	0	0.312	0.064	0.312	0.312	0.008	0	0	0.312	0.048	0	0.016	0.064	0.016	0	0.056	0.104	0	0	0.312	0.312	0.08	0	0.312	0	0.072	0.312	0.312	0.312	0
Beroe_abyssicola	0	0	0	0	0	0	0	0	0	0	0	0		0	0	0	0	0	0	0	0	0	0	0	0	0	0	0	0	0	0	0	0	0	0	0	0	0	0	0	0	0	0	0	0	0	0	0	0	0	0	0	0	0	0	0	0	0	0	0	0	0	0	0	0	0	0	0	0	0	0	0	0	0	0	0	0	0	0	0	0	0	0	0	0	0	0	0	0	0	0	0	0	0	0	0	0
Beroe_sp	1	0.064	0.072	0	0	0.136	1	0	0.416	0	0	0.312	0		1	1	1	0.008	1	0	0.016	1	1	1	0	0	1	0	0	1	1	0.104	0	1	0.128	1	1	0	0.2	0.112	1	0	0.088	1	0.008	0	0.616	0.016	1	0	1	0.36	0.072	1	1	1	0	1	0	1	0.032	0	0.032	1	1	0.096	1	0	1	0.096	1	1	0.016	0	0	0.448	0.048	0	0.024	0.104	0.016	0	0.056	0.12	0.032	0	1	1	0.216	0	1	0.096	0.16	0.656	1	1	0
Bolinopsis_infundibulum	1	0.064	0.072	0	0	0.136	1	0	0.416	0	0	0.312	0	1		1	1	0.008	1	0	0.016	1	1	1	0	0	1	0	0	1	1	0.104	0	1	0.128	1	1	0	0.2	0.112	1	0	0.088	1	0.008	0	0.616	0.016	1	0	1	0.36	0.072	1	1	1	0	1	0	1	0.032	0	0.032	1	1	0.096	1	0	1	0.096	1	1	0.016	0	0	0.448	0.048	0	0.024	0.104	0.016	0	0.056	0.12	0.032	0	1	1	0.216	0	1	0.096	0.16	0.656	1	1	0
Bolocera_tuedia	1	0.064	0.072	0	0	0.136	1	0	0.416	0	0	0.312	0	1	1		1	0.008	1	0	0.016	1	1	1	0	0	1	0	0	1	1	0.104	0	1	0.128	1	1	0	0.2	0.112	1	0	0.088	1	0.008	0	0.616	0.016	1	0	1	0.36	0.072	1	1	1	0	1	0	1	0.032	0	0.032	1	1	0.096	1	0	1	0.096	1	1	0.016	0	0	0.448	0.048	0	0.024	0.104	0.016	0	0.056	0.12	0.032	0	1	1	0.216	0	1	0.096	0.16	0.656	1	1	0
Branchiostoma_floridae	1	0.064	0.072	0	0	0.136	1	0	0.416	0	0	0.312	0	1	1	1		0.008	1	0	0.016	1	1	1	0	0	1	0	0	1	1	0.104	0	1	0.128	1	1	0	0.2	0.112	1	0	0.088	1	0.008	0	0.616	0.016	1	0	1	0.36	0.072	1	1	1	0	1	0	1	0.032	0	0.032	1	1	0.096	1	0	1	0.096	1	1	0.016	0	0	0.448	0.048	0	0.024	0.104	0.016	0	0.056	0.12	0.032	0	1	1	0.216	0	1	0.096	0.16	0.656	1	1	0
Capitella_teleta	0.008	0	0	0	0	0	0.008	0	0.008	0	0	0.008	0	0.008	0.008	0.008	0.008		0.008	0	0.008	0.008	0.008	0.008	0	0	0.008	0	0	0.008	0.008	0.008	0	0.008	0.008	0.008	0.008	0	0	0	0.008	0	0.008	0.008	0	0	0.008	0.008	0.008	0	0.008	0	0	0.008	0.008	0.008	0	0.008	0	0.008	0.008	0	0	0.008	0.008	0.008	0.008	0	0.008	0.008	0.008	0.008	0.008	0	0	0.008	0.008	0	0	0	0.008	0	0	0.008	0	0	0.008	0.008	0.008	0	0.008	0	0.008	0.008	0.008	0.008	0
Capsaspora_owczarzaki_atcc30864	1	0.064	0.072	0	0	0.136	1	0	0.416	0	0	0.312	0	1	1	1	1	0.008		0	0.016	1	1	1	0	0	1	0	0	1	1	0.104	0	1	0.128	1	1	0	0.2	0.112	1	0	0.088	1	0.008	0	0.616	0.016	1	0	1	0.36	0.072	1	1	1	0	1	0	1	0.032	0	0.032	1	1	0.096	1	0	1	0.096	1	1	0.016	0	0	0.448	0.048	0	0.024	0.104	0.016	0	0.056	0.12	0.032	0	1	1	0.216	0	1	0.096	0.16	0.656	1	1	0
Cestum_veneris	0	0	0	0	0	0	0	0	0	0	0	0	0	0	0	0	0	0	0		0	0	0	0	0	0	0	0	0	0	0	0	0	0	0	0	0	0	0	0	0	0	0	0	0	0	0	0	0	0	0	0	0	0	0	0	0	0	0	0	0	0	0	0	0	0	0	0	0	0	0	0	0	0	0	0	0	0	0	0	0	0	0	0	0	0	0	0	0	0	0	0	0	0	0	0	0
Choanoeca_perplexa_11	0.016	0	0	0	0	0	0.016	0	0.016	0	0	0.016	0	0.016	0.016	0.016	0.016	0.008	0.016	0		0.016	0.016	0.016	0	0	0.016	0	0	0.016	0.016	0.016	0	0.016	0.016	0.016	0.016	0	0	0	0.016	0	0.008	0.016	0	0	0.016	0.016	0.016	0	0.016	0	0	0.016	0.016	0.016	0	0.016	0	0.016	0.008	0	0	0.016	0.016	0.016	0.016	0	0.016	0.016	0.016	0.016	0.008	0	0	0.016	0.016	0	0	0	0.008	0	0	0.008	0	0	0.016	0.016	0.016	0	0.016	0	0.016	0.016	0.016	0.016	0
Chondrilla_nucula	1	0.064	0.072	0	0	0.136	1	0	0.416	0	0	0.312	0	1	1	1	1	0.008	1	0	0.016		1	1	0	0	1	0	0	1	1	0.104	0	1	0.128	1	1	0	0.2	0.112	1	0	0.088	1	0.008	0	0.616	0.016	1	0	1	0.36	0.072	1	1	1	0	1	0	1	0.032	0	0.032	1	1	0.096	1	0	1	0.096	1	1	0.016	0	0	0.448	0.048	0	0.024	0.104	0.016	0	0.056	0.12	0.032	0	1	1	0.216	0	1	0.096	0.16	0.656	1	1	0
Clathrina_coriacea	1	0.064	0.072	0	0	0.136	1	0	0.416	0	0	0.312	0	1	1	1	1	0.008	1	0	0.016	1		1	0	0	1	0	0	1	1	0.104	0	1	0.128	1	1	0	0.2	0.112	1	0	0.088	1	0.008	0	0.616	0.016	1	0	1	0.36	0.072	1	1	1	0	1	0	1	0.032	0	0.032	1	1	0.096	1	0	1	0.096	1	1	0.016	0	0	0.448	0.048	0	0.024	0.104	0.016	0	0.056	0.12	0.032	0	1	1	0.216	0	1	0.096	0.16	0.656	1	1	0
Clytia_hemisphaerica	1	0.064	0.072	0	0	0.136	1	0	0.416	0	0	0.312	0	1	1	1	1	0.008	1	0	0.016	1	1		0	0	1	0	0	1	1	0.104	0	1	0.128	1	1	0	0.2	0.112	1	0	0.088	1	0.008	0	0.616	0.016	1	0	1	0.36	0.072	1	1	1	0	1	0	1	0.032	0	0.032	1	1	0.096	1	0	1	0.096	1	1	0.016	0	0	0.448	0.048	0	0.024	0.104	0.016	0	0.056	0.12	0.032	0	1	1	0.216	0	1	0.096	0.16	0.656	1	1	0
Codosiga_hollandica_17	0	0	0	0	0	0	0	0	0	0	0	0	0	0	0	0	0	0	0	0	0	0	0	0		0	0	0	0	0	0	0	0	0	0	0	0	0	0	0	0	0	0	0	0	0	0	0	0	0	0	0	0	0	0	0	0	0	0	0	0	0	0	0	0	0	0	0	0	0	0	0	0	0	0	0	0	0	0	0	0	0	0	0	0	0	0	0	0	0	0	0	0	0	0	0	0
Coeloplana_species	0	0	0	0	0	0	0	0	0	0	0	0	0	0	0	0	0	0	0	0	0	0	0	0	0		0	0	0	0	0	0	0	0	0	0	0	0	0	0	0	0	0	0	0	0	0	0	0	0	0	0	0	0	0	0	0	0	0	0	0	0	0	0	0	0	0	0	0	0	0	0	0	0	0	0	0	0	0	0	0	0	0	0	0	0	0	0	0	0	0	0	0	0	0	0	0
Corticium_candelabrum	1	0.064	0.072	0	0	0.136	1	0	0.416	0	0	0.312	0	1	1	1	1	0.008	1	0	0.016	1	1	1	0	0		0	0	1	1	0.104	0	1	0.128	1	1	0	0.2	0.112	1	0	0.088	1	0.008	0	0.616	0.016	1	0	1	0.36	0.072	1	1	1	0	1	0	1	0.032	0	0.032	1	1	0.096	1	0	1	0.096	1	1	0.016	0	0	0.448	0.048	0	0.024	0.104	0.016	0	0.056	0.12	0.032	0	1	1	0.216	0	1	0.096	0.16	0.656	1	1	0
Craspedacusta_sowerbyi	0	0	0	0	0	0	0	0	0	0	0	0	0	0	0	0	0	0	0	0	0	0	0	0	0	0	0		0	0	0	0	0	0	0	0	0	0	0	0	0	0	0	0	0	0	0	0	0	0	0	0	0	0	0	0	0	0	0	0	0	0	0	0	0	0	0	0	0	0	0	0	0	0	0	0	0	0	0	0	0	0	0	0	0	0	0	0	0	0	0	0	0	0	0	0	0
Crassostrea_gigas	0	0	0	0	0	0	0	0	0	0	0	0	0	0	0	0	0	0	0	0	0	0	0	0	0	0	0	0		0	0	0	0	0	0	0	0	0	0	0	0	0	0	0	0	0	0	0	0	0	0	0	0	0	0	0	0	0	0	0	0	0	0	0	0	0	0	0	0	0	0	0	0	0	0	0	0	0	0	0	0	0	0	0	0	0	0	0	0	0	0	0	0	0	0	0	0
Creolimax_fragrantissima	1	0.064	0.072	0	0	0.136	1	0	0.416	0	0	0.312	0	1	1	1	1	0.008	1	0	0.016	1	1	1	0	0	1	0	0		1	0.104	0	1	0.128	1	1	0	0.2	0.112	1	0	0.088	1	0.008	0	0.616	0.016	1	0	1	0.36	0.072	1	1	1	0	1	0	1	0.032	0	0.032	1	1	0.096	1	0	1	0.096	1	1	0.016	0	0	0.448	0.048	0	0.024	0.104	0.016	0	0.056	0.12	0.032	0	1	1	0.216	0	1	0.096	0.16	0.656	1	1	0
Daphnia_pulex	1	0.064	0.072	0	0	0.136	1	0	0.416	0	0	0.312	0	1	1	1	1	0.008	1	0	0.016	1	1	1	0	0	1	0	0	1		0.104	0	1	0.128	1	1	0	0.2	0.112	1	0	0.088	1	0.008	0	0.616	0.016	1	0	1	0.36	0.072	1	1	1	0	1	0	1	0.032	0	0.032	1	1	0.096	1	0	1	0.096	1	1	0.016	0	0	0.448	0.048	0	0.024	0.104	0.016	0	0.056	0.12	0.032	0	1	1	0.216	0	1	0.096	0.16	0.656	1	1	0
Diaphanoeca_grandis_RI_01	0.104	0.048	0.072	0	0	0	0.104	0	0.104	0	0	0.104	0	0.104	0.104	0.104	0.104	0.008	0.104	0	0.016	0.104	0.104	0.104	0	0	0.104	0	0	0.104	0.104		0	0.104	0.104	0.104	0.104	0	0	0	0.104	0	0.008	0.104	0.008	0	0.104	0.016	0.104	0	0.104	0	0	0.104	0.104	0.104	0	0.104	0	0.104	0.008	0	0	0.104	0.104	0.096	0.104	0	0.104	0.016	0.104	0.104	0.008	0	0	0.104	0.048	0	0	0	0.008	0	0	0.008	0	0	0.104	0.104	0.08	0	0.104	0	0.072	0.104	0.104	0.104	0
Didymoeca_costata_10	0	0	0	0	0	0	0	0	0	0	0	0	0	0	0	0	0	0	0	0	0	0	0	0	0	0	0	0	0	0	0	0		0	0	0	0	0	0	0	0	0	0	0	0	0	0	0	0	0	0	0	0	0	0	0	0	0	0	0	0	0	0	0	0	0	0	0	0	0	0	0	0	0	0	0	0	0	0	0	0	0	0	0	0	0	0	0	0	0	0	0	0	0	0	0	0
Dryodora_glandiformis	1	0.064	0.072	0	0	0.136	1	0	0.416	0	0	0.312	0	1	1	1	1	0.008	1	0	0.016	1	1	1	0	0	1	0	0	1	1	0.104	0		0.128	1	1	0	0.2	0.112	1	0	0.088	1	0.008	0	0.616	0.016	1	0	1	0.36	0.072	1	1	1	0	1	0	1	0.032	0	0.032	1	1	0.096	1	0	1	0.096	1	1	0.016	0	0	0.448	0.048	0	0.024	0.104	0.016	0	0.056	0.12	0.032	0	1	1	0.216	0	1	0.096	0.16	0.656	1	1	0
Edwardsiella_lineata	0.128	0.048	0.072	0	0	0	0.128	0	0.128	0	0	0.128	0	0.128	0.128	0.128	0.128	0.008	0.128	0	0.016	0.128	0.128	0.128	0	0	0.128	0	0	0.128	0.128	0.104	0	0.128		0.128	0.128	0	0	0	0.128	0	0.008	0.128	0.008	0	0.128	0.016	0.128	0	0.128	0	0	0.128	0.128	0.128	0	0.128	0	0.128	0.008	0	0	0.128	0.128	0.096	0.128	0	0.128	0.016	0.128	0.128	0.008	0	0	0.128	0.048	0	0	0	0.008	0	0	0.008	0	0	0.128	0.128	0.08	0	0.128	0	0.072	0.128	0.128	0.128	0
Ephydatia_muelleri	1	0.064	0.072	0	0	0.136	1	0	0.416	0	0	0.312	0	1	1	1	1	0.008	1	0	0.016	1	1	1	0	0	1	0	0	1	1	0.104	0	1	0.128		1	0	0.2	0.112	1	0	0.088	1	0.008	0	0.616	0.016	1	0	1	0.36	0.072	1	1	1	0	1	0	1	0.032	0	0.032	1	1	0.096	1	0	1	0.096	1	1	0.016	0	0	0.448	0.048	0	0.024	0.104	0.016	0	0.056	0.12	0.032	0	1	1	0.216	0	1	0.096	0.16	0.656	1	1	0
Euplectella_aspergillum	1	0.064	0.072	0	0	0.136	1	0	0.416	0	0	0.312	0	1	1	1	1	0.008	1	0	0.016	1	1	1	0	0	1	0	0	1	1	0.104	0	1	0.128	1		0	0.2	0.112	1	0	0.088	1	0.008	0	0.616	0.016	1	0	1	0.36	0.072	1	1	1	0	1	0	1	0.032	0	0.032	1	1	0.096	1	0	1	0.096	1	1	0.016	0	0	0.448	0.048	0	0.024	0.104	0.016	0	0.056	0.12	0.032	0	1	1	0.216	0	1	0.096	0.16	0.656	1	1	0
Euplokamis_dunlapae	0	0	0	0	0	0	0	0	0	0	0	0	0	0	0	0	0	0	0	0	0	0	0	0	0	0	0	0	0	0	0	0	0	0	0	0	0		0	0	0	0	0	0	0	0	0	0	0	0	0	0	0	0	0	0	0	0	0	0	0	0	0	0	0	0	0	0	0	0	0	0	0	0	0	0	0	0	0	0	0	0	0	0	0	0	0	0	0	0	0	0	0	0	0	0	0
Gorgonia_ventalina	0.2	0.008	0	0	0	0	0.2	0	0.008	0	0	0	0	0.2	0.2	0.2	0.2	0	0.2	0	0	0.2	0.2	0.2	0	0	0.2	0	0	0.2	0.2	0	0	0.2	0	0.2	0.2	0		0.008	0.2	0	0.008	0.2	0	0	0.2	0	0.2	0	0.2	0.2	0.016	0.2	0.2	0.2	0	0.2	0	0.2	0	0	0.032	0.2	0.2	0	0.2	0	0.2	0	0.2	0.2	0.008	0	0	0.04	0	0	0	0.04	0	0	0	0.008	0.032	0	0.2	0.2	0.008	0	0.2	0.024	0.016	0.144	0.2	0.2	0
Grantia_compressa	0.112	0.016	0	0	0	0	0.112	0	0	0	0	0	0	0.112	0.112	0.112	0.112	0	0.112	0	0	0.112	0.112	0.112	0	0	0.112	0	0	0.112	0.112	0	0	0.112	0	0.112	0.112	0	0.008		0.112	0	0.024	0.112	0	0	0.112	0	0.112	0	0.112	0.08	0.064	0.112	0.112	0.112	0	0.112	0	0.112	0	0	0	0.112	0.112	0	0.112	0	0.112	0	0.112	0.112	0.008	0	0	0	0	0	0	0	0	0	0	0.016	0	0	0.112	0.112	0.072	0	0.112	0.032	0.08	0	0.112	0.112	0
Helobdella_robusta	1	0.064	0.072	0	0	0.136	1	0	0.416	0	0	0.312	0	1	1	1	1	0.008	1	0	0.016	1	1	1	0	0	1	0	0	1	1	0.104	0	1	0.128	1	1	0	0.2	0.112		0	0.088	1	0.008	0	0.616	0.016	1	0	1	0.36	0.072	1	1	1	0	1	0	1	0.032	0	0.032	1	1	0.096	1	0	1	0.096	1	1	0.016	0	0	0.448	0.048	0	0.024	0.104	0.016	0	0.056	0.12	0.032	0	1	1	0.216	0	1	0.096	0.16	0.656	1	1	0
Homo_sapiens	0	0	0	0	0	0	0	0	0	0	0	0	0	0	0	0	0	0	0	0	0	0	0	0	0	0	0	0	0	0	0	0	0	0	0	0	0	0	0	0	0		0	0	0	0	0	0	0	0	0	0	0	0	0	0	0	0	0	0	0	0	0	0	0	0	0	0	0	0	0	0	0	0	0	0	0	0	0	0	0	0	0	0	0	0	0	0	0	0	0	0	0	0	0	0	0
Hormiphora_californensis	0.088	0.008	0	0	0	0	0.088	0	0.008	0	0	0.008	0	0.088	0.088	0.088	0.088	0.008	0.088	0	0.008	0.088	0.088	0.088	0	0	0.088	0	0	0.088	0.088	0.008	0	0.088	0.008	0.088	0.088	0	0.008	0.024	0.088	0		0.088	0	0	0.088	0.008	0.088	0	0.088	0.08	0.016	0.088	0.088	0.088	0	0.088	0	0.088	0.008	0	0	0.088	0.088	0.008	0.088	0	0.088	0.008	0.088	0.088	0.008	0	0	0.04	0.008	0	0	0.008	0.008	0	0	0.016	0	0	0.088	0.088	0.048	0	0.088	0.072	0.016	0.016	0.088	0.088	0
Hyalonema_populiferum	1	0.064	0.072	0	0	0.136	1	0	0.416	0	0	0.312	0	1	1	1	1	0.008	1	0	0.016	1	1	1	0	0	1	0	0	1	1	0.104	0	1	0.128	1	1	0	0.2	0.112	1	0	0.088		0.008	0	0.616	0.016	1	0	1	0.36	0.072	1	1	1	0	1	0	1	0.032	0	0.032	1	1	0.096	1	0	1	0.096	1	1	0.016	0	0	0.448	0.048	0	0.024	0.104	0.016	0	0.056	0.12	0.032	0	1	1	0.216	0	1	0.096	0.16	0.656	1	1	0
Hydra_magnipapillata	0.008	0.008	0.008	0	0	0	0.008	0	0.008	0	0	0.008	0	0.008	0.008	0.008	0.008	0	0.008	0	0	0.008	0.008	0.008	0	0	0.008	0	0	0.008	0.008	0.008	0	0.008	0.008	0.008	0.008	0	0	0	0.008	0	0	0.008		0	0.008	0	0.008	0	0.008	0	0	0.008	0.008	0.008	0	0.008	0	0.008	0	0	0	0.008	0.008	0.008	0.008	0	0.008	0	0.008	0.008	0	0	0	0.008	0	0	0	0	0	0	0	0	0	0	0.008	0.008	0	0	0.008	0	0	0.008	0.008	0.008	0
Hydractinia_polyclina	0	0	0	0	0	0	0	0	0	0	0	0	0	0	0	0	0	0	0	0	0	0	0	0	0	0	0	0	0	0	0	0	0	0	0	0	0	0	0	0	0	0	0	0	0		0	0	0	0	0	0	0	0	0	0	0	0	0	0	0	0	0	0	0	0	0	0	0	0	0	0	0	0	0	0	0	0	0	0	0	0	0	0	0	0	0	0	0	0	0	0	0	0	0	0	0
Ircinia_fasciculata	0.616	0.064	0.072	0	0	0.064	0.616	0	0.224	0	0	0.216	0	0.616	0.616	0.616	0.616	0.008	0.616	0	0.016	0.616	0.616	0.616	0	0	0.616	0	0	0.616	0.616	0.104	0	0.616	0.128	0.616	0.616	0	0.2	0.112	0.616	0	0.088	0.616	0.008	0		0.016	0.616	0	0.616	0.36	0.072	0.616	0.616	0.616	0	0.616	0	0.616	0.008	0	0.032	0.616	0.616	0.096	0.616	0	0.616	0.016	0.616	0.616	0.016	0	0	0.288	0.048	0	0	0.104	0.008	0	0.056	0.08	0.032	0	0.616	0.616	0.216	0	0.616	0.096	0.16	0.36	0.616	0.616	0
Ixodes_scapularis	0.016	0	0	0	0	0	0.016	0	0.016	0	0	0.016	0	0.016	0.016	0.016	0.016	0.008	0.016	0	0.016	0.016	0.016	0.016	0	0	0.016	0	0	0.016	0.016	0.016	0	0.016	0.016	0.016	0.016	0	0	0	0.016	0	0.008	0.016	0	0	0.016		0.016	0	0.016	0	0	0.016	0.016	0.016	0	0.016	0	0.016	0.008	0	0	0.016	0.016	0.016	0.016	0	0.016	0.016	0.016	0.016	0.008	0	0	0.016	0.016	0	0	0	0.008	0	0	0.008	0	0	0.016	0.016	0.016	0	0.016	0	0.016	0.016	0.016	0.016	0
Kirkpatrickia_variolosa	1	0.064	0.072	0	0	0.136	1	0	0.416	0	0	0.312	0	1	1	1	1	0.008	1	0	0.016	1	1	1	0	0	1	0	0	1	1	0.104	0	1	0.128	1	1	0	0.2	0.112	1	0	0.088	1	0.008	0	0.616	0.016		0	1	0.36	0.072	1	1	1	0	1	0	1	0.032	0	0.032	1	1	0.096	1	0	1	0.096	1	1	0.016	0	0	0.448	0.048	0	0.024	0.104	0.016	0	0.056	0.12	0.032	0	1	1	0.216	0	1	0.096	0.16	0.656	1	1	0
Lampea_pancerina	0	0	0	0	0	0	0	0	0	0	0	0	0	0	0	0	0	0	0	0	0	0	0	0	0	0	0	0	0	0	0	0	0	0	0	0	0	0	0	0	0	0	0	0	0	0	0	0	0		0	0	0	0	0	0	0	0	0	0	0	0	0	0	0	0	0	0	0	0	0	0	0	0	0	0	0	0	0	0	0	0	0	0	0	0	0	0	0	0	0	0	0	0	0	0	0
Latrunculia_apicalis	1	0.064	0.072	0	0	0.136	1	0	0.416	0	0	0.312	0	1	1	1	1	0.008	1	0	0.016	1	1	1	0	0	1	0	0	1	1	0.104	0	1	0.128	1	1	0	0.2	0.112	1	0	0.088	1	0.008	0	0.616	0.016	1	0		0.36	0.072	1	1	1	0	1	0	1	0.032	0	0.032	1	1	0.096	1	0	1	0.096	1	1	0.016	0	0	0.448	0.048	0	0.024	0.104	0.016	0	0.056	0.12	0.032	0	1	1	0.216	0	1	0.096	0.16	0.656	1	1	0
Leuconia_nivea	0.36	0.016	0	0	0	0	0.36	0	0.008	0	0	0	0	0.36	0.36	0.36	0.36	0	0.36	0	0	0.36	0.36	0.36	0	0	0.36	0	0	0.36	0.36	0	0	0.36	0	0.36	0.36	0	0.2	0.08	0.36	0	0.08	0.36	0	0	0.36	0	0.36	0	0.36		0.04	0.36	0.36	0.36	0	0.36	0	0.36	0	0	0.032	0.36	0.36	0	0.36	0	0.36	0	0.36	0.36	0.008	0	0	0.072	0	0	0	0.04	0	0	0	0.016	0.032	0	0.36	0.36	0.104	0	0.36	0.096	0.056	0.144	0.36	0.36	0
Leucosolenia_complicata	0.072	0.016	0	0	0	0	0.072	0	0	0	0	0	0	0.072	0.072	0.072	0.072	0	0.072	0	0	0.072	0.072	0.072	0	0	0.072	0	0	0.072	0.072	0	0	0.072	0	0.072	0.072	0	0.016	0.064	0.072	0	0.016	0.072	0	0	0.072	0	0.072	0	0.072	0.04		0.072	0.072	0.072	0	0.072	0	0.072	0	0	0	0.072	0.072	0	0.072	0	0.072	0	0.072	0.072	0.008	0	0	0	0	0	0	0	0	0	0	0.016	0	0	0.072	0.072	0.04	0	0.072	0.032	0.064	0	0.072	0.072	0
Liriope_tetraphylla	1	0.064	0.072	0	0	0.136	1	0	0.416	0	0	0.312	0	1	1	1	1	0.008	1	0	0.016	1	1	1	0	0	1	0	0	1	1	0.104	0	1	0.128	1	1	0	0.2	0.112	1	0	0.088	1	0.008	0	0.616	0.016	1	0	1	0.36	0.072		1	1	0	1	0	1	0.032	0	0.032	1	1	0.096	1	0	1	0.096	1	1	0.016	0	0	0.448	0.048	0	0.024	0.104	0.016	0	0.056	0.12	0.032	0	1	1	0.216	0	1	0.096	0.16	0.656	1	1	0
Lucernariopsis_campanulata	1	0.064	0.072	0	0	0.136	1	0	0.416	0	0	0.312	0	1	1	1	1	0.008	1	0	0.016	1	1	1	0	0	1	0	0	1	1	0.104	0	1	0.128	1	1	0	0.2	0.112	1	0	0.088	1	0.008	0	0.616	0.016	1	0	1	0.36	0.072	1		1	0	1	0	1	0.032	0	0.032	1	1	0.096	1	0	1	0.096	1	1	0.016	0	0	0.448	0.048	0	0.024	0.104	0.016	0	0.056	0.12	0.032	0	1	1	0.216	0	1	0.096	0.16	0.656	1	1	0
Ministeria_vibrans	1	0.064	0.072	0	0	0.136	1	0	0.416	0	0	0.312	0	1	1	1	1	0.008	1	0	0.016	1	1	1	0	0	1	0	0	1	1	0.104	0	1	0.128	1	1	0	0.2	0.112	1	0	0.088	1	0.008	0	0.616	0.016	1	0	1	0.36	0.072	1	1		0	1	0	1	0.032	0	0.032	1	1	0.096	1	0	1	0.096	1	1	0.016	0	0	0.448	0.048	0	0.024	0.104	0.016	0	0.056	0.12	0.032	0	1	1	0.216	0	1	0.096	0.16	0.656	1	1	0
Mnemiopsis_leidyi	0	0	0	0	0	0	0	0	0	0	0	0	0	0	0	0	0	0	0	0	0	0	0	0	0	0	0	0	0	0	0	0	0	0	0	0	0	0	0	0	0	0	0	0	0	0	0	0	0	0	0	0	0	0	0	0		0	0	0	0	0	0	0	0	0	0	0	0	0	0	0	0	0	0	0	0	0	0	0	0	0	0	0	0	0	0	0	0	0	0	0	0	0	0	0	0
Monosiga_brevicollis_mx1	1	0.064	0.072	0	0	0.136	1	0	0.416	0	0	0.312	0	1	1	1	1	0.008	1	0	0.016	1	1	1	0	0	1	0	0	1	1	0.104	0	1	0.128	1	1	0	0.2	0.112	1	0	0.088	1	0.008	0	0.616	0.016	1	0	1	0.36	0.072	1	1	1	0		0	1	0.032	0	0.032	1	1	0.096	1	0	1	0.096	1	1	0.016	0	0	0.448	0.048	0	0.024	0.104	0.016	0	0.056	0.12	0.032	0	1	1	0.216	0	1	0.096	0.16	0.656	1	1	0
Montastraea_faveolata	0	0	0	0	0	0	0	0	0	0	0	0	0	0	0	0	0	0	0	0	0	0	0	0	0	0	0	0	0	0	0	0	0	0	0	0	0	0	0	0	0	0	0	0	0	0	0	0	0	0	0	0	0	0	0	0	0	0		0	0	0	0	0	0	0	0	0	0	0	0	0	0	0	0	0	0	0	0	0	0	0	0	0	0	0	0	0	0	0	0	0	0	0	0	0	0
Mycale_phyllophila	1	0.064	0.072	0	0	0.136	1	0	0.416	0	0	0.312	0	1	1	1	1	0.008	1	0	0.016	1	1	1	0	0	1	0	0	1	1	0.104	0	1	0.128	1	1	0	0.2	0.112	1	0	0.088	1	0.008	0	0.616	0.016	1	0	1	0.36	0.072	1	1	1	0	1	0		0.032	0	0.032	1	1	0.096	1	0	1	0.096	1	1	0.016	0	0	0.448	0.048	0	0.024	0.104	0.016	0	0.056	0.12	0.032	0	1	1	0.216	0	1	0.096	0.16	0.656	1	1	0
Mylnosiga_fluctuans_19	0.032	0	0	0	0	0.016	0.032	0	0.032	0	0	0.024	0	0.032	0.032	0.032	0.032	0.008	0.032	0	0.008	0.032	0.032	0.032	0	0	0.032	0	0	0.032	0.032	0.008	0	0.032	0.008	0.032	0.032	0	0	0	0.032	0	0.008	0.032	0	0	0.008	0.008	0.032	0	0.032	0	0	0.032	0.032	0.032	0	0.032	0	0.032		0	0	0.032	0.032	0.008	0.032	0	0.032	0.024	0.032	0.032	0.008	0	0	0.032	0.008	0	0.016	0	0.016	0	0	0.008	0	0	0.032	0.032	0.008	0	0.032	0	0.008	0.032	0.032	0.032	0
Nanomia_bijuga	0	0	0	0	0	0	0	0	0	0	0	0	0	0	0	0	0	0	0	0	0	0	0	0	0	0	0	0	0	0	0	0	0	0	0	0	0	0	0	0	0	0	0	0	0	0	0	0	0	0	0	0	0	0	0	0	0	0	0	0	0		0	0	0	0	0	0	0	0	0	0	0	0	0	0	0	0	0	0	0	0	0	0	0	0	0	0	0	0	0	0	0	0	0	0	0
Nematostella_vectensis	0.032	0	0	0	0	0	0.032	0	0.008	0	0	0	0	0.032	0.032	0.032	0.032	0	0.032	0	0	0.032	0.032	0.032	0	0	0.032	0	0	0.032	0.032	0	0	0.032	0	0.032	0.032	0	0.032	0	0.032	0	0	0.032	0	0	0.032	0	0.032	0	0.032	0.032	0	0.032	0.032	0.032	0	0.032	0	0.032	0	0		0.032	0.032	0	0.032	0	0.032	0	0.032	0.032	0	0	0	0.008	0	0	0	0.032	0	0	0	0	0	0	0.032	0.032	0.008	0	0.032	0.008	0	0.032	0.032	0.032	0
Oscarella_carmela	1	0.064	0.072	0	0	0.136	1	0	0.416	0	0	0.312	0	1	1	1	1	0.008	1	0	0.016	1	1	1	0	0	1	0	0	1	1	0.104	0	1	0.128	1	1	0	0.2	0.112	1	0	0.088	1	0.008	0	0.616	0.016	1	0	1	0.36	0.072	1	1	1	0	1	0	1	0.032	0	0.032		1	0.096	1	0	1	0.096	1	1	0.016	0	0	0.448	0.048	0	0.024	0.104	0.016	0	0.056	0.12	0.032	0	1	1	0.216	0	1	0.096	0.16	0.656	1	1	0
Oscarella_species	1	0.064	0.072	0	0	0.136	1	0	0.416	0	0	0.312	0	1	1	1	1	0.008	1	0	0.016	1	1	1	0	0	1	0	0	1	1	0.104	0	1	0.128	1	1	0	0.2	0.112	1	0	0.088	1	0.008	0	0.616	0.016	1	0	1	0.36	0.072	1	1	1	0	1	0	1	0.032	0	0.032	1		0.096	1	0	1	0.096	1	1	0.016	0	0	0.448	0.048	0	0.024	0.104	0.016	0	0.056	0.12	0.032	0	1	1	0.216	0	1	0.096	0.16	0.656	1	1	0
Pelagia_noctiluca	0.096	0.04	0.064	0	0	0	0.096	0	0.096	0	0	0.096	0	0.096	0.096	0.096	0.096	0.008	0.096	0	0.016	0.096	0.096	0.096	0	0	0.096	0	0	0.096	0.096	0.096	0	0.096	0.096	0.096	0.096	0	0	0	0.096	0	0.008	0.096	0.008	0	0.096	0.016	0.096	0	0.096	0	0	0.096	0.096	0.096	0	0.096	0	0.096	0.008	0	0	0.096	0.096		0.096	0	0.096	0.016	0.096	0.096	0.008	0	0	0.096	0.048	0	0	0	0.008	0	0	0.008	0	0	0.096	0.096	0.08	0	0.096	0	0.072	0.096	0.096	0.096	0
Pennatula_rubra	1	0.064	0.072	0	0	0.136	1	0	0.416	0	0	0.312	0	1	1	1	1	0.008	1	0	0.016	1	1	1	0	0	1	0	0	1	1	0.104	0	1	0.128	1	1	0	0.2	0.112	1	0	0.088	1	0.008	0	0.616	0.016	1	0	1	0.36	0.072	1	1	1	0	1	0	1	0.032	0	0.032	1	1	0.096		0	1	0.096	1	1	0.016	0	0	0.448	0.048	0	0.024	0.104	0.016	0	0.056	0.12	0.032	0	1	1	0.216	0	1	0.096	0.16	0.656	1	1	0
Periphylla_periphylla	0	0	0	0	0	0	0	0	0	0	0	0	0	0	0	0	0	0	0	0	0	0	0	0	0	0	0	0	0	0	0	0	0	0	0	0	0	0	0	0	0	0	0	0	0	0	0	0	0	0	0	0	0	0	0	0	0	0	0	0	0	0	0	0	0	0	0		0	0	0	0	0	0	0	0	0	0	0	0	0	0	0	0	0	0	0	0	0	0	0	0	0	0	0	0	0
Petrosia_ficiformis	1	0.064	0.072	0	0	0.136	1	0	0.416	0	0	0.312	0	1	1	1	1	0.008	1	0	0.016	1	1	1	0	0	1	0	0	1	1	0.104	0	1	0.128	1	1	0	0.2	0.112	1	0	0.088	1	0.008	0	0.616	0.016	1	0	1	0.36	0.072	1	1	1	0	1	0	1	0.032	0	0.032	1	1	0.096	1	0		0.096	1	1	0.016	0	0	0.448	0.048	0	0.024	0.104	0.016	0	0.056	0.12	0.032	0	1	1	0.216	0	1	0.096	0.16	0.656	1	1	0
Pirum_gemmata	0.096	0	0	0	0	0.072	0.096	0	0.096	0	0	0.064	0	0.096	0.096	0.096	0.096	0.008	0.096	0	0.016	0.096	0.096	0.096	0	0	0.096	0	0	0.096	0.096	0.016	0	0.096	0.016	0.096	0.096	0	0	0	0.096	0	0.008	0.096	0	0	0.016	0.016	0.096	0	0.096	0	0	0.096	0.096	0.096	0	0.096	0	0.096	0.024	0	0	0.096	0.096	0.016	0.096	0	0.096		0.096	0.096	0.008	0	0	0.096	0.016	0	0.016	0	0.016	0	0	0.008	0	0	0.096	0.096	0.016	0	0.096	0	0.016	0.096	0.096	0.096	0
Plakina_jani	1	0.064	0.072	0	0	0.136	1	0	0.416	0	0	0.312	0	1	1	1	1	0.008	1	0	0.016	1	1	1	0	0	1	0	0	1	1	0.104	0	1	0.128	1	1	0	0.2	0.112	1	0	0.088	1	0.008	0	0.616	0.016	1	0	1	0.36	0.072	1	1	1	0	1	0	1	0.032	0	0.032	1	1	0.096	1	0	1	0.096		1	0.016	0	0	0.448	0.048	0	0.024	0.104	0.016	0	0.056	0.12	0.032	0	1	1	0.216	0	1	0.096	0.16	0.656	1	1	0
Pleraplysilla_spinifera	1	0.064	0.072	0	0	0.136	1	0	0.416	0	0	0.312	0	1	1	1	1	0.008	1	0	0.016	1	1	1	0	0	1	0	0	1	1	0.104	0	1	0.128	1	1	0	0.2	0.112	1	0	0.088	1	0.008	0	0.616	0.016	1	0	1	0.36	0.072	1	1	1	0	1	0	1	0.032	0	0.032	1	1	0.096	1	0	1	0.096	1		0.016	0	0	0.448	0.048	0	0.024	0.104	0.016	0	0.056	0.12	0.032	0	1	1	0.216	0	1	0.096	0.16	0.656	1	1	0
Pleurobrachia_species	0.016	0.008	0	0	0	0	0.016	0	0.008	0	0	0.008	0	0.016	0.016	0.016	0.016	0.008	0.016	0	0.008	0.016	0.016	0.016	0	0	0.016	0	0	0.016	0.016	0.008	0	0.016	0.008	0.016	0.016	0	0.008	0.008	0.016	0	0.008	0.016	0	0	0.016	0.008	0.016	0	0.016	0.008	0.008	0.016	0.016	0.016	0	0.016	0	0.016	0.008	0	0	0.016	0.016	0.008	0.016	0	0.016	0.008	0.016	0.016		0	0	0.008	0.008	0	0	0	0.008	0	0	0.016	0	0	0.016	0.016	0.008	0	0.016	0.008	0.016	0.008	0.016	0.016	0
Plumapathes_pennacea	0	0	0	0	0	0	0	0	0	0	0	0	0	0	0	0	0	0	0	0	0	0	0	0	0	0	0	0	0	0	0	0	0	0	0	0	0	0	0	0	0	0	0	0	0	0	0	0	0	0	0	0	0	0	0	0	0	0	0	0	0	0	0	0	0	0	0	0	0	0	0	0	0		0	0	0	0	0	0	0	0	0	0	0	0	0	0	0	0	0	0	0	0	0	0	0
Porites_australiensis	0	0	0	0	0	0	0	0	0	0	0	0	0	0	0	0	0	0	0	0	0	0	0	0	0	0	0	0	0	0	0	0	0	0	0	0	0	0	0	0	0	0	0	0	0	0	0	0	0	0	0	0	0	0	0	0	0	0	0	0	0	0	0	0	0	0	0	0	0	0	0	0	0	0		0	0	0	0	0	0	0	0	0	0	0	0	0	0	0	0	0	0	0	0	0	0
Rossella_fibulata	0.448	0.048	0.072	0	0	0.136	0.448	0	0.384	0	0	0.312	0	0.448	0.448	0.448	0.448	0.008	0.448	0	0.016	0.448	0.448	0.448	0	0	0.448	0	0	0.448	0.448	0.104	0	0.448	0.128	0.448	0.448	0	0.04	0	0.448	0	0.04	0.448	0.008	0	0.288	0.016	0.448	0	0.448	0.072	0	0.448	0.448	0.448	0	0.448	0	0.448	0.032	0	0.008	0.448	0.448	0.096	0.448	0	0.448	0.096	0.448	0.448	0.008	0	0		0.048	0	0.024	0.072	0.016	0	0.056	0.104	0.016	0	0.448	0.448	0.12	0	0.448	0.04	0.072	0.392	0.448	0.448	0
Saccoglossus_kowalevskii	0.048	0	0.016	0	0	0	0.048	0	0.048	0	0	0.048	0	0.048	0.048	0.048	0.048	0.008	0.048	0	0.016	0.048	0.048	0.048	0	0	0.048	0	0	0.048	0.048	0.048	0	0.048	0.048	0.048	0.048	0	0	0	0.048	0	0.008	0.048	0	0	0.048	0.016	0.048	0	0.048	0	0	0.048	0.048	0.048	0	0.048	0	0.048	0.008	0	0	0.048	0.048	0.048	0.048	0	0.048	0.016	0.048	0.048	0.008	0	0	0.048		0	0	0	0.008	0	0	0.008	0	0	0.048	0.048	0.048	0	0.048	0	0.048	0.048	0.048	0.048	0
Salpingoeca_dolichothecata_16	0	0	0	0	0	0	0	0	0	0	0	0	0	0	0	0	0	0	0	0	0	0	0	0	0	0	0	0	0	0	0	0	0	0	0	0	0	0	0	0	0	0	0	0	0	0	0	0	0	0	0	0	0	0	0	0	0	0	0	0	0	0	0	0	0	0	0	0	0	0	0	0	0	0	0	0	0		0	0	0	0	0	0	0	0	0	0	0	0	0	0	0	0	0	0	0
Salpingoeca_helianthica_18	0.024	0	0	0	0	0.016	0.024	0	0.024	0	0	0.016	0	0.024	0.024	0.024	0.024	0	0.024	0	0	0.024	0.024	0.024	0	0	0.024	0	0	0.024	0.024	0	0	0.024	0	0.024	0.024	0	0	0	0.024	0	0	0.024	0	0	0	0	0.024	0	0.024	0	0	0.024	0.024	0.024	0	0.024	0	0.024	0.016	0	0	0.024	0.024	0	0.024	0	0.024	0.016	0.024	0.024	0	0	0	0.024	0	0		0	0.008	0	0	0	0	0	0.024	0.024	0	0	0.024	0	0	0.024	0.024	0.024	0
Salpingoeca_infusionum_12	0.104	0	0	0	0	0.064	0.104	0	0.072	0	0	0.064	0	0.104	0.104	0.104	0.104	0	0.104	0	0	0.104	0.104	0.104	0	0	0.104	0	0	0.104	0.104	0	0	0.104	0	0.104	0.104	0	0.04	0	0.104	0	0.008	0.104	0	0	0.104	0	0.104	0	0.104	0.04	0	0.104	0.104	0.104	0	0.104	0	0.104	0	0	0.032	0.104	0.104	0	0.104	0	0.104	0	0.104	0.104	0	0	0	0.072	0	0	0		0	0	0.056	0.056	0	0	0.104	0.104	0.008	0	0.104	0.008	0	0.104	0.104	0.104	0
Salpingoeca_macrocollata_06	0.016	0	0	0	0	0.008	0.016	0	0.016	0	0	0.016	0	0.016	0.016	0.016	0.016	0.008	0.016	0	0.008	0.016	0.016	0.016	0	0	0.016	0	0	0.016	0.016	0.008	0	0.016	0.008	0.016	0.016	0	0	0	0.016	0	0.008	0.016	0	0	0.008	0.008	0.016	0	0.016	0	0	0.016	0.016	0.016	0	0.016	0	0.016	0.016	0	0	0.016	0.016	0.008	0.016	0	0.016	0.016	0.016	0.016	0.008	0	0	0.016	0.008	0	0.008	0		0	0	0.008	0	0	0.016	0.016	0.008	0	0.016	0	0.008	0.016	0.016	0.016	0
Salpingoeca_punica_03	0	0	0	0	0	0	0	0	0	0	0	0	0	0	0	0	0	0	0	0	0	0	0	0	0	0	0	0	0	0	0	0	0	0	0	0	0	0	0	0	0	0	0	0	0	0	0	0	0	0	0	0	0	0	0	0	0	0	0	0	0	0	0	0	0	0	0	0	0	0	0	0	0	0	0	0	0	0	0	0	0		0	0	0	0	0	0	0	0	0	0	0	0	0	0	0
Salpingoeca_qvevrii_09	0.056	0	0	0	0	0.056	0.056	0	0.056	0	0	0.056	0	0.056	0.056	0.056	0.056	0	0.056	0	0	0.056	0.056	0.056	0	0	0.056	0	0	0.056	0.056	0	0	0.056	0	0.056	0.056	0	0	0	0.056	0	0	0.056	0	0	0.056	0	0.056	0	0.056	0	0	0.056	0.056	0.056	0	0.056	0	0.056	0	0	0	0.056	0.056	0	0.056	0	0.056	0	0.056	0.056	0	0	0	0.056	0	0	0	0.056	0	0		0.048	0	0	0.056	0.056	0	0	0.056	0	0	0.056	0.056	0.056	0
Salpingoeca_roanoka_13	0.12	0.016	0	0	0	0.056	0.12	0	0.104	0	0	0.104	0	0.12	0.12	0.12	0.12	0.008	0.12	0	0.008	0.12	0.12	0.12	0	0	0.12	0	0	0.12	0.12	0.008	0	0.12	0.008	0.12	0.12	0	0.008	0.016	0.12	0	0.016	0.12	0	0	0.08	0.008	0.12	0	0.12	0.016	0.016	0.12	0.12	0.12	0	0.12	0	0.12	0.008	0	0	0.12	0.12	0.008	0.12	0	0.12	0.008	0.12	0.12	0.016	0	0	0.104	0.008	0	0	0.056	0.008	0	0.048		0	0	0.12	0.12	0.008	0	0.12	0.016	0.024	0.104	0.12	0.12	0
Salpingoeca_rosetta	0.032	0	0	0	0	0	0.032	0	0	0	0	0	0	0.032	0.032	0.032	0.032	0	0.032	0	0	0.032	0.032	0.032	0	0	0.032	0	0	0.032	0.032	0	0	0.032	0	0.032	0.032	0	0.032	0	0.032	0	0	0.032	0	0	0.032	0	0.032	0	0.032	0.032	0	0.032	0.032	0.032	0	0.032	0	0.032	0	0	0	0.032	0.032	0	0.032	0	0.032	0	0.032	0.032	0	0	0	0.016	0	0	0	0	0	0	0	0		0	0.032	0.032	0	0	0.032	0	0	0.024	0.032	0.032	0
Salpingoeca_urceolata_04	0	0	0	0	0	0	0	0	0	0	0	0	0	0	0	0	0	0	0	0	0	0	0	0	0	0	0	0	0	0	0	0	0	0	0	0	0	0	0	0	0	0	0	0	0	0	0	0	0	0	0	0	0	0	0	0	0	0	0	0	0	0	0	0	0	0	0	0	0	0	0	0	0	0	0	0	0	0	0	0	0	0	0	0	0		0	0	0	0	0	0	0	0	0	0	0
Sphaeroforma_arctica_JP610	1	0.064	0.072	0	0	0.136	1	0	0.416	0	0	0.312	0	1	1	1	1	0.008	1	0	0.016	1	1	1	0	0	1	0	0	1	1	0.104	0	1	0.128	1	1	0	0.2	0.112	1	0	0.088	1	0.008	0	0.616	0.016	1	0	1	0.36	0.072	1	1	1	0	1	0	1	0.032	0	0.032	1	1	0.096	1	0	1	0.096	1	1	0.016	0	0	0.448	0.048	0	0.024	0.104	0.016	0	0.056	0.12	0.032	0		1	0.216	0	1	0.096	0.16	0.656	1	1	0
Spongilla_lacustris	1	0.064	0.072	0	0	0.136	1	0	0.416	0	0	0.312	0	1	1	1	1	0.008	1	0	0.016	1	1	1	0	0	1	0	0	1	1	0.104	0	1	0.128	1	1	0	0.2	0.112	1	0	0.088	1	0.008	0	0.616	0.016	1	0	1	0.36	0.072	1	1	1	0	1	0	1	0.032	0	0.032	1	1	0.096	1	0	1	0.096	1	1	0.016	0	0	0.448	0.048	0	0.024	0.104	0.016	0	0.056	0.12	0.032	0	1		0.216	0	1	0.096	0.16	0.656	1	1	0
Stephanoeca_diplocostata_AUFR	0.216	0.024	0.048	0	0	0	0.216	0	0.088	0	0	0.08	0	0.216	0.216	0.216	0.216	0.008	0.216	0	0.016	0.216	0.216	0.216	0	0	0.216	0	0	0.216	0.216	0.08	0	0.216	0.08	0.216	0.216	0	0.008	0.072	0.216	0	0.048	0.216	0	0	0.216	0.016	0.216	0	0.216	0.104	0.04	0.216	0.216	0.216	0	0.216	0	0.216	0.008	0	0.008	0.216	0.216	0.08	0.216	0	0.216	0.016	0.216	0.216	0.008	0	0	0.12	0.048	0	0	0.008	0.008	0	0	0.008	0	0	0.216	0.216		0	0.216	0.048	0.136	0.088	0.216	0.216	0
Stomolophus_meleagris	0	0	0	0	0	0	0	0	0	0	0	0	0	0	0	0	0	0	0	0	0	0	0	0	0	0	0	0	0	0	0	0	0	0	0	0	0	0	0	0	0	0	0	0	0	0	0	0	0	0	0	0	0	0	0	0	0	0	0	0	0	0	0	0	0	0	0	0	0	0	0	0	0	0	0	0	0	0	0	0	0	0	0	0	0	0	0	0	0		0	0	0	0	0	0	0
Strongylocentrotus_purpuratus	1	0.064	0.072	0	0	0.136	1	0	0.416	0	0	0.312	0	1	1	1	1	0.008	1	0	0.016	1	1	1	0	0	1	0	0	1	1	0.104	0	1	0.128	1	1	0	0.2	0.112	1	0	0.088	1	0.008	0	0.616	0.016	1	0	1	0.36	0.072	1	1	1	0	1	0	1	0.032	0	0.032	1	1	0.096	1	0	1	0.096	1	1	0.016	0	0	0.448	0.048	0	0.024	0.104	0.016	0	0.056	0.12	0.032	0	1	1	0.216	0		0.096	0.16	0.656	1	1	0
Sycon_ciliatum	0.096	0.016	0	0	0	0	0.096	0	0.008	0	0	0	0	0.096	0.096	0.096	0.096	0	0.096	0	0	0.096	0.096	0.096	0	0	0.096	0	0	0.096	0.096	0	0	0.096	0	0.096	0.096	0	0.024	0.032	0.096	0	0.072	0.096	0	0	0.096	0	0.096	0	0.096	0.096	0.032	0.096	0.096	0.096	0	0.096	0	0.096	0	0	0.008	0.096	0.096	0	0.096	0	0.096	0	0.096	0.096	0.008	0	0	0.04	0	0	0	0.008	0	0	0	0.016	0	0	0.096	0.096	0.048	0	0.096		0.024	0.008	0.096	0.096	0
Sycon_coactum	0.16	0.032	0.04	0	0	0	0.16	0	0.072	0	0	0.072	0	0.16	0.16	0.16	0.16	0.008	0.16	0	0.016	0.16	0.16	0.16	0	0	0.16	0	0	0.16	0.16	0.072	0	0.16	0.072	0.16	0.16	0	0.016	0.08	0.16	0	0.016	0.16	0	0	0.16	0.016	0.16	0	0.16	0.056	0.064	0.16	0.16	0.16	0	0.16	0	0.16	0.008	0	0	0.16	0.16	0.072	0.16	0	0.16	0.016	0.16	0.16	0.016	0	0	0.072	0.048	0	0	0	0.008	0	0	0.024	0	0	0.16	0.16	0.136	0	0.16	0.024		0.072	0.16	0.16	0
Sympagella_nux	0.656	0.048	0.072	0	0	0.136	0.656	0	0.416	0	0	0.312	0	0.656	0.656	0.656	0.656	0.008	0.656	0	0.016	0.656	0.656	0.656	0	0	0.656	0	0	0.656	0.656	0.104	0	0.656	0.128	0.656	0.656	0	0.144	0	0.656	0	0.016	0.656	0.008	0	0.36	0.016	0.656	0	0.656	0.144	0	0.656	0.656	0.656	0	0.656	0	0.656	0.032	0	0.032	0.656	0.656	0.096	0.656	0	0.656	0.096	0.656	0.656	0.008	0	0	0.392	0.048	0	0.024	0.104	0.016	0	0.056	0.104	0.024	0	0.656	0.656	0.088	0	0.656	0.008	0.072		0.656	0.656	0
Tribolium_castaneum	1	0.064	0.072	0	0	0.136	1	0	0.416	0	0	0.312	0	1	1	1	1	0.008	1	0	0.016	1	1	1	0	0	1	0	0	1	1	0.104	0	1	0.128	1	1	0	0.2	0.112	1	0	0.088	1	0.008	0	0.616	0.016	1	0	1	0.36	0.072	1	1	1	0	1	0	1	0.032	0	0.032	1	1	0.096	1	0	1	0.096	1	1	0.016	0	0	0.448	0.048	0	0.024	0.104	0.016	0	0.056	0.12	0.032	0	1	1	0.216	0	1	0.096	0.16	0.656		1	0
Trichoplax_adhaerens	1	0.064	0.072	0	0	0.136	1	0	0.416	0	0	0.312	0	1	1	1	1	0.008	1	0	0.016	1	1	1	0	0	1	0	0	1	1	0.104	0	1	0.128	1	1	0	0.2	0.112	1	0	0.088	1	0.008	0	0.616	0.016	1	0	1	0.36	0.072	1	1	1	0	1	0	1	0.032	0	0.032	1	1	0.096	1	0	1	0.096	1	1	0.016	0	0	0.448	0.048	0	0.024	0.104	0.016	0	0.056	0.12	0.032	0	1	1	0.216	0	1	0.096	0.16	0.656	1		0
Vallicula_multiformis	0	0	0	0	0	0	0	0	0	0	0	0	0	0	0	0	0	0	0	0	0	0	0	0	0	0	0	0	0	0	0	0	0	0	0	0	0	0	0	0	0	0	0	0	0	0	0	0	0	0	0	0	0	0	0	0	0	0	0	0	0	0	0	0	0	0	0	0	0	0	0	0	0	0	0	0	0	0	0	0	0	0	0	0	0	0	0	0	0	0	0	0	0	0	0	0	
