	Abeoforma_whisleri	Acanthoeca_sp_10tr	Acanthoeca_spectabilis_VA_02	Aiptasia_pallida	Alatina_alata	Amoebidium_parasiticum_JAP72	Amphimedon_queenslandica	Antipathes_caribbeana	Aphrocallistes_vastus	Aplysia_californica	Atolla_vanhoeffeni	Aurelia_aurita	Beroe_abyssicola	Beroe_sp	Bolinopsis_infundibulum	Bolocera_tuedia	Branchiostoma_floridae	Capitella_teleta	Capsaspora_owczarzaki_atcc30864	Cestum_veneris	Choanoeca_perplexa_11	Chondrilla_nucula	Clathrina_coriacea	Clytia_hemisphaerica	Codosiga_hollandica_17	Coeloplana_species	Corticium_candelabrum	Craspedacusta_sowerbyi	Crassostrea_gigas	Creolimax_fragrantissima	Daphnia_pulex	Diaphanoeca_grandis_RI_01	Didymoeca_costata_10	Dryodora_glandiformis	Edwardsiella_lineata	Ephydatia_muelleri	Euplectella_aspergillum	Euplokamis_dunlapae	Gorgonia_ventalina	Grantia_compressa	Helobdella_robusta	Homo_sapiens	Hormiphora_californensis	Hyalonema_populiferum	Hydra_magnipapillata	Hydractinia_polyclina	Ircinia_fasciculata	Ixodes_scapularis	Kirkpatrickia_variolosa	Lampea_pancerina	Latrunculia_apicalis	Leuconia_nivea	Leucosolenia_complicata	Liriope_tetraphylla	Lucernariopsis_campanulata	Ministeria_vibrans	Mnemiopsis_leidyi	Monosiga_brevicollis_mx1	Montastraea_faveolata	Mycale_phyllophila	Mylnosiga_fluctuans_19	Nanomia_bijuga	Nematostella_vectensis	Oscarella_carmela	Oscarella_species	Pelagia_noctiluca	Pennatula_rubra	Periphylla_periphylla	Petrosia_ficiformis	Pirum_gemmata	Plakina_jani	Pleraplysilla_spinifera	Pleurobrachia_species	Plumapathes_pennacea	Porites_australiensis	Rossella_fibulata	Saccoglossus_kowalevskii	Salpingoeca_dolichothecata_16	Salpingoeca_helianthica_18	Salpingoeca_infusionum_12	Salpingoeca_macrocollata_06	Salpingoeca_punica_03	Salpingoeca_qvevrii_09	Salpingoeca_roanoka_13	Salpingoeca_rosetta	Salpingoeca_urceolata_04	Sphaeroforma_arctica_JP610	Spongilla_lacustris	Stephanoeca_diplocostata_AUFR	Stomolophus_meleagris	Strongylocentrotus_purpuratus	Sycon_ciliatum	Sycon_coactum	Sympagella_nux	Tribolium_castaneum	Trichoplax_adhaerens	Vallicula_multiformis
Abeoforma_whisleri		0.085	0.085	0	0	1	0.115	0	0	1	0.09	0.01	0.02	0.325	0.54	0	0	0	1	0.06	0.035	1	0.005	0.015	0.065	0.025	0.005	0.3	1	1	0.265	0.07	0.02	0.01	0	0	0.065	0.11	0.02	0.065	0.11	0.045	0.25	1	0.165	0.015	1	1	0.01	0.005	0.05	1	1	0.56	0.11	1	0.015	0.02	0	0.01	0.065	0	0.05	0	0.005	0.005	1	1	0.11	1	1	0.51	0.02	0.03	1	0.01	0.005	0.01	0.095	0.08	0.015	0.105	0.015	0.01	0.01	0.01	1	0.28	0.045	0.01	0.3	1	0.09	0.01	0.14	0.03	0.03
Acanthoeca_sp_10tr	0.085		0.08	0	0	0.085	0.015	0	0	0.085	0.01	0.01	0.015	0	0.015	0	0	0	0.085	0.015	0	0.085	0.005	0.015	0.015	0.015	0.005	0.005	0.085	0.085	0.015	0.045	0.01	0.005	0	0	0.01	0	0.01	0.015	0.025	0	0.015	0.085	0.025	0.015	0.085	0.085	0.01	0	0.015	0.085	0.085	0.015	0.015	0.085	0.015	0.015	0	0.01	0.01	0	0	0	0	0.005	0.085	0.085	0.015	0.085	0.085	0.085	0.015	0.015	0.085	0.01	0.005	0.01	0	0.015	0.015	0.015	0.01	0.01	0.01	0	0.085	0.005	0.045	0.01	0.065	0.085	0.015	0.01	0.03	0.015	0.015
Acanthoeca_spectabilis_VA_02	0.085	0.08		0	0	0.085	0.02	0	0	0.085	0.01	0.01	0.015	0	0.015	0	0	0	0.085	0.02	0	0.085	0.005	0.015	0.02	0.02	0.005	0.005	0.085	0.085	0.02	0.045	0.01	0.005	0	0	0.01	0	0.01	0.02	0.025	0	0.02	0.085	0.03	0.015	0.085	0.085	0.01	0	0.02	0.085	0.085	0.02	0.02	0.085	0.015	0.015	0	0.01	0.01	0	0	0	0	0.005	0.085	0.085	0.02	0.085	0.085	0.085	0.015	0.02	0.085	0.01	0.005	0.01	0	0.015	0.015	0.015	0.01	0.01	0.01	0	0.085	0.005	0.045	0.01	0.07	0.085	0.02	0.01	0.035	0.015	0.02
Aiptasia_pallida	0	0	0		0	0	0	0	0	0	0	0	0	0	0	0	0	0	0	0	0	0	0	0	0	0	0	0	0	0	0	0	0	0	0	0	0	0	0	0	0	0	0	0	0	0	0	0	0	0	0	0	0	0	0	0	0	0	0	0	0	0	0	0	0	0	0	0	0	0	0	0	0	0	0	0	0	0	0	0	0	0	0	0	0	0	0	0	0	0	0	0	0	0	0	0	0
Alatina_alata	0	0	0	0		0	0	0	0	0	0	0	0	0	0	0	0	0	0	0	0	0	0	0	0	0	0	0	0	0	0	0	0	0	0	0	0	0	0	0	0	0	0	0	0	0	0	0	0	0	0	0	0	0	0	0	0	0	0	0	0	0	0	0	0	0	0	0	0	0	0	0	0	0	0	0	0	0	0	0	0	0	0	0	0	0	0	0	0	0	0	0	0	0	0	0	0
Amoebidium_parasiticum_JAP72	1	0.085	0.085	0	0		0.115	0	0	1	0.09	0.01	0.02	0.325	0.54	0	0	0	1	0.06	0.035	1	0.005	0.015	0.065	0.025	0.005	0.3	1	1	0.265	0.07	0.02	0.01	0	0	0.065	0.11	0.02	0.065	0.11	0.045	0.25	1	0.165	0.015	1	1	0.01	0.005	0.05	1	1	0.56	0.11	1	0.015	0.02	0	0.01	0.065	0	0.05	0	0.005	0.005	1	1	0.11	1	1	0.51	0.02	0.03	1	0.01	0.005	0.01	0.095	0.08	0.015	0.105	0.015	0.01	0.01	0.01	1	0.28	0.045	0.01	0.3	1	0.09	0.01	0.14	0.03	0.03
Amphimedon_queenslandica	0.115	0.015	0.02	0	0	0.115		0	0	0.115	0.015	0.01	0.02	0.055	0.09	0	0	0	0.115	0.03	0	0.115	0.005	0.015	0.065	0.025	0.005	0.01	0.115	0.115	0.095	0.02	0.02	0.01	0	0	0.065	0.005	0.01	0.055	0.065	0.005	0.035	0.115	0.035	0.015	0.115	0.115	0.01	0.005	0.03	0.115	0.115	0.095	0.03	0.115	0.015	0.02	0	0.01	0.015	0	0.005	0	0.005	0.005	0.115	0.115	0.045	0.115	0.115	0.04	0.02	0.03	0.115	0.01	0.005	0.01	0.065	0.08	0.015	0.08	0.015	0.01	0.01	0	0.115	0.005	0.01	0.01	0.03	0.115	0.03	0.01	0.02	0.02	0.03
Antipathes_caribbeana	0	0	0	0	0	0	0		0	0	0	0	0	0	0	0	0	0	0	0	0	0	0	0	0	0	0	0	0	0	0	0	0	0	0	0	0	0	0	0	0	0	0	0	0	0	0	0	0	0	0	0	0	0	0	0	0	0	0	0	0	0	0	0	0	0	0	0	0	0	0	0	0	0	0	0	0	0	0	0	0	0	0	0	0	0	0	0	0	0	0	0	0	0	0	0	0
Aphrocallistes_vastus	0	0	0	0	0	0	0	0		0	0	0	0	0	0	0	0	0	0	0	0	0	0	0	0	0	0	0	0	0	0	0	0	0	0	0	0	0	0	0	0	0	0	0	0	0	0	0	0	0	0	0	0	0	0	0	0	0	0	0	0	0	0	0	0	0	0	0	0	0	0	0	0	0	0	0	0	0	0	0	0	0	0	0	0	0	0	0	0	0	0	0	0	0	0	0	0
Aplysia_californica	1	0.085	0.085	0	0	1	0.115	0	0		0.09	0.01	0.02	0.325	0.54	0	0	0	1	0.06	0.035	1	0.005	0.015	0.065	0.025	0.005	0.3	1	1	0.265	0.07	0.02	0.01	0	0	0.065	0.11	0.02	0.065	0.11	0.045	0.25	1	0.165	0.015	1	1	0.01	0.005	0.05	1	1	0.56	0.11	1	0.015	0.02	0	0.01	0.065	0	0.05	0	0.005	0.005	1	1	0.11	1	1	0.51	0.02	0.03	1	0.01	0.005	0.01	0.095	0.08	0.015	0.105	0.015	0.01	0.01	0.01	1	0.28	0.045	0.01	0.3	1	0.09	0.01	0.14	0.03	0.03
Atolla_vanhoeffeni	0.09	0.01	0.01	0	0	0.09	0.015	0	0	0.09		0.01	0.015	0.01	0.055	0	0	0	0.09	0.01	0	0.09	0.005	0.01	0.015	0.015	0.005	0.05	0.09	0.09	0.025	0.035	0.01	0.01	0	0	0.01	0.045	0.01	0.025	0.015	0	0.055	0.09	0.025	0.01	0.09	0.09	0.01	0.005	0.01	0.09	0.09	0.055	0.01	0.09	0.01	0.015	0	0.01	0.055	0	0	0	0.005	0.005	0.09	0.09	0.015	0.09	0.09	0.045	0.015	0.01	0.09	0.01	0.005	0.01	0.03	0.015	0.01	0.01	0.015	0.01	0.01	0	0.09	0.005	0.01	0.01	0.045	0.09	0.01	0.01	0.01	0.025	0.01
Aurelia_aurita	0.01	0.01	0.01	0	0	0.01	0.01	0	0	0.01	0.01		0.01	0	0.01	0	0	0	0.01	0.01	0	0.01	0.005	0.01	0.01	0.01	0.005	0.005	0.01	0.01	0.01	0.01	0.01	0.005	0	0	0.01	0	0.01	0.01	0	0	0.01	0.01	0.01	0.01	0.01	0.01	0.01	0	0.01	0.01	0.01	0.01	0.01	0.01	0.01	0.01	0	0.01	0.01	0	0	0	0	0.005	0.01	0.01	0.01	0.01	0.01	0.01	0.01	0.01	0.01	0.01	0.005	0.01	0	0.01	0.01	0.01	0.01	0.01	0.01	0	0.01	0.005	0.01	0.01	0.01	0.01	0.01	0.01	0.01	0.01	0.01
Beroe_abyssicola	0.02	0.015	0.015	0	0	0.02	0.02	0	0	0.02	0.015	0.01		0.005	0.02	0	0	0	0.02	0.015	0	0.02	0.005	0.015	0.02	0.02	0.005	0.01	0.02	0.02	0.02	0.02	0.01	0.01	0	0	0.01	0.005	0.01	0.02	0.005	0	0.02	0.02	0.02	0.015	0.02	0.02	0.01	0.005	0.015	0.02	0.02	0.02	0.015	0.02	0.015	0.02	0	0.01	0.015	0	0	0	0.005	0.005	0.02	0.02	0.02	0.02	0.02	0.015	0.02	0.015	0.02	0.01	0.005	0.01	0.005	0.02	0.015	0.015	0.015	0.01	0.01	0	0.02	0.005	0.01	0.01	0.015	0.02	0.015	0.01	0.015	0.02	0.015
Beroe_sp	0.325	0	0	0	0	0.325	0.055	0	0	0.325	0.01	0	0.005		0.32	0	0	0	0.325	0	0.035	0.325	0	0	0.035	0.005	0	0.11	0.325	0.325	0.095	0.005	0.01	0.005	0	0	0.025	0.005	0	0.025	0.045	0	0.005	0.325	0.005	0	0.325	0.325	0	0.005	0	0.325	0.325	0.32	0	0.325	0	0.005	0	0	0.005	0	0	0	0.005	0	0.325	0.325	0.07	0.325	0.325	0.04	0.005	0	0.325	0	0	0	0.035	0.04	0	0.035	0.005	0	0	0	0.325	0.23	0	0	0.005	0.325	0.06	0	0.07	0.005	0
Bolinopsis_infundibulum	0.54	0.015	0.015	0	0	0.54	0.09	0	0	0.54	0.055	0.01	0.02	0.32		0	0	0	0.54	0.015	0.035	0.54	0.005	0.015	0.05	0.02	0.005	0.3	0.54	0.54	0.175	0.04	0.02	0.01	0	0	0.055	0.11	0.015	0.05	0.075	0	0.135	0.54	0.03	0.015	0.54	0.54	0.01	0.005	0.015	0.54	0.54	0.53	0.015	0.54	0.015	0.02	0	0.01	0.065	0	0	0	0.005	0.005	0.54	0.54	0.085	0.54	0.54	0.05	0.02	0.015	0.54	0.01	0.005	0.01	0.08	0.075	0.015	0.07	0.015	0.01	0.01	0.01	0.54	0.28	0.01	0.01	0.015	0.54	0.075	0.01	0.12	0.03	0.015
Bolocera_tuedia	0	0	0	0	0	0	0	0	0	0	0	0	0	0	0		0	0	0	0	0	0	0	0	0	0	0	0	0	0	0	0	0	0	0	0	0	0	0	0	0	0	0	0	0	0	0	0	0	0	0	0	0	0	0	0	0	0	0	0	0	0	0	0	0	0	0	0	0	0	0	0	0	0	0	0	0	0	0	0	0	0	0	0	0	0	0	0	0	0	0	0	0	0	0	0	0
Branchiostoma_floridae	0	0	0	0	0	0	0	0	0	0	0	0	0	0	0	0		0	0	0	0	0	0	0	0	0	0	0	0	0	0	0	0	0	0	0	0	0	0	0	0	0	0	0	0	0	0	0	0	0	0	0	0	0	0	0	0	0	0	0	0	0	0	0	0	0	0	0	0	0	0	0	0	0	0	0	0	0	0	0	0	0	0	0	0	0	0	0	0	0	0	0	0	0	0	0	0
Capitella_teleta	0	0	0	0	0	0	0	0	0	0	0	0	0	0	0	0	0		0	0	0	0	0	0	0	0	0	0	0	0	0	0	0	0	0	0	0	0	0	0	0	0	0	0	0	0	0	0	0	0	0	0	0	0	0	0	0	0	0	0	0	0	0	0	0	0	0	0	0	0	0	0	0	0	0	0	0	0	0	0	0	0	0	0	0	0	0	0	0	0	0	0	0	0	0	0	0
Capsaspora_owczarzaki_atcc30864	1	0.085	0.085	0	0	1	0.115	0	0	1	0.09	0.01	0.02	0.325	0.54	0	0	0		0.06	0.035	1	0.005	0.015	0.065	0.025	0.005	0.3	1	1	0.265	0.07	0.02	0.01	0	0	0.065	0.11	0.02	0.065	0.11	0.045	0.25	1	0.165	0.015	1	1	0.01	0.005	0.05	1	1	0.56	0.11	1	0.015	0.02	0	0.01	0.065	0	0.05	0	0.005	0.005	1	1	0.11	1	1	0.51	0.02	0.03	1	0.01	0.005	0.01	0.095	0.08	0.015	0.105	0.015	0.01	0.01	0.01	1	0.28	0.045	0.01	0.3	1	0.09	0.01	0.14	0.03	0.03
Cestum_veneris	0.06	0.015	0.02	0	0	0.06	0.03	0	0	0.06	0.01	0.01	0.015	0	0.015	0	0	0	0.06		0	0.06	0.005	0.015	0.03	0.02	0.005	0.005	0.06	0.06	0.06	0.015	0.01	0.005	0	0	0.01	0	0.01	0.03	0	0	0.06	0.06	0.06	0.015	0.06	0.06	0.01	0	0.05	0.06	0.06	0.045	0.06	0.06	0.015	0.015	0	0.01	0.01	0	0	0	0	0.005	0.06	0.06	0.03	0.06	0.06	0.06	0.015	0.03	0.06	0.01	0.005	0.01	0	0.015	0.015	0.015	0.01	0.01	0.01	0	0.06	0.005	0.01	0.01	0.06	0.06	0.03	0.01	0.02	0.015	0.03
Choanoeca_perplexa_11	0.035	0	0	0	0	0.035	0	0	0	0.035	0	0	0	0.035	0.035	0	0	0	0.035	0		0.035	0	0	0	0	0	0.035	0.035	0.035	0.005	0	0	0	0	0	0	0	0	0	0	0	0	0.035	0	0	0.035	0.035	0	0	0	0.035	0.035	0.035	0	0.035	0	0	0	0	0	0	0	0	0	0	0.035	0.035	0	0.035	0.035	0.035	0	0	0.035	0	0	0	0	0	0	0	0	0	0	0	0.035	0.035	0	0	0	0.035	0.035	0	0.02	0	0
Chondrilla_nucula	1	0.085	0.085	0	0	1	0.115	0	0	1	0.09	0.01	0.02	0.325	0.54	0	0	0	1	0.06	0.035		0.005	0.015	0.065	0.025	0.005	0.3	1	1	0.265	0.07	0.02	0.01	0	0	0.065	0.11	0.02	0.065	0.11	0.045	0.25	1	0.165	0.015	1	1	0.01	0.005	0.05	1	1	0.56	0.11	1	0.015	0.02	0	0.01	0.065	0	0.05	0	0.005	0.005	1	1	0.11	1	1	0.51	0.02	0.03	1	0.01	0.005	0.01	0.095	0.08	0.015	0.105	0.015	0.01	0.01	0.01	1	0.28	0.045	0.01	0.3	1	0.09	0.01	0.14	0.03	0.03
Clathrina_coriacea	0.005	0.005	0.005	0	0	0.005	0.005	0	0	0.005	0.005	0.005	0.005	0	0.005	0	0	0	0.005	0.005	0	0.005		0.005	0.005	0.005	0.005	0.005	0.005	0.005	0.005	0.005	0.005	0.005	0	0	0.005	0	0.005	0.005	0	0	0.005	0.005	0.005	0.005	0.005	0.005	0.005	0	0.005	0.005	0.005	0.005	0.005	0.005	0.005	0.005	0	0.005	0.005	0	0	0	0	0.005	0.005	0.005	0.005	0.005	0.005	0.005	0.005	0.005	0.005	0.005	0.005	0.005	0	0.005	0.005	0.005	0.005	0.005	0.005	0	0.005	0.005	0.005	0.005	0.005	0.005	0.005	0.005	0.005	0.005	0.005
Clytia_hemisphaerica	0.015	0.015	0.015	0	0	0.015	0.015	0	0	0.015	0.01	0.01	0.015	0	0.015	0	0	0	0.015	0.015	0	0.015	0.005		0.015	0.015	0.005	0.005	0.015	0.015	0.015	0.015	0.01	0.005	0	0	0.01	0	0.01	0.015	0	0	0.015	0.015	0.015	0.015	0.015	0.015	0.01	0	0.015	0.015	0.015	0.015	0.015	0.015	0.015	0.015	0	0.01	0.01	0	0	0	0	0.005	0.015	0.015	0.015	0.015	0.015	0.015	0.015	0.015	0.015	0.01	0.005	0.01	0	0.015	0.015	0.015	0.01	0.01	0.01	0	0.015	0.005	0.01	0.01	0.015	0.015	0.015	0.01	0.015	0.015	0.015
Codosiga_hollandica_17	0.065	0.015	0.02	0	0	0.065	0.065	0	0	0.065	0.015	0.01	0.02	0.035	0.05	0	0	0	0.065	0.03	0	0.065	0.005	0.015		0.025	0.005	0.01	0.065	0.065	0.065	0.02	0.02	0.01	0	0	0.03	0.005	0.01	0.05	0.035	0	0.035	0.065	0.035	0.015	0.065	0.065	0.01	0.005	0.03	0.065	0.065	0.065	0.03	0.065	0.015	0.02	0	0.01	0.015	0	0	0	0.005	0.005	0.065	0.065	0.035	0.065	0.065	0.03	0.02	0.03	0.065	0.01	0.005	0.01	0.03	0.05	0.015	0.045	0.015	0.01	0.01	0	0.065	0.005	0.01	0.01	0.03	0.065	0.03	0.01	0.02	0.02	0.03
Coeloplana_species	0.025	0.015	0.02	0	0	0.025	0.025	0	0	0.025	0.015	0.01	0.02	0.005	0.02	0	0	0	0.025	0.02	0	0.025	0.005	0.015	0.025		0.005	0.01	0.025	0.025	0.025	0.02	0.01	0.01	0	0	0.01	0.005	0.01	0.025	0.005	0	0.025	0.025	0.025	0.015	0.025	0.025	0.01	0.005	0.02	0.025	0.025	0.025	0.02	0.025	0.015	0.02	0	0.01	0.015	0	0	0	0.005	0.005	0.025	0.025	0.025	0.025	0.025	0.02	0.02	0.02	0.025	0.01	0.005	0.01	0.005	0.02	0.015	0.015	0.015	0.01	0.01	0	0.025	0.005	0.01	0.01	0.02	0.025	0.02	0.01	0.02	0.02	0.02
Corticium_candelabrum	0.005	0.005	0.005	0	0	0.005	0.005	0	0	0.005	0.005	0.005	0.005	0	0.005	0	0	0	0.005	0.005	0	0.005	0.005	0.005	0.005	0.005		0.005	0.005	0.005	0.005	0.005	0.005	0.005	0	0	0.005	0	0.005	0.005	0	0	0.005	0.005	0.005	0.005	0.005	0.005	0.005	0	0.005	0.005	0.005	0.005	0.005	0.005	0.005	0.005	0	0.005	0.005	0	0	0	0	0.005	0.005	0.005	0.005	0.005	0.005	0.005	0.005	0.005	0.005	0.005	0.005	0.005	0	0.005	0.005	0.005	0.005	0.005	0.005	0	0.005	0.005	0.005	0.005	0.005	0.005	0.005	0.005	0.005	0.005	0.005
Craspedacusta_sowerbyi	0.3	0.005	0.005	0	0	0.3	0.01	0	0	0.3	0.05	0.005	0.01	0.11	0.3	0	0	0	0.3	0.005	0.035	0.3	0.005	0.005	0.01	0.01	0.005		0.3	0.3	0.11	0.03	0.005	0.01	0	0	0.005	0.11	0.01	0.02	0.02	0	0.125	0.3	0.02	0.005	0.3	0.3	0.005	0.005	0.005	0.3	0.3	0.3	0.005	0.3	0.005	0.01	0	0.005	0.06	0	0	0	0.005	0.005	0.3	0.3	0.01	0.3	0.3	0.04	0.01	0.005	0.3	0.005	0.005	0.005	0.03	0.01	0.005	0.005	0.01	0.005	0.005	0.01	0.3	0.155	0.005	0.005	0.005	0.3	0.06	0.005	0.11	0.02	0.005
Crassostrea_gigas	1	0.085	0.085	0	0	1	0.115	0	0	1	0.09	0.01	0.02	0.325	0.54	0	0	0	1	0.06	0.035	1	0.005	0.015	0.065	0.025	0.005	0.3		1	0.265	0.07	0.02	0.01	0	0	0.065	0.11	0.02	0.065	0.11	0.045	0.25	1	0.165	0.015	1	1	0.01	0.005	0.05	1	1	0.56	0.11	1	0.015	0.02	0	0.01	0.065	0	0.05	0	0.005	0.005	1	1	0.11	1	1	0.51	0.02	0.03	1	0.01	0.005	0.01	0.095	0.08	0.015	0.105	0.015	0.01	0.01	0.01	1	0.28	0.045	0.01	0.3	1	0.09	0.01	0.14	0.03	0.03
Creolimax_fragrantissima	1	0.085	0.085	0	0	1	0.115	0	0	1	0.09	0.01	0.02	0.325	0.54	0	0	0	1	0.06	0.035	1	0.005	0.015	0.065	0.025	0.005	0.3	1		0.265	0.07	0.02	0.01	0	0	0.065	0.11	0.02	0.065	0.11	0.045	0.25	1	0.165	0.015	1	1	0.01	0.005	0.05	1	1	0.56	0.11	1	0.015	0.02	0	0.01	0.065	0	0.05	0	0.005	0.005	1	1	0.11	1	1	0.51	0.02	0.03	1	0.01	0.005	0.01	0.095	0.08	0.015	0.105	0.015	0.01	0.01	0.01	1	0.28	0.045	0.01	0.3	1	0.09	0.01	0.14	0.03	0.03
Daphnia_pulex	0.265	0.015	0.02	0	0	0.265	0.095	0	0	0.265	0.025	0.01	0.02	0.095	0.175	0	0	0	0.265	0.06	0.005	0.265	0.005	0.015	0.065	0.025	0.005	0.11	0.265	0.265		0.03	0.02	0.01	0	0	0.06	0.03	0.01	0.065	0.08	0	0.135	0.265	0.115	0.015	0.265	0.265	0.01	0.005	0.05	0.265	0.265	0.195	0.1	0.265	0.015	0.02	0	0.01	0.025	0	0.005	0	0.005	0.005	0.265	0.265	0.04	0.265	0.265	0.11	0.02	0.03	0.265	0.01	0.005	0.01	0.07	0.08	0.015	0.075	0.015	0.01	0.01	0.01	0.265	0.07	0.01	0.01	0.1	0.265	0.035	0.01	0.09	0.03	0.03
Diaphanoeca_grandis_RI_01	0.07	0.045	0.045	0	0	0.07	0.02	0	0	0.07	0.035	0.01	0.02	0.005	0.04	0	0	0	0.07	0.015	0	0.07	0.005	0.015	0.02	0.02	0.005	0.03	0.07	0.07	0.03		0.01	0.01	0	0	0.01	0.025	0.01	0.03	0.04	0	0.04	0.07	0.03	0.015	0.07	0.07	0.01	0.005	0.015	0.07	0.07	0.04	0.015	0.07	0.015	0.02	0	0.01	0.035	0	0	0	0.005	0.005	0.07	0.07	0.02	0.07	0.07	0.045	0.02	0.015	0.07	0.01	0.005	0.01	0.025	0.02	0.015	0.015	0.015	0.01	0.01	0	0.07	0.005	0.04	0.01	0.04	0.07	0.015	0.01	0.02	0.03	0.015
Didymoeca_costata_10	0.02	0.01	0.01	0	0	0.02	0.02	0	0	0.02	0.01	0.01	0.01	0.01	0.02	0	0	0	0.02	0.01	0	0.02	0.005	0.01	0.02	0.01	0.005	0.005	0.02	0.02	0.02	0.01		0.005	0	0	0.01	0	0.01	0.01	0.01	0	0.01	0.02	0.01	0.01	0.02	0.02	0.01	0	0.01	0.02	0.02	0.02	0.01	0.02	0.01	0.01	0	0.01	0.01	0	0	0	0	0.005	0.02	0.02	0.01	0.02	0.02	0.01	0.01	0.01	0.02	0.01	0.005	0.01	0.005	0.02	0.01	0.02	0.01	0.01	0.01	0	0.02	0.005	0.01	0.01	0.01	0.02	0.01	0.01	0.01	0.01	0.01
Dryodora_glandiformis	0.01	0.005	0.005	0	0	0.01	0.01	0	0	0.01	0.01	0.005	0.01	0.005	0.01	0	0	0	0.01	0.005	0	0.01	0.005	0.005	0.01	0.01	0.005	0.01	0.01	0.01	0.01	0.01	0.005		0	0	0.005	0.005	0.005	0.01	0.005	0	0.01	0.01	0.01	0.005	0.01	0.01	0.005	0.005	0.005	0.01	0.01	0.01	0.005	0.01	0.005	0.01	0	0.005	0.01	0	0	0	0.005	0.005	0.01	0.01	0.01	0.01	0.01	0.005	0.01	0.005	0.01	0.005	0.005	0.005	0.005	0.01	0.005	0.005	0.01	0.005	0.005	0	0.01	0.005	0.005	0.005	0.005	0.01	0.005	0.005	0.005	0.01	0.005
Edwardsiella_lineata	0	0	0	0	0	0	0	0	0	0	0	0	0	0	0	0	0	0	0	0	0	0	0	0	0	0	0	0	0	0	0	0	0	0		0	0	0	0	0	0	0	0	0	0	0	0	0	0	0	0	0	0	0	0	0	0	0	0	0	0	0	0	0	0	0	0	0	0	0	0	0	0	0	0	0	0	0	0	0	0	0	0	0	0	0	0	0	0	0	0	0	0	0	0	0	0
Ephydatia_muelleri	0	0	0	0	0	0	0	0	0	0	0	0	0	0	0	0	0	0	0	0	0	0	0	0	0	0	0	0	0	0	0	0	0	0	0		0	0	0	0	0	0	0	0	0	0	0	0	0	0	0	0	0	0	0	0	0	0	0	0	0	0	0	0	0	0	0	0	0	0	0	0	0	0	0	0	0	0	0	0	0	0	0	0	0	0	0	0	0	0	0	0	0	0	0	0	0
Euplectella_aspergillum	0.065	0.01	0.01	0	0	0.065	0.065	0	0	0.065	0.01	0.01	0.01	0.025	0.055	0	0	0	0.065	0.01	0	0.065	0.005	0.01	0.03	0.01	0.005	0.005	0.065	0.065	0.06	0.01	0.01	0.005	0	0		0	0.01	0.03	0.05	0.005	0.01	0.065	0.01	0.01	0.065	0.065	0.01	0	0.01	0.065	0.065	0.045	0.01	0.065	0.01	0.01	0	0.01	0.01	0	0.005	0	0	0.005	0.065	0.065	0.02	0.065	0.065	0.02	0.01	0.01	0.065	0.01	0.005	0.01	0.055	0.06	0.01	0.065	0.01	0.01	0.01	0	0.065	0.005	0.01	0.01	0.01	0.065	0.01	0.01	0.01	0.01	0.01
Euplokamis_dunlapae	0.11	0	0	0	0	0.11	0.005	0	0	0.11	0.045	0	0.005	0.005	0.11	0	0	0	0.11	0	0	0.11	0	0	0.005	0.005	0	0.11	0.11	0.11	0.03	0.025	0	0.005	0	0	0		0	0.015	0.015	0	0.11	0.11	0.015	0	0.11	0.11	0	0.005	0	0.11	0.11	0.11	0	0.11	0	0.005	0	0	0.055	0	0	0	0.005	0	0.11	0.11	0.005	0.11	0.11	0	0.005	0	0.11	0	0	0	0.03	0.005	0	0	0.005	0	0	0.01	0.11	0	0	0	0	0.11	0	0	0	0.015	0
Gorgonia_ventalina	0.02	0.01	0.01	0	0	0.02	0.01	0	0	0.02	0.01	0.01	0.01	0	0.015	0	0	0	0.02	0.01	0	0.02	0.005	0.01	0.01	0.01	0.005	0.01	0.02	0.02	0.01	0.01	0.01	0.005	0	0	0.01	0		0.01	0	0	0.01	0.02	0.01	0.01	0.02	0.02	0.01	0	0.01	0.02	0.02	0.015	0.01	0.02	0.01	0.01	0	0.01	0.01	0	0	0	0	0.005	0.02	0.02	0.01	0.02	0.02	0.015	0.01	0.01	0.02	0.01	0.005	0.01	0	0.01	0.01	0.01	0.01	0.01	0.01	0	0.02	0.01	0.01	0.01	0.01	0.02	0.01	0.01	0.015	0.01	0.01
Grantia_compressa	0.065	0.015	0.02	0	0	0.065	0.055	0	0	0.065	0.025	0.01	0.02	0.025	0.05	0	0	0	0.065	0.03	0	0.065	0.005	0.015	0.05	0.025	0.005	0.02	0.065	0.065	0.065	0.03	0.01	0.01	0	0	0.03	0.015	0.01		0.035	0	0.045	0.065	0.045	0.015	0.065	0.065	0.01	0.005	0.03	0.065	0.065	0.065	0.03	0.065	0.015	0.02	0	0.01	0.025	0	0	0	0.005	0.005	0.065	0.065	0.035	0.065	0.065	0.03	0.02	0.03	0.065	0.01	0.005	0.01	0.035	0.04	0.015	0.035	0.015	0.01	0.01	0	0.065	0.005	0.01	0.01	0.03	0.065	0.03	0.01	0.02	0.03	0.03
Helobdella_robusta	0.11	0.025	0.025	0	0	0.11	0.065	0	0	0.11	0.015	0	0.005	0.045	0.075	0	0	0	0.11	0	0	0.11	0	0	0.035	0.005	0	0.02	0.11	0.11	0.08	0.04	0.01	0.005	0	0	0.05	0.015	0	0.035		0	0.015	0.11	0.015	0	0.11	0.11	0	0.005	0	0.11	0.11	0.065	0	0.11	0	0.005	0	0	0.015	0	0.005	0	0.005	0	0.11	0.11	0.01	0.11	0.11	0.035	0.005	0	0.11	0	0	0	0.07	0.065	0	0.06	0.005	0	0	0	0.11	0.005	0.025	0	0.03	0.11	0	0	0.005	0.015	0
Homo_sapiens	0.045	0	0	0	0	0.045	0.005	0	0	0.045	0	0	0	0	0	0	0	0	0.045	0	0	0.045	0	0	0	0	0	0	0.045	0.045	0	0	0	0	0	0	0.005	0	0	0	0		0	0.045	0	0	0.045	0.045	0	0	0	0.045	0.045	0	0	0.045	0	0	0	0	0	0	0.025	0	0	0	0.045	0.045	0.005	0.045	0.045	0.045	0	0	0.045	0	0	0	0.01	0	0	0.03	0	0	0	0	0.045	0	0	0	0	0.045	0	0	0	0	0
Hormiphora_californensis	0.25	0.015	0.02	0	0	0.25	0.035	0	0	0.25	0.055	0.01	0.02	0.005	0.135	0	0	0	0.25	0.06	0	0.25	0.005	0.015	0.035	0.025	0.005	0.125	0.25	0.25	0.135	0.04	0.01	0.01	0	0	0.01	0.11	0.01	0.045	0.015	0		0.25	0.11	0.015	0.25	0.25	0.01	0.005	0.05	0.25	0.25	0.165	0.095	0.25	0.015	0.02	0	0.01	0.065	0	0	0	0.005	0.005	0.25	0.25	0.035	0.25	0.25	0.13	0.02	0.03	0.25	0.01	0.005	0.01	0.03	0.02	0.015	0.015	0.015	0.01	0.01	0.01	0.25	0.005	0.01	0.01	0.13	0.25	0.03	0.01	0.025	0.03	0.03
Hyalonema_populiferum	1	0.085	0.085	0	0	1	0.115	0	0	1	0.09	0.01	0.02	0.325	0.54	0	0	0	1	0.06	0.035	1	0.005	0.015	0.065	0.025	0.005	0.3	1	1	0.265	0.07	0.02	0.01	0	0	0.065	0.11	0.02	0.065	0.11	0.045	0.25		0.165	0.015	1	1	0.01	0.005	0.05	1	1	0.56	0.11	1	0.015	0.02	0	0.01	0.065	0	0.05	0	0.005	0.005	1	1	0.11	1	1	0.51	0.02	0.03	1	0.01	0.005	0.01	0.095	0.08	0.015	0.105	0.015	0.01	0.01	0.01	1	0.28	0.045	0.01	0.3	1	0.09	0.01	0.14	0.03	0.03
Hydra_magnipapillata	0.165	0.025	0.03	0	0	0.165	0.035	0	0	0.165	0.025	0.01	0.02	0.005	0.03	0	0	0	0.165	0.06	0	0.165	0.005	0.015	0.035	0.025	0.005	0.02	0.165	0.165	0.115	0.03	0.01	0.01	0	0	0.01	0.015	0.01	0.045	0.015	0	0.11	0.165		0.015	0.165	0.165	0.01	0.005	0.05	0.165	0.165	0.06	0.11	0.165	0.015	0.02	0	0.01	0.025	0	0	0	0.005	0.005	0.165	0.165	0.035	0.165	0.165	0.15	0.02	0.03	0.165	0.01	0.005	0.01	0.015	0.02	0.015	0.015	0.015	0.01	0.01	0	0.165	0.005	0.01	0.01	0.15	0.165	0.03	0.01	0.02	0.03	0.03
Hydractinia_polyclina	0.015	0.015	0.015	0	0	0.015	0.015	0	0	0.015	0.01	0.01	0.015	0	0.015	0	0	0	0.015	0.015	0	0.015	0.005	0.015	0.015	0.015	0.005	0.005	0.015	0.015	0.015	0.015	0.01	0.005	0	0	0.01	0	0.01	0.015	0	0	0.015	0.015	0.015		0.015	0.015	0.01	0	0.015	0.015	0.015	0.015	0.015	0.015	0.015	0.015	0	0.01	0.01	0	0	0	0	0.005	0.015	0.015	0.015	0.015	0.015	0.015	0.015	0.015	0.015	0.01	0.005	0.01	0	0.015	0.015	0.015	0.01	0.01	0.01	0	0.015	0.005	0.01	0.01	0.015	0.015	0.015	0.01	0.015	0.015	0.015
Ircinia_fasciculata	1	0.085	0.085	0	0	1	0.115	0	0	1	0.09	0.01	0.02	0.325	0.54	0	0	0	1	0.06	0.035	1	0.005	0.015	0.065	0.025	0.005	0.3	1	1	0.265	0.07	0.02	0.01	0	0	0.065	0.11	0.02	0.065	0.11	0.045	0.25	1	0.165	0.015		1	0.01	0.005	0.05	1	1	0.56	0.11	1	0.015	0.02	0	0.01	0.065	0	0.05	0	0.005	0.005	1	1	0.11	1	1	0.51	0.02	0.03	1	0.01	0.005	0.01	0.095	0.08	0.015	0.105	0.015	0.01	0.01	0.01	1	0.28	0.045	0.01	0.3	1	0.09	0.01	0.14	0.03	0.03
Ixodes_scapularis	1	0.085	0.085	0	0	1	0.115	0	0	1	0.09	0.01	0.02	0.325	0.54	0	0	0	1	0.06	0.035	1	0.005	0.015	0.065	0.025	0.005	0.3	1	1	0.265	0.07	0.02	0.01	0	0	0.065	0.11	0.02	0.065	0.11	0.045	0.25	1	0.165	0.015	1		0.01	0.005	0.05	1	1	0.56	0.11	1	0.015	0.02	0	0.01	0.065	0	0.05	0	0.005	0.005	1	1	0.11	1	1	0.51	0.02	0.03	1	0.01	0.005	0.01	0.095	0.08	0.015	0.105	0.015	0.01	0.01	0.01	1	0.28	0.045	0.01	0.3	1	0.09	0.01	0.14	0.03	0.03
Kirkpatrickia_variolosa	0.01	0.01	0.01	0	0	0.01	0.01	0	0	0.01	0.01	0.01	0.01	0	0.01	0	0	0	0.01	0.01	0	0.01	0.005	0.01	0.01	0.01	0.005	0.005	0.01	0.01	0.01	0.01	0.01	0.005	0	0	0.01	0	0.01	0.01	0	0	0.01	0.01	0.01	0.01	0.01	0.01		0	0.01	0.01	0.01	0.01	0.01	0.01	0.01	0.01	0	0.01	0.01	0	0	0	0	0.005	0.01	0.01	0.01	0.01	0.01	0.01	0.01	0.01	0.01	0.01	0.005	0.01	0	0.01	0.01	0.01	0.01	0.01	0.01	0	0.01	0.005	0.01	0.01	0.01	0.01	0.01	0.01	0.01	0.01	0.01
Lampea_pancerina	0.005	0	0	0	0	0.005	0.005	0	0	0.005	0.005	0	0.005	0.005	0.005	0	0	0	0.005	0	0	0.005	0	0	0.005	0.005	0	0.005	0.005	0.005	0.005	0.005	0	0.005	0	0	0	0.005	0	0.005	0.005	0	0.005	0.005	0.005	0	0.005	0.005	0		0	0.005	0.005	0.005	0	0.005	0	0.005	0	0	0.005	0	0	0	0.005	0	0.005	0.005	0.005	0.005	0.005	0	0.005	0	0.005	0	0	0	0.005	0.005	0	0	0.005	0	0	0	0.005	0	0	0	0	0.005	0	0	0	0.005	0
Latrunculia_apicalis	0.05	0.015	0.02	0	0	0.05	0.03	0	0	0.05	0.01	0.01	0.015	0	0.015	0	0	0	0.05	0.05	0	0.05	0.005	0.015	0.03	0.02	0.005	0.005	0.05	0.05	0.05	0.015	0.01	0.005	0	0	0.01	0	0.01	0.03	0	0	0.05	0.05	0.05	0.015	0.05	0.05	0.01	0		0.05	0.05	0.045	0.05	0.05	0.015	0.015	0	0.01	0.01	0	0	0	0	0.005	0.05	0.05	0.03	0.05	0.05	0.05	0.015	0.03	0.05	0.01	0.005	0.01	0	0.015	0.015	0.015	0.01	0.01	0.01	0	0.05	0.005	0.01	0.01	0.05	0.05	0.03	0.01	0.02	0.015	0.03
Leuconia_nivea	1	0.085	0.085	0	0	1	0.115	0	0	1	0.09	0.01	0.02	0.325	0.54	0	0	0	1	0.06	0.035	1	0.005	0.015	0.065	0.025	0.005	0.3	1	1	0.265	0.07	0.02	0.01	0	0	0.065	0.11	0.02	0.065	0.11	0.045	0.25	1	0.165	0.015	1	1	0.01	0.005	0.05		1	0.56	0.11	1	0.015	0.02	0	0.01	0.065	0	0.05	0	0.005	0.005	1	1	0.11	1	1	0.51	0.02	0.03	1	0.01	0.005	0.01	0.095	0.08	0.015	0.105	0.015	0.01	0.01	0.01	1	0.28	0.045	0.01	0.3	1	0.09	0.01	0.14	0.03	0.03
Leucosolenia_complicata	1	0.085	0.085	0	0	1	0.115	0	0	1	0.09	0.01	0.02	0.325	0.54	0	0	0	1	0.06	0.035	1	0.005	0.015	0.065	0.025	0.005	0.3	1	1	0.265	0.07	0.02	0.01	0	0	0.065	0.11	0.02	0.065	0.11	0.045	0.25	1	0.165	0.015	1	1	0.01	0.005	0.05	1		0.56	0.11	1	0.015	0.02	0	0.01	0.065	0	0.05	0	0.005	0.005	1	1	0.11	1	1	0.51	0.02	0.03	1	0.01	0.005	0.01	0.095	0.08	0.015	0.105	0.015	0.01	0.01	0.01	1	0.28	0.045	0.01	0.3	1	0.09	0.01	0.14	0.03	0.03
Liriope_tetraphylla	0.56	0.015	0.02	0	0	0.56	0.095	0	0	0.56	0.055	0.01	0.02	0.32	0.53	0	0	0	0.56	0.045	0.035	0.56	0.005	0.015	0.065	0.025	0.005	0.3	0.56	0.56	0.195	0.04	0.02	0.01	0	0	0.045	0.11	0.015	0.065	0.065	0	0.165	0.56	0.06	0.015	0.56	0.56	0.01	0.005	0.045	0.56	0.56		0.045	0.56	0.015	0.02	0	0.01	0.065	0	0	0	0.005	0.005	0.56	0.56	0.1	0.56	0.56	0.08	0.02	0.03	0.56	0.01	0.005	0.01	0.07	0.065	0.015	0.06	0.015	0.01	0.01	0.01	0.56	0.28	0.01	0.01	0.045	0.56	0.09	0.01	0.125	0.03	0.03
Lucernariopsis_campanulata	0.11	0.015	0.02	0	0	0.11	0.03	0	0	0.11	0.01	0.01	0.015	0	0.015	0	0	0	0.11	0.06	0	0.11	0.005	0.015	0.03	0.02	0.005	0.005	0.11	0.11	0.1	0.015	0.01	0.005	0	0	0.01	0	0.01	0.03	0	0	0.095	0.11	0.11	0.015	0.11	0.11	0.01	0	0.05	0.11	0.11	0.045		0.11	0.015	0.015	0	0.01	0.01	0	0	0	0	0.005	0.11	0.11	0.03	0.11	0.11	0.11	0.015	0.03	0.11	0.01	0.005	0.01	0	0.015	0.015	0.015	0.01	0.01	0.01	0	0.11	0.005	0.01	0.01	0.11	0.11	0.03	0.01	0.02	0.015	0.03
Ministeria_vibrans	1	0.085	0.085	0	0	1	0.115	0	0	1	0.09	0.01	0.02	0.325	0.54	0	0	0	1	0.06	0.035	1	0.005	0.015	0.065	0.025	0.005	0.3	1	1	0.265	0.07	0.02	0.01	0	0	0.065	0.11	0.02	0.065	0.11	0.045	0.25	1	0.165	0.015	1	1	0.01	0.005	0.05	1	1	0.56	0.11		0.015	0.02	0	0.01	0.065	0	0.05	0	0.005	0.005	1	1	0.11	1	1	0.51	0.02	0.03	1	0.01	0.005	0.01	0.095	0.08	0.015	0.105	0.015	0.01	0.01	0.01	1	0.28	0.045	0.01	0.3	1	0.09	0.01	0.14	0.03	0.03
Mnemiopsis_leidyi	0.015	0.015	0.015	0	0	0.015	0.015	0	0	0.015	0.01	0.01	0.015	0	0.015	0	0	0	0.015	0.015	0	0.015	0.005	0.015	0.015	0.015	0.005	0.005	0.015	0.015	0.015	0.015	0.01	0.005	0	0	0.01	0	0.01	0.015	0	0	0.015	0.015	0.015	0.015	0.015	0.015	0.01	0	0.015	0.015	0.015	0.015	0.015	0.015		0.015	0	0.01	0.01	0	0	0	0	0.005	0.015	0.015	0.015	0.015	0.015	0.015	0.015	0.015	0.015	0.01	0.005	0.01	0	0.015	0.015	0.015	0.01	0.01	0.01	0	0.015	0.005	0.01	0.01	0.015	0.015	0.015	0.01	0.015	0.015	0.015
Monosiga_brevicollis_mx1	0.02	0.015	0.015	0	0	0.02	0.02	0	0	0.02	0.015	0.01	0.02	0.005	0.02	0	0	0	0.02	0.015	0	0.02	0.005	0.015	0.02	0.02	0.005	0.01	0.02	0.02	0.02	0.02	0.01	0.01	0	0	0.01	0.005	0.01	0.02	0.005	0	0.02	0.02	0.02	0.015	0.02	0.02	0.01	0.005	0.015	0.02	0.02	0.02	0.015	0.02	0.015		0	0.01	0.015	0	0	0	0.005	0.005	0.02	0.02	0.02	0.02	0.02	0.015	0.02	0.015	0.02	0.01	0.005	0.01	0.005	0.02	0.015	0.015	0.015	0.01	0.01	0	0.02	0.005	0.01	0.01	0.015	0.02	0.015	0.01	0.015	0.02	0.015
Montastraea_faveolata	0	0	0	0	0	0	0	0	0	0	0	0	0	0	0	0	0	0	0	0	0	0	0	0	0	0	0	0	0	0	0	0	0	0	0	0	0	0	0	0	0	0	0	0	0	0	0	0	0	0	0	0	0	0	0	0	0	0		0	0	0	0	0	0	0	0	0	0	0	0	0	0	0	0	0	0	0	0	0	0	0	0	0	0	0	0	0	0	0	0	0	0	0	0	0	0
Mycale_phyllophila	0.01	0.01	0.01	0	0	0.01	0.01	0	0	0.01	0.01	0.01	0.01	0	0.01	0	0	0	0.01	0.01	0	0.01	0.005	0.01	0.01	0.01	0.005	0.005	0.01	0.01	0.01	0.01	0.01	0.005	0	0	0.01	0	0.01	0.01	0	0	0.01	0.01	0.01	0.01	0.01	0.01	0.01	0	0.01	0.01	0.01	0.01	0.01	0.01	0.01	0.01	0		0.01	0	0	0	0	0.005	0.01	0.01	0.01	0.01	0.01	0.01	0.01	0.01	0.01	0.01	0.005	0.01	0	0.01	0.01	0.01	0.01	0.01	0.01	0	0.01	0.005	0.01	0.01	0.01	0.01	0.01	0.01	0.01	0.01	0.01
Mylnosiga_fluctuans_19	0.065	0.01	0.01	0	0	0.065	0.015	0	0	0.065	0.055	0.01	0.015	0.005	0.065	0	0	0	0.065	0.01	0	0.065	0.005	0.01	0.015	0.015	0.005	0.06	0.065	0.065	0.025	0.035	0.01	0.01	0	0	0.01	0.055	0.01	0.025	0.015	0	0.065	0.065	0.025	0.01	0.065	0.065	0.01	0.005	0.01	0.065	0.065	0.065	0.01	0.065	0.01	0.015	0	0.01		0	0	0	0.005	0.005	0.065	0.065	0.015	0.065	0.065	0.01	0.015	0.01	0.065	0.01	0.005	0.01	0.03	0.015	0.01	0.01	0.015	0.01	0.01	0	0.065	0.005	0.01	0.01	0.01	0.065	0.01	0.01	0.01	0.025	0.01
Nanomia_bijuga	0	0	0	0	0	0	0	0	0	0	0	0	0	0	0	0	0	0	0	0	0	0	0	0	0	0	0	0	0	0	0	0	0	0	0	0	0	0	0	0	0	0	0	0	0	0	0	0	0	0	0	0	0	0	0	0	0	0	0	0	0		0	0	0	0	0	0	0	0	0	0	0	0	0	0	0	0	0	0	0	0	0	0	0	0	0	0	0	0	0	0	0	0	0	0	0
Nematostella_vectensis	0.05	0	0	0	0	0.05	0.005	0	0	0.05	0	0	0	0	0	0	0	0	0.05	0	0	0.05	0	0	0	0	0	0	0.05	0.05	0.005	0	0	0	0	0	0.005	0	0	0	0.005	0.025	0	0.05	0	0	0.05	0.05	0	0	0	0.05	0.05	0	0	0.05	0	0	0	0	0	0		0	0	0	0.05	0.05	0.005	0.05	0.05	0.05	0	0	0.05	0	0	0	0.005	0.005	0	0.015	0	0	0	0	0.05	0	0	0	0	0.05	0	0	0	0	0
Oscarella_carmela	0	0	0	0	0	0	0	0	0	0	0	0	0	0	0	0	0	0	0	0	0	0	0	0	0	0	0	0	0	0	0	0	0	0	0	0	0	0	0	0	0	0	0	0	0	0	0	0	0	0	0	0	0	0	0	0	0	0	0	0	0	0	0		0	0	0	0	0	0	0	0	0	0	0	0	0	0	0	0	0	0	0	0	0	0	0	0	0	0	0	0	0	0	0	0	0
Oscarella_species	0.005	0	0	0	0	0.005	0.005	0	0	0.005	0.005	0	0.005	0.005	0.005	0	0	0	0.005	0	0	0.005	0	0	0.005	0.005	0	0.005	0.005	0.005	0.005	0.005	0	0.005	0	0	0	0.005	0	0.005	0.005	0	0.005	0.005	0.005	0	0.005	0.005	0	0.005	0	0.005	0.005	0.005	0	0.005	0	0.005	0	0	0.005	0	0	0		0	0.005	0.005	0.005	0.005	0.005	0	0.005	0	0.005	0	0	0	0.005	0.005	0	0	0.005	0	0	0	0.005	0	0	0	0	0.005	0	0	0	0.005	0
Pelagia_noctiluca	0.005	0.005	0.005	0	0	0.005	0.005	0	0	0.005	0.005	0.005	0.005	0	0.005	0	0	0	0.005	0.005	0	0.005	0.005	0.005	0.005	0.005	0.005	0.005	0.005	0.005	0.005	0.005	0.005	0.005	0	0	0.005	0	0.005	0.005	0	0	0.005	0.005	0.005	0.005	0.005	0.005	0.005	0	0.005	0.005	0.005	0.005	0.005	0.005	0.005	0.005	0	0.005	0.005	0	0	0	0		0.005	0.005	0.005	0.005	0.005	0.005	0.005	0.005	0.005	0.005	0.005	0.005	0	0.005	0.005	0.005	0.005	0.005	0.005	0	0.005	0.005	0.005	0.005	0.005	0.005	0.005	0.005	0.005	0.005	0.005
Pennatula_rubra	1	0.085	0.085	0	0	1	0.115	0	0	1	0.09	0.01	0.02	0.325	0.54	0	0	0	1	0.06	0.035	1	0.005	0.015	0.065	0.025	0.005	0.3	1	1	0.265	0.07	0.02	0.01	0	0	0.065	0.11	0.02	0.065	0.11	0.045	0.25	1	0.165	0.015	1	1	0.01	0.005	0.05	1	1	0.56	0.11	1	0.015	0.02	0	0.01	0.065	0	0.05	0	0.005	0.005		1	0.11	1	1	0.51	0.02	0.03	1	0.01	0.005	0.01	0.095	0.08	0.015	0.105	0.015	0.01	0.01	0.01	1	0.28	0.045	0.01	0.3	1	0.09	0.01	0.14	0.03	0.03
Periphylla_periphylla	1	0.085	0.085	0	0	1	0.115	0	0	1	0.09	0.01	0.02	0.325	0.54	0	0	0	1	0.06	0.035	1	0.005	0.015	0.065	0.025	0.005	0.3	1	1	0.265	0.07	0.02	0.01	0	0	0.065	0.11	0.02	0.065	0.11	0.045	0.25	1	0.165	0.015	1	1	0.01	0.005	0.05	1	1	0.56	0.11	1	0.015	0.02	0	0.01	0.065	0	0.05	0	0.005	0.005	1		0.11	1	1	0.51	0.02	0.03	1	0.01	0.005	0.01	0.095	0.08	0.015	0.105	0.015	0.01	0.01	0.01	1	0.28	0.045	0.01	0.3	1	0.09	0.01	0.14	0.03	0.03
Petrosia_ficiformis	0.11	0.015	0.02	0	0	0.11	0.045	0	0	0.11	0.015	0.01	0.02	0.07	0.085	0	0	0	0.11	0.03	0	0.11	0.005	0.015	0.035	0.025	0.005	0.01	0.11	0.11	0.04	0.02	0.01	0.01	0	0	0.02	0.005	0.01	0.035	0.01	0.005	0.035	0.11	0.035	0.015	0.11	0.11	0.01	0.005	0.03	0.11	0.11	0.1	0.03	0.11	0.015	0.02	0	0.01	0.015	0	0.005	0	0.005	0.005	0.11	0.11		0.11	0.11	0.04	0.02	0.03	0.11	0.01	0.005	0.01	0.015	0.025	0.015	0.025	0.015	0.01	0.01	0	0.11	0.07	0.01	0.01	0.03	0.11	0.03	0.01	0.02	0.02	0.03
Pirum_gemmata	1	0.085	0.085	0	0	1	0.115	0	0	1	0.09	0.01	0.02	0.325	0.54	0	0	0	1	0.06	0.035	1	0.005	0.015	0.065	0.025	0.005	0.3	1	1	0.265	0.07	0.02	0.01	0	0	0.065	0.11	0.02	0.065	0.11	0.045	0.25	1	0.165	0.015	1	1	0.01	0.005	0.05	1	1	0.56	0.11	1	0.015	0.02	0	0.01	0.065	0	0.05	0	0.005	0.005	1	1	0.11		1	0.51	0.02	0.03	1	0.01	0.005	0.01	0.095	0.08	0.015	0.105	0.015	0.01	0.01	0.01	1	0.28	0.045	0.01	0.3	1	0.09	0.01	0.14	0.03	0.03
Plakina_jani	1	0.085	0.085	0	0	1	0.115	0	0	1	0.09	0.01	0.02	0.325	0.54	0	0	0	1	0.06	0.035	1	0.005	0.015	0.065	0.025	0.005	0.3	1	1	0.265	0.07	0.02	0.01	0	0	0.065	0.11	0.02	0.065	0.11	0.045	0.25	1	0.165	0.015	1	1	0.01	0.005	0.05	1	1	0.56	0.11	1	0.015	0.02	0	0.01	0.065	0	0.05	0	0.005	0.005	1	1	0.11	1		0.51	0.02	0.03	1	0.01	0.005	0.01	0.095	0.08	0.015	0.105	0.015	0.01	0.01	0.01	1	0.28	0.045	0.01	0.3	1	0.09	0.01	0.14	0.03	0.03
Pleraplysilla_spinifera	0.51	0.085	0.085	0	0	0.51	0.04	0	0	0.51	0.045	0.01	0.015	0.04	0.05	0	0	0	0.51	0.06	0.035	0.51	0.005	0.015	0.03	0.02	0.005	0.04	0.51	0.51	0.11	0.045	0.01	0.005	0	0	0.02	0	0.015	0.03	0.035	0.045	0.13	0.51	0.15	0.015	0.51	0.51	0.01	0	0.05	0.51	0.51	0.08	0.11	0.51	0.015	0.015	0	0.01	0.01	0	0.05	0	0	0.005	0.51	0.51	0.04	0.51	0.51		0.015	0.03	0.51	0.01	0.005	0.01	0.015	0.02	0.015	0.05	0.01	0.01	0.01	0	0.51	0.04	0.045	0.01	0.3	0.51	0.065	0.01	0.055	0.015	0.03
Pleurobrachia_species	0.02	0.015	0.015	0	0	0.02	0.02	0	0	0.02	0.015	0.01	0.02	0.005	0.02	0	0	0	0.02	0.015	0	0.02	0.005	0.015	0.02	0.02	0.005	0.01	0.02	0.02	0.02	0.02	0.01	0.01	0	0	0.01	0.005	0.01	0.02	0.005	0	0.02	0.02	0.02	0.015	0.02	0.02	0.01	0.005	0.015	0.02	0.02	0.02	0.015	0.02	0.015	0.02	0	0.01	0.015	0	0	0	0.005	0.005	0.02	0.02	0.02	0.02	0.02	0.015		0.015	0.02	0.01	0.005	0.01	0.005	0.02	0.015	0.015	0.015	0.01	0.01	0	0.02	0.005	0.01	0.01	0.015	0.02	0.015	0.01	0.015	0.02	0.015
Plumapathes_pennacea	0.03	0.015	0.02	0	0	0.03	0.03	0	0	0.03	0.01	0.01	0.015	0	0.015	0	0	0	0.03	0.03	0	0.03	0.005	0.015	0.03	0.02	0.005	0.005	0.03	0.03	0.03	0.015	0.01	0.005	0	0	0.01	0	0.01	0.03	0	0	0.03	0.03	0.03	0.015	0.03	0.03	0.01	0	0.03	0.03	0.03	0.03	0.03	0.03	0.015	0.015	0	0.01	0.01	0	0	0	0	0.005	0.03	0.03	0.03	0.03	0.03	0.03	0.015		0.03	0.01	0.005	0.01	0	0.015	0.015	0.015	0.01	0.01	0.01	0	0.03	0.005	0.01	0.01	0.03	0.03	0.03	0.01	0.02	0.015	0.03
Porites_australiensis	1	0.085	0.085	0	0	1	0.115	0	0	1	0.09	0.01	0.02	0.325	0.54	0	0	0	1	0.06	0.035	1	0.005	0.015	0.065	0.025	0.005	0.3	1	1	0.265	0.07	0.02	0.01	0	0	0.065	0.11	0.02	0.065	0.11	0.045	0.25	1	0.165	0.015	1	1	0.01	0.005	0.05	1	1	0.56	0.11	1	0.015	0.02	0	0.01	0.065	0	0.05	0	0.005	0.005	1	1	0.11	1	1	0.51	0.02	0.03		0.01	0.005	0.01	0.095	0.08	0.015	0.105	0.015	0.01	0.01	0.01	1	0.28	0.045	0.01	0.3	1	0.09	0.01	0.14	0.03	0.03
Rossella_fibulata	0.01	0.01	0.01	0	0	0.01	0.01	0	0	0.01	0.01	0.01	0.01	0	0.01	0	0	0	0.01	0.01	0	0.01	0.005	0.01	0.01	0.01	0.005	0.005	0.01	0.01	0.01	0.01	0.01	0.005	0	0	0.01	0	0.01	0.01	0	0	0.01	0.01	0.01	0.01	0.01	0.01	0.01	0	0.01	0.01	0.01	0.01	0.01	0.01	0.01	0.01	0	0.01	0.01	0	0	0	0	0.005	0.01	0.01	0.01	0.01	0.01	0.01	0.01	0.01	0.01		0.005	0.01	0	0.01	0.01	0.01	0.01	0.01	0.01	0	0.01	0.005	0.01	0.01	0.01	0.01	0.01	0.01	0.01	0.01	0.01
Saccoglossus_kowalevskii	0.005	0.005	0.005	0	0	0.005	0.005	0	0	0.005	0.005	0.005	0.005	0	0.005	0	0	0	0.005	0.005	0	0.005	0.005	0.005	0.005	0.005	0.005	0.005	0.005	0.005	0.005	0.005	0.005	0.005	0	0	0.005	0	0.005	0.005	0	0	0.005	0.005	0.005	0.005	0.005	0.005	0.005	0	0.005	0.005	0.005	0.005	0.005	0.005	0.005	0.005	0	0.005	0.005	0	0	0	0	0.005	0.005	0.005	0.005	0.005	0.005	0.005	0.005	0.005	0.005	0.005		0.005	0	0.005	0.005	0.005	0.005	0.005	0.005	0	0.005	0.005	0.005	0.005	0.005	0.005	0.005	0.005	0.005	0.005	0.005
Salpingoeca_dolichothecata_16	0.01	0.01	0.01	0	0	0.01	0.01	0	0	0.01	0.01	0.01	0.01	0	0.01	0	0	0	0.01	0.01	0	0.01	0.005	0.01	0.01	0.01	0.005	0.005	0.01	0.01	0.01	0.01	0.01	0.005	0	0	0.01	0	0.01	0.01	0	0	0.01	0.01	0.01	0.01	0.01	0.01	0.01	0	0.01	0.01	0.01	0.01	0.01	0.01	0.01	0.01	0	0.01	0.01	0	0	0	0	0.005	0.01	0.01	0.01	0.01	0.01	0.01	0.01	0.01	0.01	0.01	0.005		0	0.01	0.01	0.01	0.01	0.01	0.01	0	0.01	0.005	0.01	0.01	0.01	0.01	0.01	0.01	0.01	0.01	0.01
Salpingoeca_helianthica_18	0.095	0	0	0	0	0.095	0.065	0	0	0.095	0.03	0	0.005	0.035	0.08	0	0	0	0.095	0	0	0.095	0	0	0.03	0.005	0	0.03	0.095	0.095	0.07	0.025	0.005	0.005	0	0	0.055	0.03	0	0.035	0.07	0.01	0.03	0.095	0.015	0	0.095	0.095	0	0.005	0	0.095	0.095	0.07	0	0.095	0	0.005	0	0	0.03	0	0.005	0	0.005	0	0.095	0.095	0.015	0.095	0.095	0.015	0.005	0	0.095	0	0	0		0.06	0	0.065	0.005	0	0	0	0.095	0	0	0	0	0.095	0	0	0	0.015	0
Salpingoeca_infusionum_12	0.08	0.015	0.015	0	0	0.08	0.08	0	0	0.08	0.015	0.01	0.02	0.04	0.075	0	0	0	0.08	0.015	0	0.08	0.005	0.015	0.05	0.02	0.005	0.01	0.08	0.08	0.08	0.02	0.02	0.01	0	0	0.06	0.005	0.01	0.04	0.065	0	0.02	0.08	0.02	0.015	0.08	0.08	0.01	0.005	0.015	0.08	0.08	0.065	0.015	0.08	0.015	0.02	0	0.01	0.015	0	0.005	0	0.005	0.005	0.08	0.08	0.025	0.08	0.08	0.02	0.02	0.015	0.08	0.01	0.005	0.01	0.06		0.015	0.075	0.015	0.01	0.01	0	0.08	0.005	0.01	0.01	0.015	0.08	0.015	0.01	0.015	0.02	0.015
Salpingoeca_macrocollata_06	0.015	0.015	0.015	0	0	0.015	0.015	0	0	0.015	0.01	0.01	0.015	0	0.015	0	0	0	0.015	0.015	0	0.015	0.005	0.015	0.015	0.015	0.005	0.005	0.015	0.015	0.015	0.015	0.01	0.005	0	0	0.01	0	0.01	0.015	0	0	0.015	0.015	0.015	0.015	0.015	0.015	0.01	0	0.015	0.015	0.015	0.015	0.015	0.015	0.015	0.015	0	0.01	0.01	0	0	0	0	0.005	0.015	0.015	0.015	0.015	0.015	0.015	0.015	0.015	0.015	0.01	0.005	0.01	0	0.015		0.015	0.01	0.01	0.01	0	0.015	0.005	0.01	0.01	0.015	0.015	0.015	0.01	0.015	0.015	0.015
Salpingoeca_punica_03	0.105	0.015	0.015	0	0	0.105	0.08	0	0	0.105	0.01	0.01	0.015	0.035	0.07	0	0	0	0.105	0.015	0	0.105	0.005	0.015	0.045	0.015	0.005	0.005	0.105	0.105	0.075	0.015	0.02	0.005	0	0	0.065	0	0.01	0.035	0.06	0.03	0.015	0.105	0.015	0.015	0.105	0.105	0.01	0	0.015	0.105	0.105	0.06	0.015	0.105	0.015	0.015	0	0.01	0.01	0	0.015	0	0	0.005	0.105	0.105	0.025	0.105	0.105	0.05	0.015	0.015	0.105	0.01	0.005	0.01	0.065	0.075	0.015		0.01	0.01	0.01	0	0.105	0.005	0.01	0.01	0.015	0.105	0.015	0.01	0.015	0.015	0.015
Salpingoeca_qvevrii_09	0.015	0.01	0.01	0	0	0.015	0.015	0	0	0.015	0.015	0.01	0.015	0.005	0.015	0	0	0	0.015	0.01	0	0.015	0.005	0.01	0.015	0.015	0.005	0.01	0.015	0.015	0.015	0.015	0.01	0.01	0	0	0.01	0.005	0.01	0.015	0.005	0	0.015	0.015	0.015	0.01	0.015	0.015	0.01	0.005	0.01	0.015	0.015	0.015	0.01	0.015	0.01	0.015	0	0.01	0.015	0	0	0	0.005	0.005	0.015	0.015	0.015	0.015	0.015	0.01	0.015	0.01	0.015	0.01	0.005	0.01	0.005	0.015	0.01	0.01		0.01	0.01	0	0.015	0.005	0.01	0.01	0.01	0.015	0.01	0.01	0.01	0.015	0.01
Salpingoeca_roanoka_13	0.01	0.01	0.01	0	0	0.01	0.01	0	0	0.01	0.01	0.01	0.01	0	0.01	0	0	0	0.01	0.01	0	0.01	0.005	0.01	0.01	0.01	0.005	0.005	0.01	0.01	0.01	0.01	0.01	0.005	0	0	0.01	0	0.01	0.01	0	0	0.01	0.01	0.01	0.01	0.01	0.01	0.01	0	0.01	0.01	0.01	0.01	0.01	0.01	0.01	0.01	0	0.01	0.01	0	0	0	0	0.005	0.01	0.01	0.01	0.01	0.01	0.01	0.01	0.01	0.01	0.01	0.005	0.01	0	0.01	0.01	0.01	0.01		0.01	0	0.01	0.005	0.01	0.01	0.01	0.01	0.01	0.01	0.01	0.01	0.01
Salpingoeca_rosetta	0.01	0.01	0.01	0	0	0.01	0.01	0	0	0.01	0.01	0.01	0.01	0	0.01	0	0	0	0.01	0.01	0	0.01	0.005	0.01	0.01	0.01	0.005	0.005	0.01	0.01	0.01	0.01	0.01	0.005	0	0	0.01	0	0.01	0.01	0	0	0.01	0.01	0.01	0.01	0.01	0.01	0.01	0	0.01	0.01	0.01	0.01	0.01	0.01	0.01	0.01	0	0.01	0.01	0	0	0	0	0.005	0.01	0.01	0.01	0.01	0.01	0.01	0.01	0.01	0.01	0.01	0.005	0.01	0	0.01	0.01	0.01	0.01	0.01		0	0.01	0.005	0.01	0.01	0.01	0.01	0.01	0.01	0.01	0.01	0.01
Salpingoeca_urceolata_04	0.01	0	0	0	0	0.01	0	0	0	0.01	0	0	0	0	0.01	0	0	0	0.01	0	0	0.01	0	0	0	0	0	0.01	0.01	0.01	0.01	0	0	0	0	0	0	0.01	0	0	0	0	0.01	0.01	0	0	0.01	0.01	0	0	0	0.01	0.01	0.01	0	0.01	0	0	0	0	0	0	0	0	0	0	0.01	0.01	0	0.01	0.01	0	0	0	0.01	0	0	0	0	0	0	0	0	0	0		0.01	0	0	0	0	0.01	0	0	0	0	0
Sphaeroforma_arctica_JP610	1	0.085	0.085	0	0	1	0.115	0	0	1	0.09	0.01	0.02	0.325	0.54	0	0	0	1	0.06	0.035	1	0.005	0.015	0.065	0.025	0.005	0.3	1	1	0.265	0.07	0.02	0.01	0	0	0.065	0.11	0.02	0.065	0.11	0.045	0.25	1	0.165	0.015	1	1	0.01	0.005	0.05	1	1	0.56	0.11	1	0.015	0.02	0	0.01	0.065	0	0.05	0	0.005	0.005	1	1	0.11	1	1	0.51	0.02	0.03	1	0.01	0.005	0.01	0.095	0.08	0.015	0.105	0.015	0.01	0.01	0.01		0.28	0.045	0.01	0.3	1	0.09	0.01	0.14	0.03	0.03
Spongilla_lacustris	0.28	0.005	0.005	0	0	0.28	0.005	0	0	0.28	0.005	0.005	0.005	0.23	0.28	0	0	0	0.28	0.005	0.035	0.28	0.005	0.005	0.005	0.005	0.005	0.155	0.28	0.28	0.07	0.005	0.005	0.005	0	0	0.005	0	0.01	0.005	0.005	0	0.005	0.28	0.005	0.005	0.28	0.28	0.005	0	0.005	0.28	0.28	0.28	0.005	0.28	0.005	0.005	0	0.005	0.005	0	0	0	0	0.005	0.28	0.28	0.07	0.28	0.28	0.04	0.005	0.005	0.28	0.005	0.005	0.005	0	0.005	0.005	0.005	0.005	0.005	0.005	0	0.28		0.005	0.005	0.005	0.28	0.065	0.005	0.105	0.005	0.005
Stephanoeca_diplocostata_AUFR	0.045	0.045	0.045	0	0	0.045	0.01	0	0	0.045	0.01	0.01	0.01	0	0.01	0	0	0	0.045	0.01	0	0.045	0.005	0.01	0.01	0.01	0.005	0.005	0.045	0.045	0.01	0.04	0.01	0.005	0	0	0.01	0	0.01	0.01	0.025	0	0.01	0.045	0.01	0.01	0.045	0.045	0.01	0	0.01	0.045	0.045	0.01	0.01	0.045	0.01	0.01	0	0.01	0.01	0	0	0	0	0.005	0.045	0.045	0.01	0.045	0.045	0.045	0.01	0.01	0.045	0.01	0.005	0.01	0	0.01	0.01	0.01	0.01	0.01	0.01	0	0.045	0.005		0.01	0.035	0.045	0.01	0.01	0.02	0.01	0.01
Stomolophus_meleagris	0.01	0.01	0.01	0	0	0.01	0.01	0	0	0.01	0.01	0.01	0.01	0	0.01	0	0	0	0.01	0.01	0	0.01	0.005	0.01	0.01	0.01	0.005	0.005	0.01	0.01	0.01	0.01	0.01	0.005	0	0	0.01	0	0.01	0.01	0	0	0.01	0.01	0.01	0.01	0.01	0.01	0.01	0	0.01	0.01	0.01	0.01	0.01	0.01	0.01	0.01	0	0.01	0.01	0	0	0	0	0.005	0.01	0.01	0.01	0.01	0.01	0.01	0.01	0.01	0.01	0.01	0.005	0.01	0	0.01	0.01	0.01	0.01	0.01	0.01	0	0.01	0.005	0.01		0.01	0.01	0.01	0.01	0.01	0.01	0.01
Strongylocentrotus_purpuratus	0.3	0.065	0.07	0	0	0.3	0.03	0	0	0.3	0.045	0.01	0.015	0.005	0.015	0	0	0	0.3	0.06	0	0.3	0.005	0.015	0.03	0.02	0.005	0.005	0.3	0.3	0.1	0.04	0.01	0.005	0	0	0.01	0	0.01	0.03	0.03	0	0.13	0.3	0.15	0.015	0.3	0.3	0.01	0	0.05	0.3	0.3	0.045	0.11	0.3	0.015	0.015	0	0.01	0.01	0	0	0	0	0.005	0.3	0.3	0.03	0.3	0.3	0.3	0.015	0.03	0.3	0.01	0.005	0.01	0	0.015	0.015	0.015	0.01	0.01	0.01	0	0.3	0.005	0.035	0.01		0.3	0.03	0.01	0.02	0.015	0.03
Sycon_ciliatum	1	0.085	0.085	0	0	1	0.115	0	0	1	0.09	0.01	0.02	0.325	0.54	0	0	0	1	0.06	0.035	1	0.005	0.015	0.065	0.025	0.005	0.3	1	1	0.265	0.07	0.02	0.01	0	0	0.065	0.11	0.02	0.065	0.11	0.045	0.25	1	0.165	0.015	1	1	0.01	0.005	0.05	1	1	0.56	0.11	1	0.015	0.02	0	0.01	0.065	0	0.05	0	0.005	0.005	1	1	0.11	1	1	0.51	0.02	0.03	1	0.01	0.005	0.01	0.095	0.08	0.015	0.105	0.015	0.01	0.01	0.01	1	0.28	0.045	0.01	0.3		0.09	0.01	0.14	0.03	0.03
Sycon_coactum	0.09	0.015	0.02	0	0	0.09	0.03	0	0	0.09	0.01	0.01	0.015	0.06	0.075	0	0	0	0.09	0.03	0.035	0.09	0.005	0.015	0.03	0.02	0.005	0.06	0.09	0.09	0.035	0.015	0.01	0.005	0	0	0.01	0	0.01	0.03	0	0	0.03	0.09	0.03	0.015	0.09	0.09	0.01	0	0.03	0.09	0.09	0.09	0.03	0.09	0.015	0.015	0	0.01	0.01	0	0	0	0	0.005	0.09	0.09	0.03	0.09	0.09	0.065	0.015	0.03	0.09	0.01	0.005	0.01	0	0.015	0.015	0.015	0.01	0.01	0.01	0	0.09	0.065	0.01	0.01	0.03	0.09		0.01	0.04	0.015	0.03
Sympagella_nux	0.01	0.01	0.01	0	0	0.01	0.01	0	0	0.01	0.01	0.01	0.01	0	0.01	0	0	0	0.01	0.01	0	0.01	0.005	0.01	0.01	0.01	0.005	0.005	0.01	0.01	0.01	0.01	0.01	0.005	0	0	0.01	0	0.01	0.01	0	0	0.01	0.01	0.01	0.01	0.01	0.01	0.01	0	0.01	0.01	0.01	0.01	0.01	0.01	0.01	0.01	0	0.01	0.01	0	0	0	0	0.005	0.01	0.01	0.01	0.01	0.01	0.01	0.01	0.01	0.01	0.01	0.005	0.01	0	0.01	0.01	0.01	0.01	0.01	0.01	0	0.01	0.005	0.01	0.01	0.01	0.01	0.01		0.01	0.01	0.01
Tribolium_castaneum	0.14	0.03	0.035	0	0	0.14	0.02	0	0	0.14	0.01	0.01	0.015	0.07	0.12	0	0	0	0.14	0.02	0.02	0.14	0.005	0.015	0.02	0.02	0.005	0.11	0.14	0.14	0.09	0.02	0.01	0.005	0	0	0.01	0	0.015	0.02	0.005	0	0.025	0.14	0.02	0.015	0.14	0.14	0.01	0	0.02	0.14	0.14	0.125	0.02	0.14	0.015	0.015	0	0.01	0.01	0	0	0	0	0.005	0.14	0.14	0.02	0.14	0.14	0.055	0.015	0.02	0.14	0.01	0.005	0.01	0	0.015	0.015	0.015	0.01	0.01	0.01	0	0.14	0.105	0.02	0.01	0.02	0.14	0.04	0.01		0.015	0.02
Trichoplax_adhaerens	0.03	0.015	0.015	0	0	0.03	0.02	0	0	0.03	0.025	0.01	0.02	0.005	0.03	0	0	0	0.03	0.015	0	0.03	0.005	0.015	0.02	0.02	0.005	0.02	0.03	0.03	0.03	0.03	0.01	0.01	0	0	0.01	0.015	0.01	0.03	0.015	0	0.03	0.03	0.03	0.015	0.03	0.03	0.01	0.005	0.015	0.03	0.03	0.03	0.015	0.03	0.015	0.02	0	0.01	0.025	0	0	0	0.005	0.005	0.03	0.03	0.02	0.03	0.03	0.015	0.02	0.015	0.03	0.01	0.005	0.01	0.015	0.02	0.015	0.015	0.015	0.01	0.01	0	0.03	0.005	0.01	0.01	0.015	0.03	0.015	0.01	0.015		0.015
Vallicula_multiformis	0.03	0.015	0.02	0	0	0.03	0.03	0	0	0.03	0.01	0.01	0.015	0	0.015	0	0	0	0.03	0.03	0	0.03	0.005	0.015	0.03	0.02	0.005	0.005	0.03	0.03	0.03	0.015	0.01	0.005	0	0	0.01	0	0.01	0.03	0	0	0.03	0.03	0.03	0.015	0.03	0.03	0.01	0	0.03	0.03	0.03	0.03	0.03	0.03	0.015	0.015	0	0.01	0.01	0	0	0	0	0.005	0.03	0.03	0.03	0.03	0.03	0.03	0.015	0.03	0.03	0.01	0.005	0.01	0	0.015	0.015	0.015	0.01	0.01	0.01	0	0.03	0.005	0.01	0.01	0.03	0.03	0.03	0.01	0.02	0.015	
