	Abeoforma_whisleri	Acanthoeca_sp_10tr	Acanthoeca_spectabilis_VA_02	Aiptasia_pallida	Alatina_alata	Amoebidium_parasiticum_JAP72	Amphimedon_queenslandica	Antipathes_caribbeana	Aphrocallistes_vastus	Aplysia_californica	Atolla_vanhoeffeni	Aurelia_aurita	Beroe_abyssicola	Beroe_sp	Bolinopsis_infundibulum	Bolocera_tuedia	Branchiostoma_floridae	Capitella_teleta	Capsaspora_owczarzaki_atcc30864	Cestum_veneris	Choanoeca_perplexa_11	Chondrilla_nucula	Clathrina_coriacea	Clytia_hemisphaerica	Codosiga_hollandica_17	Coeloplana_species	Corticium_candelabrum	Craspedacusta_sowerbyi	Crassostrea_gigas	Creolimax_fragrantissima	Daphnia_pulex	Diaphanoeca_grandis_RI_01	Didymoeca_costata_10	Dryodora_glandiformis	Edwardsiella_lineata	Ephydatia_muelleri	Euplectella_aspergillum	Euplokamis_dunlapae	Gorgonia_ventalina	Grantia_compressa	Helobdella_robusta	Homo_sapiens	Hormiphora_californensis	Hyalonema_populiferum	Hydra_magnipapillata	Hydractinia_polyclina	Ircinia_fasciculata	Ixodes_scapularis	Kirkpatrickia_variolosa	Lampea_pancerina	Latrunculia_apicalis	Leuconia_nivea	Leucosolenia_complicata	Liriope_tetraphylla	Lucernariopsis_campanulata	Ministeria_vibrans	Mnemiopsis_leidyi	Monosiga_brevicollis_mx1	Montastraea_faveolata	Mycale_phyllophila	Mylnosiga_fluctuans_19	Nanomia_bijuga	Nematostella_vectensis	Oscarella_carmela	Oscarella_species	Pelagia_noctiluca	Pennatula_rubra	Periphylla_periphylla	Petrosia_ficiformis	Pirum_gemmata	Plakina_jani	Pleraplysilla_spinifera	Pleurobrachia_species	Plumapathes_pennacea	Porites_australiensis	Rossella_fibulata	Saccoglossus_kowalevskii	Salpingoeca_dolichothecata_16	Salpingoeca_helianthica_18	Salpingoeca_infusionum_12	Salpingoeca_macrocollata_06	Salpingoeca_punica_03	Salpingoeca_qvevrii_09	Salpingoeca_roanoka_13	Salpingoeca_rosetta	Salpingoeca_urceolata_04	Sphaeroforma_arctica_JP610	Spongilla_lacustris	Stephanoeca_diplocostata_AUFR	Stomolophus_meleagris	Strongylocentrotus_purpuratus	Sycon_ciliatum	Sycon_coactum	Sympagella_nux	Tribolium_castaneum	Trichoplax_adhaerens	Vallicula_multiformis
Abeoforma_whisleri		0.0359281437125748	0.0239520958083832	0	0	0	0	0	0.00598802395209581	0	0	1	0	1	0.125748502994012	0	0.00598802395209581	0	0	0	0.0179640718562874	1	0	1	0.0179640718562874	0	1	1	0	0	1	0	0	0	0	1	0.00598802395209581	0.0778443113772455	0.0119760479041916	0	0	0	0.0359281437125748	0.676646706586826	1	1	0	0.119760479041916	0	0	0	1	0.11377245508982	1	0	0	0	0.0718562874251497	0	0	0	1	0	1	0.0239520958083832	1	0.0119760479041916	0	0	0	0	0	0	0	0.191616766467066	0.00598802395209581	0	0	0	0.00598802395209581	0.0239520958083832	0	0	0.00598802395209581	0.0179640718562874	0	0	1	0	1	0.11377245508982	1	0.0179640718562874	0.00598802395209581	0	0.11377245508982	0.0419161676646707
Acanthoeca_sp_10tr	0.0359281437125748		0	0	0	0	0	0	0	0	0	0.0359281437125748	0	0.0359281437125748	0	0	0.00598802395209581	0	0	0	0	0.0359281437125748	0	0.0359281437125748	0	0	0.0359281437125748	0.0359281437125748	0	0	0.0359281437125748	0	0	0	0	0.0359281437125748	0	0	0	0	0	0	0.029940119760479	0.0359281437125748	0.0359281437125748	0.0359281437125748	0	0.00598802395209581	0	0	0	0.0359281437125748	0	0.0359281437125748	0	0	0	0.029940119760479	0	0	0	0.0359281437125748	0	0.0359281437125748	0	0.0359281437125748	0	0	0	0	0	0	0	0	0	0	0	0	0	0	0	0	0	0	0	0	0	0.0359281437125748	0	0.0359281437125748	0	0.0359281437125748	0	0	0	0	0.029940119760479
Acanthoeca_spectabilis_VA_02	0.0239520958083832	0		0	0	0	0	0	0	0	0	0.0239520958083832	0	0.0239520958083832	0	0	0	0	0	0	0	0.0239520958083832	0	0.0239520958083832	0	0	0.0239520958083832	0.0239520958083832	0	0	0.0239520958083832	0	0	0	0	0.0239520958083832	0	0	0	0	0	0	0	0.0239520958083832	0.0239520958083832	0.0239520958083832	0	0	0	0	0	0.0239520958083832	0	0.0239520958083832	0	0	0	0	0	0	0	0.0239520958083832	0	0.0239520958083832	0	0.0239520958083832	0	0	0	0	0	0	0	0	0	0	0	0	0	0	0	0	0	0	0	0	0	0.0239520958083832	0	0.0239520958083832	0	0.0239520958083832	0	0	0	0	0
Aiptasia_pallida	0	0	0		0	0	0	0	0	0	0	0	0	0	0	0	0	0	0	0	0	0	0	0	0	0	0	0	0	0	0	0	0	0	0	0	0	0	0	0	0	0	0	0	0	0	0	0	0	0	0	0	0	0	0	0	0	0	0	0	0	0	0	0	0	0	0	0	0	0	0	0	0	0	0	0	0	0	0	0	0	0	0	0	0	0	0	0	0	0	0	0	0	0	0	0	0
Alatina_alata	0	0	0	0		0	0	0	0	0	0	0	0	0	0	0	0	0	0	0	0	0	0	0	0	0	0	0	0	0	0	0	0	0	0	0	0	0	0	0	0	0	0	0	0	0	0	0	0	0	0	0	0	0	0	0	0	0	0	0	0	0	0	0	0	0	0	0	0	0	0	0	0	0	0	0	0	0	0	0	0	0	0	0	0	0	0	0	0	0	0	0	0	0	0	0	0
Amoebidium_parasiticum_JAP72	0	0	0	0	0		0	0	0	0	0	0	0	0	0	0	0	0	0	0	0	0	0	0	0	0	0	0	0	0	0	0	0	0	0	0	0	0	0	0	0	0	0	0	0	0	0	0	0	0	0	0	0	0	0	0	0	0	0	0	0	0	0	0	0	0	0	0	0	0	0	0	0	0	0	0	0	0	0	0	0	0	0	0	0	0	0	0	0	0	0	0	0	0	0	0	0
Amphimedon_queenslandica	0	0	0	0	0	0		0	0	0	0	0	0	0	0	0	0	0	0	0	0	0	0	0	0	0	0	0	0	0	0	0	0	0	0	0	0	0	0	0	0	0	0	0	0	0	0	0	0	0	0	0	0	0	0	0	0	0	0	0	0	0	0	0	0	0	0	0	0	0	0	0	0	0	0	0	0	0	0	0	0	0	0	0	0	0	0	0	0	0	0	0	0	0	0	0	0
Antipathes_caribbeana	0	0	0	0	0	0	0		0	0	0	0	0	0	0	0	0	0	0	0	0	0	0	0	0	0	0	0	0	0	0	0	0	0	0	0	0	0	0	0	0	0	0	0	0	0	0	0	0	0	0	0	0	0	0	0	0	0	0	0	0	0	0	0	0	0	0	0	0	0	0	0	0	0	0	0	0	0	0	0	0	0	0	0	0	0	0	0	0	0	0	0	0	0	0	0	0
Aphrocallistes_vastus	0.00598802395209581	0	0	0	0	0	0	0		0	0	0.00598802395209581	0	0.00598802395209581	0.00598802395209581	0	0	0	0	0	0.00598802395209581	0.00598802395209581	0	0.00598802395209581	0.00598802395209581	0	0.00598802395209581	0.00598802395209581	0	0	0.00598802395209581	0	0	0	0	0.00598802395209581	0.00598802395209581	0.00598802395209581	0	0	0	0	0	0.00598802395209581	0.00598802395209581	0.00598802395209581	0	0.00598802395209581	0	0	0	0.00598802395209581	0.00598802395209581	0.00598802395209581	0	0	0	0.00598802395209581	0	0	0	0.00598802395209581	0	0.00598802395209581	0.00598802395209581	0.00598802395209581	0.00598802395209581	0	0	0	0	0	0	0	0.00598802395209581	0.00598802395209581	0	0	0	0.00598802395209581	0.00598802395209581	0	0	0.00598802395209581	0.00598802395209581	0	0	0.00598802395209581	0	0.00598802395209581	0.00598802395209581	0.00598802395209581	0.00598802395209581	0.00598802395209581	0	0.00598802395209581	0
Aplysia_californica	0	0	0	0	0	0	0	0	0		0	0	0	0	0	0	0	0	0	0	0	0	0	0	0	0	0	0	0	0	0	0	0	0	0	0	0	0	0	0	0	0	0	0	0	0	0	0	0	0	0	0	0	0	0	0	0	0	0	0	0	0	0	0	0	0	0	0	0	0	0	0	0	0	0	0	0	0	0	0	0	0	0	0	0	0	0	0	0	0	0	0	0	0	0	0	0
Atolla_vanhoeffeni	0	0	0	0	0	0	0	0	0	0		0	0	0	0	0	0	0	0	0	0	0	0	0	0	0	0	0	0	0	0	0	0	0	0	0	0	0	0	0	0	0	0	0	0	0	0	0	0	0	0	0	0	0	0	0	0	0	0	0	0	0	0	0	0	0	0	0	0	0	0	0	0	0	0	0	0	0	0	0	0	0	0	0	0	0	0	0	0	0	0	0	0	0	0	0	0
Aurelia_aurita	1	0.0359281437125748	0.0239520958083832	0	0	0	0	0	0.00598802395209581	0	0		0	1	0.125748502994012	0	0.00598802395209581	0	0	0	0.0179640718562874	1	0	1	0.0179640718562874	0	1	1	0	0	1	0	0	0	0	1	0.00598802395209581	0.0778443113772455	0.0119760479041916	0	0	0	0.0359281437125748	0.676646706586826	1	1	0	0.119760479041916	0	0	0	1	0.11377245508982	1	0	0	0	0.0718562874251497	0	0	0	1	0	1	0.0239520958083832	1	0.0119760479041916	0	0	0	0	0	0	0	0.191616766467066	0.00598802395209581	0	0	0	0.00598802395209581	0.0239520958083832	0	0	0.00598802395209581	0.0179640718562874	0	0	1	0	1	0.11377245508982	1	0.0179640718562874	0.00598802395209581	0	0.11377245508982	0.0419161676646707
Beroe_abyssicola	0	0	0	0	0	0	0	0	0	0	0	0		0	0	0	0	0	0	0	0	0	0	0	0	0	0	0	0	0	0	0	0	0	0	0	0	0	0	0	0	0	0	0	0	0	0	0	0	0	0	0	0	0	0	0	0	0	0	0	0	0	0	0	0	0	0	0	0	0	0	0	0	0	0	0	0	0	0	0	0	0	0	0	0	0	0	0	0	0	0	0	0	0	0	0	0
Beroe_sp	1	0.0359281437125748	0.0239520958083832	0	0	0	0	0	0.00598802395209581	0	0	1	0		0.125748502994012	0	0.00598802395209581	0	0	0	0.0179640718562874	1	0	1	0.0179640718562874	0	1	1	0	0	1	0	0	0	0	1	0.00598802395209581	0.0778443113772455	0.0119760479041916	0	0	0	0.0359281437125748	0.676646706586826	1	1	0	0.119760479041916	0	0	0	1	0.11377245508982	1	0	0	0	0.0718562874251497	0	0	0	1	0	1	0.0239520958083832	1	0.0119760479041916	0	0	0	0	0	0	0	0.191616766467066	0.00598802395209581	0	0	0	0.00598802395209581	0.0239520958083832	0	0	0.00598802395209581	0.0179640718562874	0	0	1	0	1	0.11377245508982	1	0.0179640718562874	0.00598802395209581	0	0.11377245508982	0.0419161676646707
Bolinopsis_infundibulum	0.125748502994012	0	0	0	0	0	0	0	0.00598802395209581	0	0	0.125748502994012	0	0.125748502994012		0	0	0	0	0	0.0179640718562874	0.125748502994012	0	0.125748502994012	0.0179640718562874	0	0.125748502994012	0.125748502994012	0	0	0.125748502994012	0	0	0	0	0.125748502994012	0.00598802395209581	0.0778443113772455	0	0	0	0	0	0.125748502994012	0.125748502994012	0.125748502994012	0	0.11377245508982	0	0	0	0.125748502994012	0.11377245508982	0.125748502994012	0	0	0	0.0119760479041916	0	0	0	0.125748502994012	0	0.125748502994012	0.0239520958083832	0.125748502994012	0.0119760479041916	0	0	0	0	0	0	0	0.125748502994012	0.00598802395209581	0	0	0	0.00598802395209581	0.0239520958083832	0	0	0.00598802395209581	0.0179640718562874	0	0	0.125748502994012	0	0.125748502994012	0.11377245508982	0.125748502994012	0.0179640718562874	0.00598802395209581	0	0.11377245508982	0
Bolocera_tuedia	0	0	0	0	0	0	0	0	0	0	0	0	0	0	0		0	0	0	0	0	0	0	0	0	0	0	0	0	0	0	0	0	0	0	0	0	0	0	0	0	0	0	0	0	0	0	0	0	0	0	0	0	0	0	0	0	0	0	0	0	0	0	0	0	0	0	0	0	0	0	0	0	0	0	0	0	0	0	0	0	0	0	0	0	0	0	0	0	0	0	0	0	0	0	0	0
Branchiostoma_floridae	0.00598802395209581	0.00598802395209581	0	0	0	0	0	0	0	0	0	0.00598802395209581	0	0.00598802395209581	0	0		0	0	0	0	0.00598802395209581	0	0.00598802395209581	0	0	0.00598802395209581	0.00598802395209581	0	0	0.00598802395209581	0	0	0	0	0.00598802395209581	0	0	0	0	0	0	0.00598802395209581	0.00598802395209581	0.00598802395209581	0.00598802395209581	0	0.00598802395209581	0	0	0	0.00598802395209581	0	0.00598802395209581	0	0	0	0.00598802395209581	0	0	0	0.00598802395209581	0	0.00598802395209581	0	0.00598802395209581	0	0	0	0	0	0	0	0	0	0	0	0	0	0	0	0	0	0	0	0	0	0.00598802395209581	0	0.00598802395209581	0	0.00598802395209581	0	0	0	0	0.00598802395209581
Capitella_teleta	0	0	0	0	0	0	0	0	0	0	0	0	0	0	0	0	0		0	0	0	0	0	0	0	0	0	0	0	0	0	0	0	0	0	0	0	0	0	0	0	0	0	0	0	0	0	0	0	0	0	0	0	0	0	0	0	0	0	0	0	0	0	0	0	0	0	0	0	0	0	0	0	0	0	0	0	0	0	0	0	0	0	0	0	0	0	0	0	0	0	0	0	0	0	0	0
Capsaspora_owczarzaki_atcc30864	0	0	0	0	0	0	0	0	0	0	0	0	0	0	0	0	0	0		0	0	0	0	0	0	0	0	0	0	0	0	0	0	0	0	0	0	0	0	0	0	0	0	0	0	0	0	0	0	0	0	0	0	0	0	0	0	0	0	0	0	0	0	0	0	0	0	0	0	0	0	0	0	0	0	0	0	0	0	0	0	0	0	0	0	0	0	0	0	0	0	0	0	0	0	0	0
Cestum_veneris	0	0	0	0	0	0	0	0	0	0	0	0	0	0	0	0	0	0	0		0	0	0	0	0	0	0	0	0	0	0	0	0	0	0	0	0	0	0	0	0	0	0	0	0	0	0	0	0	0	0	0	0	0	0	0	0	0	0	0	0	0	0	0	0	0	0	0	0	0	0	0	0	0	0	0	0	0	0	0	0	0	0	0	0	0	0	0	0	0	0	0	0	0	0	0	0
Choanoeca_perplexa_11	0.0179640718562874	0	0	0	0	0	0	0	0.00598802395209581	0	0	0.0179640718562874	0	0.0179640718562874	0.0179640718562874	0	0	0	0	0		0.0179640718562874	0	0.0179640718562874	0.0179640718562874	0	0.0179640718562874	0.0179640718562874	0	0	0.0179640718562874	0	0	0	0	0.0179640718562874	0.00598802395209581	0.0179640718562874	0	0	0	0	0	0.0179640718562874	0.0179640718562874	0.0179640718562874	0	0.0179640718562874	0	0	0	0.0179640718562874	0.0179640718562874	0.0179640718562874	0	0	0	0.0119760479041916	0	0	0	0.0179640718562874	0	0.0179640718562874	0.0179640718562874	0.0179640718562874	0.0119760479041916	0	0	0	0	0	0	0	0.0179640718562874	0.00598802395209581	0	0	0	0.00598802395209581	0.0179640718562874	0	0	0.00598802395209581	0.0179640718562874	0	0	0.0179640718562874	0	0.0179640718562874	0.0179640718562874	0.0179640718562874	0.0179640718562874	0.00598802395209581	0	0.0179640718562874	0
Chondrilla_nucula	1	0.0359281437125748	0.0239520958083832	0	0	0	0	0	0.00598802395209581	0	0	1	0	1	0.125748502994012	0	0.00598802395209581	0	0	0	0.0179640718562874		0	1	0.0179640718562874	0	1	1	0	0	1	0	0	0	0	1	0.00598802395209581	0.0778443113772455	0.0119760479041916	0	0	0	0.0359281437125748	0.676646706586826	1	1	0	0.119760479041916	0	0	0	1	0.11377245508982	1	0	0	0	0.0718562874251497	0	0	0	1	0	1	0.0239520958083832	1	0.0119760479041916	0	0	0	0	0	0	0	0.191616766467066	0.00598802395209581	0	0	0	0.00598802395209581	0.0239520958083832	0	0	0.00598802395209581	0.0179640718562874	0	0	1	0	1	0.11377245508982	1	0.0179640718562874	0.00598802395209581	0	0.11377245508982	0.0419161676646707
Clathrina_coriacea	0	0	0	0	0	0	0	0	0	0	0	0	0	0	0	0	0	0	0	0	0	0		0	0	0	0	0	0	0	0	0	0	0	0	0	0	0	0	0	0	0	0	0	0	0	0	0	0	0	0	0	0	0	0	0	0	0	0	0	0	0	0	0	0	0	0	0	0	0	0	0	0	0	0	0	0	0	0	0	0	0	0	0	0	0	0	0	0	0	0	0	0	0	0	0	0
Clytia_hemisphaerica	1	0.0359281437125748	0.0239520958083832	0	0	0	0	0	0.00598802395209581	0	0	1	0	1	0.125748502994012	0	0.00598802395209581	0	0	0	0.0179640718562874	1	0		0.0179640718562874	0	1	1	0	0	1	0	0	0	0	1	0.00598802395209581	0.0778443113772455	0.0119760479041916	0	0	0	0.0359281437125748	0.676646706586826	1	1	0	0.119760479041916	0	0	0	1	0.11377245508982	1	0	0	0	0.0718562874251497	0	0	0	1	0	1	0.0239520958083832	1	0.0119760479041916	0	0	0	0	0	0	0	0.191616766467066	0.00598802395209581	0	0	0	0.00598802395209581	0.0239520958083832	0	0	0.00598802395209581	0.0179640718562874	0	0	1	0	1	0.11377245508982	1	0.0179640718562874	0.00598802395209581	0	0.11377245508982	0.0419161676646707
Codosiga_hollandica_17	0.0179640718562874	0	0	0	0	0	0	0	0.00598802395209581	0	0	0.0179640718562874	0	0.0179640718562874	0.0179640718562874	0	0	0	0	0	0.0179640718562874	0.0179640718562874	0	0.0179640718562874		0	0.0179640718562874	0.0179640718562874	0	0	0.0179640718562874	0	0	0	0	0.0179640718562874	0.00598802395209581	0.0179640718562874	0	0	0	0	0	0.0179640718562874	0.0179640718562874	0.0179640718562874	0	0.0179640718562874	0	0	0	0.0179640718562874	0.0179640718562874	0.0179640718562874	0	0	0	0.0119760479041916	0	0	0	0.0179640718562874	0	0.0179640718562874	0.0179640718562874	0.0179640718562874	0.0119760479041916	0	0	0	0	0	0	0	0.0179640718562874	0.00598802395209581	0	0	0	0.00598802395209581	0.0179640718562874	0	0	0.00598802395209581	0.0179640718562874	0	0	0.0179640718562874	0	0.0179640718562874	0.0179640718562874	0.0179640718562874	0.0179640718562874	0.00598802395209581	0	0.0179640718562874	0
Coeloplana_species	0	0	0	0	0	0	0	0	0	0	0	0	0	0	0	0	0	0	0	0	0	0	0	0	0		0	0	0	0	0	0	0	0	0	0	0	0	0	0	0	0	0	0	0	0	0	0	0	0	0	0	0	0	0	0	0	0	0	0	0	0	0	0	0	0	0	0	0	0	0	0	0	0	0	0	0	0	0	0	0	0	0	0	0	0	0	0	0	0	0	0	0	0	0	0	0
Corticium_candelabrum	1	0.0359281437125748	0.0239520958083832	0	0	0	0	0	0.00598802395209581	0	0	1	0	1	0.125748502994012	0	0.00598802395209581	0	0	0	0.0179640718562874	1	0	1	0.0179640718562874	0		1	0	0	1	0	0	0	0	1	0.00598802395209581	0.0778443113772455	0.0119760479041916	0	0	0	0.0359281437125748	0.676646706586826	1	1	0	0.119760479041916	0	0	0	1	0.11377245508982	1	0	0	0	0.0718562874251497	0	0	0	1	0	1	0.0239520958083832	1	0.0119760479041916	0	0	0	0	0	0	0	0.191616766467066	0.00598802395209581	0	0	0	0.00598802395209581	0.0239520958083832	0	0	0.00598802395209581	0.0179640718562874	0	0	1	0	1	0.11377245508982	1	0.0179640718562874	0.00598802395209581	0	0.11377245508982	0.0419161676646707
Craspedacusta_sowerbyi	1	0.0359281437125748	0.0239520958083832	0	0	0	0	0	0.00598802395209581	0	0	1	0	1	0.125748502994012	0	0.00598802395209581	0	0	0	0.0179640718562874	1	0	1	0.0179640718562874	0	1		0	0	1	0	0	0	0	1	0.00598802395209581	0.0778443113772455	0.0119760479041916	0	0	0	0.0359281437125748	0.676646706586826	1	1	0	0.119760479041916	0	0	0	1	0.11377245508982	1	0	0	0	0.0718562874251497	0	0	0	1	0	1	0.0239520958083832	1	0.0119760479041916	0	0	0	0	0	0	0	0.191616766467066	0.00598802395209581	0	0	0	0.00598802395209581	0.0239520958083832	0	0	0.00598802395209581	0.0179640718562874	0	0	1	0	1	0.11377245508982	1	0.0179640718562874	0.00598802395209581	0	0.11377245508982	0.0419161676646707
Crassostrea_gigas	0	0	0	0	0	0	0	0	0	0	0	0	0	0	0	0	0	0	0	0	0	0	0	0	0	0	0	0		0	0	0	0	0	0	0	0	0	0	0	0	0	0	0	0	0	0	0	0	0	0	0	0	0	0	0	0	0	0	0	0	0	0	0	0	0	0	0	0	0	0	0	0	0	0	0	0	0	0	0	0	0	0	0	0	0	0	0	0	0	0	0	0	0	0	0	0
Creolimax_fragrantissima	0	0	0	0	0	0	0	0	0	0	0	0	0	0	0	0	0	0	0	0	0	0	0	0	0	0	0	0	0		0	0	0	0	0	0	0	0	0	0	0	0	0	0	0	0	0	0	0	0	0	0	0	0	0	0	0	0	0	0	0	0	0	0	0	0	0	0	0	0	0	0	0	0	0	0	0	0	0	0	0	0	0	0	0	0	0	0	0	0	0	0	0	0	0	0	0
Daphnia_pulex	1	0.0359281437125748	0.0239520958083832	0	0	0	0	0	0.00598802395209581	0	0	1	0	1	0.125748502994012	0	0.00598802395209581	0	0	0	0.0179640718562874	1	0	1	0.0179640718562874	0	1	1	0	0		0	0	0	0	1	0.00598802395209581	0.0778443113772455	0.0119760479041916	0	0	0	0.0359281437125748	0.676646706586826	1	1	0	0.119760479041916	0	0	0	1	0.11377245508982	1	0	0	0	0.0718562874251497	0	0	0	1	0	1	0.0239520958083832	1	0.0119760479041916	0	0	0	0	0	0	0	0.191616766467066	0.00598802395209581	0	0	0	0.00598802395209581	0.0239520958083832	0	0	0.00598802395209581	0.0179640718562874	0	0	1	0	1	0.11377245508982	1	0.0179640718562874	0.00598802395209581	0	0.11377245508982	0.0419161676646707
Diaphanoeca_grandis_RI_01	0	0	0	0	0	0	0	0	0	0	0	0	0	0	0	0	0	0	0	0	0	0	0	0	0	0	0	0	0	0	0		0	0	0	0	0	0	0	0	0	0	0	0	0	0	0	0	0	0	0	0	0	0	0	0	0	0	0	0	0	0	0	0	0	0	0	0	0	0	0	0	0	0	0	0	0	0	0	0	0	0	0	0	0	0	0	0	0	0	0	0	0	0	0	0	0
Didymoeca_costata_10	0	0	0	0	0	0	0	0	0	0	0	0	0	0	0	0	0	0	0	0	0	0	0	0	0	0	0	0	0	0	0	0		0	0	0	0	0	0	0	0	0	0	0	0	0	0	0	0	0	0	0	0	0	0	0	0	0	0	0	0	0	0	0	0	0	0	0	0	0	0	0	0	0	0	0	0	0	0	0	0	0	0	0	0	0	0	0	0	0	0	0	0	0	0	0	0
Dryodora_glandiformis	0	0	0	0	0	0	0	0	0	0	0	0	0	0	0	0	0	0	0	0	0	0	0	0	0	0	0	0	0	0	0	0	0		0	0	0	0	0	0	0	0	0	0	0	0	0	0	0	0	0	0	0	0	0	0	0	0	0	0	0	0	0	0	0	0	0	0	0	0	0	0	0	0	0	0	0	0	0	0	0	0	0	0	0	0	0	0	0	0	0	0	0	0	0	0	0
Edwardsiella_lineata	0	0	0	0	0	0	0	0	0	0	0	0	0	0	0	0	0	0	0	0	0	0	0	0	0	0	0	0	0	0	0	0	0	0		0	0	0	0	0	0	0	0	0	0	0	0	0	0	0	0	0	0	0	0	0	0	0	0	0	0	0	0	0	0	0	0	0	0	0	0	0	0	0	0	0	0	0	0	0	0	0	0	0	0	0	0	0	0	0	0	0	0	0	0	0	0
Ephydatia_muelleri	1	0.0359281437125748	0.0239520958083832	0	0	0	0	0	0.00598802395209581	0	0	1	0	1	0.125748502994012	0	0.00598802395209581	0	0	0	0.0179640718562874	1	0	1	0.0179640718562874	0	1	1	0	0	1	0	0	0	0		0.00598802395209581	0.0778443113772455	0.0119760479041916	0	0	0	0.0359281437125748	0.676646706586826	1	1	0	0.119760479041916	0	0	0	1	0.11377245508982	1	0	0	0	0.0718562874251497	0	0	0	1	0	1	0.0239520958083832	1	0.0119760479041916	0	0	0	0	0	0	0	0.191616766467066	0.00598802395209581	0	0	0	0.00598802395209581	0.0239520958083832	0	0	0.00598802395209581	0.0179640718562874	0	0	1	0	1	0.11377245508982	1	0.0179640718562874	0.00598802395209581	0	0.11377245508982	0.0419161676646707
Euplectella_aspergillum	0.00598802395209581	0	0	0	0	0	0	0	0.00598802395209581	0	0	0.00598802395209581	0	0.00598802395209581	0.00598802395209581	0	0	0	0	0	0.00598802395209581	0.00598802395209581	0	0.00598802395209581	0.00598802395209581	0	0.00598802395209581	0.00598802395209581	0	0	0.00598802395209581	0	0	0	0	0.00598802395209581		0.00598802395209581	0	0	0	0	0	0.00598802395209581	0.00598802395209581	0.00598802395209581	0	0.00598802395209581	0	0	0	0.00598802395209581	0.00598802395209581	0.00598802395209581	0	0	0	0.00598802395209581	0	0	0	0.00598802395209581	0	0.00598802395209581	0.00598802395209581	0.00598802395209581	0.00598802395209581	0	0	0	0	0	0	0	0.00598802395209581	0.00598802395209581	0	0	0	0.00598802395209581	0.00598802395209581	0	0	0.00598802395209581	0.00598802395209581	0	0	0.00598802395209581	0	0.00598802395209581	0.00598802395209581	0.00598802395209581	0.00598802395209581	0.00598802395209581	0	0.00598802395209581	0
Euplokamis_dunlapae	0.0778443113772455	0	0	0	0	0	0	0	0.00598802395209581	0	0	0.0778443113772455	0	0.0778443113772455	0.0778443113772455	0	0	0	0	0	0.0179640718562874	0.0778443113772455	0	0.0778443113772455	0.0179640718562874	0	0.0778443113772455	0.0778443113772455	0	0	0.0778443113772455	0	0	0	0	0.0778443113772455	0.00598802395209581		0	0	0	0	0	0.0778443113772455	0.0778443113772455	0.0778443113772455	0	0.0778443113772455	0	0	0	0.0778443113772455	0.0778443113772455	0.0778443113772455	0	0	0	0.0119760479041916	0	0	0	0.0778443113772455	0	0.0778443113772455	0.0239520958083832	0.0778443113772455	0.0119760479041916	0	0	0	0	0	0	0	0.0778443113772455	0.00598802395209581	0	0	0	0.00598802395209581	0.0239520958083832	0	0	0.00598802395209581	0.0179640718562874	0	0	0.0778443113772455	0	0.0778443113772455	0.0778443113772455	0.0778443113772455	0.0179640718562874	0.00598802395209581	0	0.0778443113772455	0
Gorgonia_ventalina	0.0119760479041916	0	0	0	0	0	0	0	0	0	0	0.0119760479041916	0	0.0119760479041916	0	0	0	0	0	0	0	0.0119760479041916	0	0.0119760479041916	0	0	0.0119760479041916	0.0119760479041916	0	0	0.0119760479041916	0	0	0	0	0.0119760479041916	0	0		0	0	0	0	0	0.0119760479041916	0.0119760479041916	0	0	0	0	0	0.0119760479041916	0	0.0119760479041916	0	0	0	0	0	0	0	0.0119760479041916	0	0.0119760479041916	0	0.0119760479041916	0	0	0	0	0	0	0	0	0	0	0	0	0	0	0	0	0	0	0	0	0	0.0119760479041916	0	0.0119760479041916	0	0.0119760479041916	0	0	0	0	0
Grantia_compressa	0	0	0	0	0	0	0	0	0	0	0	0	0	0	0	0	0	0	0	0	0	0	0	0	0	0	0	0	0	0	0	0	0	0	0	0	0	0	0		0	0	0	0	0	0	0	0	0	0	0	0	0	0	0	0	0	0	0	0	0	0	0	0	0	0	0	0	0	0	0	0	0	0	0	0	0	0	0	0	0	0	0	0	0	0	0	0	0	0	0	0	0	0	0	0	0
Helobdella_robusta	0	0	0	0	0	0	0	0	0	0	0	0	0	0	0	0	0	0	0	0	0	0	0	0	0	0	0	0	0	0	0	0	0	0	0	0	0	0	0	0		0	0	0	0	0	0	0	0	0	0	0	0	0	0	0	0	0	0	0	0	0	0	0	0	0	0	0	0	0	0	0	0	0	0	0	0	0	0	0	0	0	0	0	0	0	0	0	0	0	0	0	0	0	0	0	0
Homo_sapiens	0	0	0	0	0	0	0	0	0	0	0	0	0	0	0	0	0	0	0	0	0	0	0	0	0	0	0	0	0	0	0	0	0	0	0	0	0	0	0	0	0		0	0	0	0	0	0	0	0	0	0	0	0	0	0	0	0	0	0	0	0	0	0	0	0	0	0	0	0	0	0	0	0	0	0	0	0	0	0	0	0	0	0	0	0	0	0	0	0	0	0	0	0	0	0	0
Hormiphora_californensis	0.0359281437125748	0.029940119760479	0	0	0	0	0	0	0	0	0	0.0359281437125748	0	0.0359281437125748	0	0	0.00598802395209581	0	0	0	0	0.0359281437125748	0	0.0359281437125748	0	0	0.0359281437125748	0.0359281437125748	0	0	0.0359281437125748	0	0	0	0	0.0359281437125748	0	0	0	0	0	0		0.0359281437125748	0.0359281437125748	0.0359281437125748	0	0.00598802395209581	0	0	0	0.0359281437125748	0	0.0359281437125748	0	0	0	0.0359281437125748	0	0	0	0.0359281437125748	0	0.0359281437125748	0	0.0359281437125748	0	0	0	0	0	0	0	0	0	0	0	0	0	0	0	0	0	0	0	0	0	0.0359281437125748	0	0.0359281437125748	0	0.0359281437125748	0	0	0	0	0.0359281437125748
Hyalonema_populiferum	0.676646706586826	0.0359281437125748	0.0239520958083832	0	0	0	0	0	0.00598802395209581	0	0	0.676646706586826	0	0.676646706586826	0.125748502994012	0	0.00598802395209581	0	0	0	0.0179640718562874	0.676646706586826	0	0.676646706586826	0.0179640718562874	0	0.676646706586826	0.676646706586826	0	0	0.676646706586826	0	0	0	0	0.676646706586826	0.00598802395209581	0.0778443113772455	0	0	0	0	0.0359281437125748		0.676646706586826	0.676646706586826	0	0.119760479041916	0	0	0	0.676646706586826	0.11377245508982	0.676646706586826	0	0	0	0.0718562874251497	0	0	0	0.676646706586826	0	0.676646706586826	0.0239520958083832	0.676646706586826	0.0119760479041916	0	0	0	0	0	0	0	0.191616766467066	0.00598802395209581	0	0	0	0.00598802395209581	0.0239520958083832	0	0	0.00598802395209581	0.0179640718562874	0	0	0.676646706586826	0	0.676646706586826	0.11377245508982	0.676646706586826	0.0179640718562874	0.00598802395209581	0	0.11377245508982	0.0419161676646707
Hydra_magnipapillata	1	0.0359281437125748	0.0239520958083832	0	0	0	0	0	0.00598802395209581	0	0	1	0	1	0.125748502994012	0	0.00598802395209581	0	0	0	0.0179640718562874	1	0	1	0.0179640718562874	0	1	1	0	0	1	0	0	0	0	1	0.00598802395209581	0.0778443113772455	0.0119760479041916	0	0	0	0.0359281437125748	0.676646706586826		1	0	0.119760479041916	0	0	0	1	0.11377245508982	1	0	0	0	0.0718562874251497	0	0	0	1	0	1	0.0239520958083832	1	0.0119760479041916	0	0	0	0	0	0	0	0.191616766467066	0.00598802395209581	0	0	0	0.00598802395209581	0.0239520958083832	0	0	0.00598802395209581	0.0179640718562874	0	0	1	0	1	0.11377245508982	1	0.0179640718562874	0.00598802395209581	0	0.11377245508982	0.0419161676646707
Hydractinia_polyclina	1	0.0359281437125748	0.0239520958083832	0	0	0	0	0	0.00598802395209581	0	0	1	0	1	0.125748502994012	0	0.00598802395209581	0	0	0	0.0179640718562874	1	0	1	0.0179640718562874	0	1	1	0	0	1	0	0	0	0	1	0.00598802395209581	0.0778443113772455	0.0119760479041916	0	0	0	0.0359281437125748	0.676646706586826	1		0	0.119760479041916	0	0	0	1	0.11377245508982	1	0	0	0	0.0718562874251497	0	0	0	1	0	1	0.0239520958083832	1	0.0119760479041916	0	0	0	0	0	0	0	0.191616766467066	0.00598802395209581	0	0	0	0.00598802395209581	0.0239520958083832	0	0	0.00598802395209581	0.0179640718562874	0	0	1	0	1	0.11377245508982	1	0.0179640718562874	0.00598802395209581	0	0.11377245508982	0.0419161676646707
Ircinia_fasciculata	0	0	0	0	0	0	0	0	0	0	0	0	0	0	0	0	0	0	0	0	0	0	0	0	0	0	0	0	0	0	0	0	0	0	0	0	0	0	0	0	0	0	0	0	0	0		0	0	0	0	0	0	0	0	0	0	0	0	0	0	0	0	0	0	0	0	0	0	0	0	0	0	0	0	0	0	0	0	0	0	0	0	0	0	0	0	0	0	0	0	0	0	0	0	0	0
Ixodes_scapularis	0.119760479041916	0.00598802395209581	0	0	0	0	0	0	0.00598802395209581	0	0	0.119760479041916	0	0.119760479041916	0.11377245508982	0	0.00598802395209581	0	0	0	0.0179640718562874	0.119760479041916	0	0.119760479041916	0.0179640718562874	0	0.119760479041916	0.119760479041916	0	0	0.119760479041916	0	0	0	0	0.119760479041916	0.00598802395209581	0.0778443113772455	0	0	0	0	0.00598802395209581	0.119760479041916	0.119760479041916	0.119760479041916	0		0	0	0	0.119760479041916	0.11377245508982	0.119760479041916	0	0	0	0.0179640718562874	0	0	0	0.119760479041916	0	0.119760479041916	0.0239520958083832	0.119760479041916	0.0119760479041916	0	0	0	0	0	0	0	0.11377245508982	0.00598802395209581	0	0	0	0.00598802395209581	0.0239520958083832	0	0	0.00598802395209581	0.0179640718562874	0	0	0.119760479041916	0	0.119760479041916	0.11377245508982	0.119760479041916	0.0179640718562874	0.00598802395209581	0	0.11377245508982	0.00598802395209581
Kirkpatrickia_variolosa	0	0	0	0	0	0	0	0	0	0	0	0	0	0	0	0	0	0	0	0	0	0	0	0	0	0	0	0	0	0	0	0	0	0	0	0	0	0	0	0	0	0	0	0	0	0	0	0		0	0	0	0	0	0	0	0	0	0	0	0	0	0	0	0	0	0	0	0	0	0	0	0	0	0	0	0	0	0	0	0	0	0	0	0	0	0	0	0	0	0	0	0	0	0	0	0
Lampea_pancerina	0	0	0	0	0	0	0	0	0	0	0	0	0	0	0	0	0	0	0	0	0	0	0	0	0	0	0	0	0	0	0	0	0	0	0	0	0	0	0	0	0	0	0	0	0	0	0	0	0		0	0	0	0	0	0	0	0	0	0	0	0	0	0	0	0	0	0	0	0	0	0	0	0	0	0	0	0	0	0	0	0	0	0	0	0	0	0	0	0	0	0	0	0	0	0	0
Latrunculia_apicalis	0	0	0	0	0	0	0	0	0	0	0	0	0	0	0	0	0	0	0	0	0	0	0	0	0	0	0	0	0	0	0	0	0	0	0	0	0	0	0	0	0	0	0	0	0	0	0	0	0	0		0	0	0	0	0	0	0	0	0	0	0	0	0	0	0	0	0	0	0	0	0	0	0	0	0	0	0	0	0	0	0	0	0	0	0	0	0	0	0	0	0	0	0	0	0	0
Leuconia_nivea	1	0.0359281437125748	0.0239520958083832	0	0	0	0	0	0.00598802395209581	0	0	1	0	1	0.125748502994012	0	0.00598802395209581	0	0	0	0.0179640718562874	1	0	1	0.0179640718562874	0	1	1	0	0	1	0	0	0	0	1	0.00598802395209581	0.0778443113772455	0.0119760479041916	0	0	0	0.0359281437125748	0.676646706586826	1	1	0	0.119760479041916	0	0	0		0.11377245508982	1	0	0	0	0.0718562874251497	0	0	0	1	0	1	0.0239520958083832	1	0.0119760479041916	0	0	0	0	0	0	0	0.191616766467066	0.00598802395209581	0	0	0	0.00598802395209581	0.0239520958083832	0	0	0.00598802395209581	0.0179640718562874	0	0	1	0	1	0.11377245508982	1	0.0179640718562874	0.00598802395209581	0	0.11377245508982	0.0419161676646707
Leucosolenia_complicata	0.11377245508982	0	0	0	0	0	0	0	0.00598802395209581	0	0	0.11377245508982	0	0.11377245508982	0.11377245508982	0	0	0	0	0	0.0179640718562874	0.11377245508982	0	0.11377245508982	0.0179640718562874	0	0.11377245508982	0.11377245508982	0	0	0.11377245508982	0	0	0	0	0.11377245508982	0.00598802395209581	0.0778443113772455	0	0	0	0	0	0.11377245508982	0.11377245508982	0.11377245508982	0	0.11377245508982	0	0	0	0.11377245508982		0.11377245508982	0	0	0	0.0119760479041916	0	0	0	0.11377245508982	0	0.11377245508982	0.0239520958083832	0.11377245508982	0.0119760479041916	0	0	0	0	0	0	0	0.11377245508982	0.00598802395209581	0	0	0	0.00598802395209581	0.0239520958083832	0	0	0.00598802395209581	0.0179640718562874	0	0	0.11377245508982	0	0.11377245508982	0.11377245508982	0.11377245508982	0.0179640718562874	0.00598802395209581	0	0.11377245508982	0
Liriope_tetraphylla	1	0.0359281437125748	0.0239520958083832	0	0	0	0	0	0.00598802395209581	0	0	1	0	1	0.125748502994012	0	0.00598802395209581	0	0	0	0.0179640718562874	1	0	1	0.0179640718562874	0	1	1	0	0	1	0	0	0	0	1	0.00598802395209581	0.0778443113772455	0.0119760479041916	0	0	0	0.0359281437125748	0.676646706586826	1	1	0	0.119760479041916	0	0	0	1	0.11377245508982		0	0	0	0.0718562874251497	0	0	0	1	0	1	0.0239520958083832	1	0.0119760479041916	0	0	0	0	0	0	0	0.191616766467066	0.00598802395209581	0	0	0	0.00598802395209581	0.0239520958083832	0	0	0.00598802395209581	0.0179640718562874	0	0	1	0	1	0.11377245508982	1	0.0179640718562874	0.00598802395209581	0	0.11377245508982	0.0419161676646707
Lucernariopsis_campanulata	0	0	0	0	0	0	0	0	0	0	0	0	0	0	0	0	0	0	0	0	0	0	0	0	0	0	0	0	0	0	0	0	0	0	0	0	0	0	0	0	0	0	0	0	0	0	0	0	0	0	0	0	0	0		0	0	0	0	0	0	0	0	0	0	0	0	0	0	0	0	0	0	0	0	0	0	0	0	0	0	0	0	0	0	0	0	0	0	0	0	0	0	0	0	0	0
Ministeria_vibrans	0	0	0	0	0	0	0	0	0	0	0	0	0	0	0	0	0	0	0	0	0	0	0	0	0	0	0	0	0	0	0	0	0	0	0	0	0	0	0	0	0	0	0	0	0	0	0	0	0	0	0	0	0	0	0		0	0	0	0	0	0	0	0	0	0	0	0	0	0	0	0	0	0	0	0	0	0	0	0	0	0	0	0	0	0	0	0	0	0	0	0	0	0	0	0	0
Mnemiopsis_leidyi	0	0	0	0	0	0	0	0	0	0	0	0	0	0	0	0	0	0	0	0	0	0	0	0	0	0	0	0	0	0	0	0	0	0	0	0	0	0	0	0	0	0	0	0	0	0	0	0	0	0	0	0	0	0	0	0		0	0	0	0	0	0	0	0	0	0	0	0	0	0	0	0	0	0	0	0	0	0	0	0	0	0	0	0	0	0	0	0	0	0	0	0	0	0	0	0
Monosiga_brevicollis_mx1	0.0718562874251497	0.029940119760479	0	0	0	0	0	0	0.00598802395209581	0	0	0.0718562874251497	0	0.0718562874251497	0.0119760479041916	0	0.00598802395209581	0	0	0	0.0119760479041916	0.0718562874251497	0	0.0718562874251497	0.0119760479041916	0	0.0718562874251497	0.0718562874251497	0	0	0.0718562874251497	0	0	0	0	0.0718562874251497	0.00598802395209581	0.0119760479041916	0	0	0	0	0.0359281437125748	0.0718562874251497	0.0718562874251497	0.0718562874251497	0	0.0179640718562874	0	0	0	0.0718562874251497	0.0119760479041916	0.0718562874251497	0	0	0		0	0	0	0.0718562874251497	0	0.0718562874251497	0.0119760479041916	0.0718562874251497	0.0119760479041916	0	0	0	0	0	0	0	0.0119760479041916	0.00598802395209581	0	0	0	0.00598802395209581	0.0119760479041916	0	0	0.00598802395209581	0.0119760479041916	0	0	0.0718562874251497	0	0.0718562874251497	0.0119760479041916	0.0718562874251497	0.0119760479041916	0.00598802395209581	0	0.0119760479041916	0.0419161676646707
Montastraea_faveolata	0	0	0	0	0	0	0	0	0	0	0	0	0	0	0	0	0	0	0	0	0	0	0	0	0	0	0	0	0	0	0	0	0	0	0	0	0	0	0	0	0	0	0	0	0	0	0	0	0	0	0	0	0	0	0	0	0	0		0	0	0	0	0	0	0	0	0	0	0	0	0	0	0	0	0	0	0	0	0	0	0	0	0	0	0	0	0	0	0	0	0	0	0	0	0	0
Mycale_phyllophila	0	0	0	0	0	0	0	0	0	0	0	0	0	0	0	0	0	0	0	0	0	0	0	0	0	0	0	0	0	0	0	0	0	0	0	0	0	0	0	0	0	0	0	0	0	0	0	0	0	0	0	0	0	0	0	0	0	0	0		0	0	0	0	0	0	0	0	0	0	0	0	0	0	0	0	0	0	0	0	0	0	0	0	0	0	0	0	0	0	0	0	0	0	0	0	0
Mylnosiga_fluctuans_19	0	0	0	0	0	0	0	0	0	0	0	0	0	0	0	0	0	0	0	0	0	0	0	0	0	0	0	0	0	0	0	0	0	0	0	0	0	0	0	0	0	0	0	0	0	0	0	0	0	0	0	0	0	0	0	0	0	0	0	0		0	0	0	0	0	0	0	0	0	0	0	0	0	0	0	0	0	0	0	0	0	0	0	0	0	0	0	0	0	0	0	0	0	0	0	0
Nanomia_bijuga	1	0.0359281437125748	0.0239520958083832	0	0	0	0	0	0.00598802395209581	0	0	1	0	1	0.125748502994012	0	0.00598802395209581	0	0	0	0.0179640718562874	1	0	1	0.0179640718562874	0	1	1	0	0	1	0	0	0	0	1	0.00598802395209581	0.0778443113772455	0.0119760479041916	0	0	0	0.0359281437125748	0.676646706586826	1	1	0	0.119760479041916	0	0	0	1	0.11377245508982	1	0	0	0	0.0718562874251497	0	0	0		0	1	0.0239520958083832	1	0.0119760479041916	0	0	0	0	0	0	0	0.191616766467066	0.00598802395209581	0	0	0	0.00598802395209581	0.0239520958083832	0	0	0.00598802395209581	0.0179640718562874	0	0	1	0	1	0.11377245508982	1	0.0179640718562874	0.00598802395209581	0	0.11377245508982	0.0419161676646707
Nematostella_vectensis	0	0	0	0	0	0	0	0	0	0	0	0	0	0	0	0	0	0	0	0	0	0	0	0	0	0	0	0	0	0	0	0	0	0	0	0	0	0	0	0	0	0	0	0	0	0	0	0	0	0	0	0	0	0	0	0	0	0	0	0	0	0		0	0	0	0	0	0	0	0	0	0	0	0	0	0	0	0	0	0	0	0	0	0	0	0	0	0	0	0	0	0	0	0	0	0
Oscarella_carmela	1	0.0359281437125748	0.0239520958083832	0	0	0	0	0	0.00598802395209581	0	0	1	0	1	0.125748502994012	0	0.00598802395209581	0	0	0	0.0179640718562874	1	0	1	0.0179640718562874	0	1	1	0	0	1	0	0	0	0	1	0.00598802395209581	0.0778443113772455	0.0119760479041916	0	0	0	0.0359281437125748	0.676646706586826	1	1	0	0.119760479041916	0	0	0	1	0.11377245508982	1	0	0	0	0.0718562874251497	0	0	0	1	0		0.0239520958083832	1	0.0119760479041916	0	0	0	0	0	0	0	0.191616766467066	0.00598802395209581	0	0	0	0.00598802395209581	0.0239520958083832	0	0	0.00598802395209581	0.0179640718562874	0	0	1	0	1	0.11377245508982	1	0.0179640718562874	0.00598802395209581	0	0.11377245508982	0.0419161676646707
Oscarella_species	0.0239520958083832	0	0	0	0	0	0	0	0.00598802395209581	0	0	0.0239520958083832	0	0.0239520958083832	0.0239520958083832	0	0	0	0	0	0.0179640718562874	0.0239520958083832	0	0.0239520958083832	0.0179640718562874	0	0.0239520958083832	0.0239520958083832	0	0	0.0239520958083832	0	0	0	0	0.0239520958083832	0.00598802395209581	0.0239520958083832	0	0	0	0	0	0.0239520958083832	0.0239520958083832	0.0239520958083832	0	0.0239520958083832	0	0	0	0.0239520958083832	0.0239520958083832	0.0239520958083832	0	0	0	0.0119760479041916	0	0	0	0.0239520958083832	0	0.0239520958083832		0.0239520958083832	0.0119760479041916	0	0	0	0	0	0	0	0.0239520958083832	0.00598802395209581	0	0	0	0.00598802395209581	0.0239520958083832	0	0	0.00598802395209581	0.0179640718562874	0	0	0.0239520958083832	0	0.0239520958083832	0.0239520958083832	0.0239520958083832	0.0179640718562874	0.00598802395209581	0	0.0239520958083832	0
Pelagia_noctiluca	1	0.0359281437125748	0.0239520958083832	0	0	0	0	0	0.00598802395209581	0	0	1	0	1	0.125748502994012	0	0.00598802395209581	0	0	0	0.0179640718562874	1	0	1	0.0179640718562874	0	1	1	0	0	1	0	0	0	0	1	0.00598802395209581	0.0778443113772455	0.0119760479041916	0	0	0	0.0359281437125748	0.676646706586826	1	1	0	0.119760479041916	0	0	0	1	0.11377245508982	1	0	0	0	0.0718562874251497	0	0	0	1	0	1	0.0239520958083832		0.0119760479041916	0	0	0	0	0	0	0	0.191616766467066	0.00598802395209581	0	0	0	0.00598802395209581	0.0239520958083832	0	0	0.00598802395209581	0.0179640718562874	0	0	1	0	1	0.11377245508982	1	0.0179640718562874	0.00598802395209581	0	0.11377245508982	0.0419161676646707
Pennatula_rubra	0.0119760479041916	0	0	0	0	0	0	0	0.00598802395209581	0	0	0.0119760479041916	0	0.0119760479041916	0.0119760479041916	0	0	0	0	0	0.0119760479041916	0.0119760479041916	0	0.0119760479041916	0.0119760479041916	0	0.0119760479041916	0.0119760479041916	0	0	0.0119760479041916	0	0	0	0	0.0119760479041916	0.00598802395209581	0.0119760479041916	0	0	0	0	0	0.0119760479041916	0.0119760479041916	0.0119760479041916	0	0.0119760479041916	0	0	0	0.0119760479041916	0.0119760479041916	0.0119760479041916	0	0	0	0.0119760479041916	0	0	0	0.0119760479041916	0	0.0119760479041916	0.0119760479041916	0.0119760479041916		0	0	0	0	0	0	0	0.0119760479041916	0.00598802395209581	0	0	0	0.00598802395209581	0.0119760479041916	0	0	0.00598802395209581	0.0119760479041916	0	0	0.0119760479041916	0	0.0119760479041916	0.0119760479041916	0.0119760479041916	0.0119760479041916	0.00598802395209581	0	0.0119760479041916	0
Periphylla_periphylla	0	0	0	0	0	0	0	0	0	0	0	0	0	0	0	0	0	0	0	0	0	0	0	0	0	0	0	0	0	0	0	0	0	0	0	0	0	0	0	0	0	0	0	0	0	0	0	0	0	0	0	0	0	0	0	0	0	0	0	0	0	0	0	0	0	0	0		0	0	0	0	0	0	0	0	0	0	0	0	0	0	0	0	0	0	0	0	0	0	0	0	0	0	0	0	0
Petrosia_ficiformis	0	0	0	0	0	0	0	0	0	0	0	0	0	0	0	0	0	0	0	0	0	0	0	0	0	0	0	0	0	0	0	0	0	0	0	0	0	0	0	0	0	0	0	0	0	0	0	0	0	0	0	0	0	0	0	0	0	0	0	0	0	0	0	0	0	0	0	0		0	0	0	0	0	0	0	0	0	0	0	0	0	0	0	0	0	0	0	0	0	0	0	0	0	0	0	0
Pirum_gemmata	0	0	0	0	0	0	0	0	0	0	0	0	0	0	0	0	0	0	0	0	0	0	0	0	0	0	0	0	0	0	0	0	0	0	0	0	0	0	0	0	0	0	0	0	0	0	0	0	0	0	0	0	0	0	0	0	0	0	0	0	0	0	0	0	0	0	0	0	0		0	0	0	0	0	0	0	0	0	0	0	0	0	0	0	0	0	0	0	0	0	0	0	0	0	0	0
Plakina_jani	0	0	0	0	0	0	0	0	0	0	0	0	0	0	0	0	0	0	0	0	0	0	0	0	0	0	0	0	0	0	0	0	0	0	0	0	0	0	0	0	0	0	0	0	0	0	0	0	0	0	0	0	0	0	0	0	0	0	0	0	0	0	0	0	0	0	0	0	0	0		0	0	0	0	0	0	0	0	0	0	0	0	0	0	0	0	0	0	0	0	0	0	0	0	0	0
Pleraplysilla_spinifera	0	0	0	0	0	0	0	0	0	0	0	0	0	0	0	0	0	0	0	0	0	0	0	0	0	0	0	0	0	0	0	0	0	0	0	0	0	0	0	0	0	0	0	0	0	0	0	0	0	0	0	0	0	0	0	0	0	0	0	0	0	0	0	0	0	0	0	0	0	0	0		0	0	0	0	0	0	0	0	0	0	0	0	0	0	0	0	0	0	0	0	0	0	0	0	0
Pleurobrachia_species	0	0	0	0	0	0	0	0	0	0	0	0	0	0	0	0	0	0	0	0	0	0	0	0	0	0	0	0	0	0	0	0	0	0	0	0	0	0	0	0	0	0	0	0	0	0	0	0	0	0	0	0	0	0	0	0	0	0	0	0	0	0	0	0	0	0	0	0	0	0	0	0		0	0	0	0	0	0	0	0	0	0	0	0	0	0	0	0	0	0	0	0	0	0	0	0
Plumapathes_pennacea	0	0	0	0	0	0	0	0	0	0	0	0	0	0	0	0	0	0	0	0	0	0	0	0	0	0	0	0	0	0	0	0	0	0	0	0	0	0	0	0	0	0	0	0	0	0	0	0	0	0	0	0	0	0	0	0	0	0	0	0	0	0	0	0	0	0	0	0	0	0	0	0	0		0	0	0	0	0	0	0	0	0	0	0	0	0	0	0	0	0	0	0	0	0	0	0
Porites_australiensis	0.191616766467066	0	0	0	0	0	0	0	0.00598802395209581	0	0	0.191616766467066	0	0.191616766467066	0.125748502994012	0	0	0	0	0	0.0179640718562874	0.191616766467066	0	0.191616766467066	0.0179640718562874	0	0.191616766467066	0.191616766467066	0	0	0.191616766467066	0	0	0	0	0.191616766467066	0.00598802395209581	0.0778443113772455	0	0	0	0	0	0.191616766467066	0.191616766467066	0.191616766467066	0	0.11377245508982	0	0	0	0.191616766467066	0.11377245508982	0.191616766467066	0	0	0	0.0119760479041916	0	0	0	0.191616766467066	0	0.191616766467066	0.0239520958083832	0.191616766467066	0.0119760479041916	0	0	0	0	0	0	0		0.00598802395209581	0	0	0	0.00598802395209581	0.0239520958083832	0	0	0.00598802395209581	0.0179640718562874	0	0	0.191616766467066	0	0.191616766467066	0.11377245508982	0.191616766467066	0.0179640718562874	0.00598802395209581	0	0.11377245508982	0
Rossella_fibulata	0.00598802395209581	0	0	0	0	0	0	0	0.00598802395209581	0	0	0.00598802395209581	0	0.00598802395209581	0.00598802395209581	0	0	0	0	0	0.00598802395209581	0.00598802395209581	0	0.00598802395209581	0.00598802395209581	0	0.00598802395209581	0.00598802395209581	0	0	0.00598802395209581	0	0	0	0	0.00598802395209581	0.00598802395209581	0.00598802395209581	0	0	0	0	0	0.00598802395209581	0.00598802395209581	0.00598802395209581	0	0.00598802395209581	0	0	0	0.00598802395209581	0.00598802395209581	0.00598802395209581	0	0	0	0.00598802395209581	0	0	0	0.00598802395209581	0	0.00598802395209581	0.00598802395209581	0.00598802395209581	0.00598802395209581	0	0	0	0	0	0	0	0.00598802395209581		0	0	0	0.00598802395209581	0.00598802395209581	0	0	0.00598802395209581	0.00598802395209581	0	0	0.00598802395209581	0	0.00598802395209581	0.00598802395209581	0.00598802395209581	0.00598802395209581	0.00598802395209581	0	0.00598802395209581	0
Saccoglossus_kowalevskii	0	0	0	0	0	0	0	0	0	0	0	0	0	0	0	0	0	0	0	0	0	0	0	0	0	0	0	0	0	0	0	0	0	0	0	0	0	0	0	0	0	0	0	0	0	0	0	0	0	0	0	0	0	0	0	0	0	0	0	0	0	0	0	0	0	0	0	0	0	0	0	0	0	0	0	0		0	0	0	0	0	0	0	0	0	0	0	0	0	0	0	0	0	0	0	0
Salpingoeca_dolichothecata_16	0	0	0	0	0	0	0	0	0	0	0	0	0	0	0	0	0	0	0	0	0	0	0	0	0	0	0	0	0	0	0	0	0	0	0	0	0	0	0	0	0	0	0	0	0	0	0	0	0	0	0	0	0	0	0	0	0	0	0	0	0	0	0	0	0	0	0	0	0	0	0	0	0	0	0	0	0		0	0	0	0	0	0	0	0	0	0	0	0	0	0	0	0	0	0	0
Salpingoeca_helianthica_18	0	0	0	0	0	0	0	0	0	0	0	0	0	0	0	0	0	0	0	0	0	0	0	0	0	0	0	0	0	0	0	0	0	0	0	0	0	0	0	0	0	0	0	0	0	0	0	0	0	0	0	0	0	0	0	0	0	0	0	0	0	0	0	0	0	0	0	0	0	0	0	0	0	0	0	0	0	0		0	0	0	0	0	0	0	0	0	0	0	0	0	0	0	0	0	0
Salpingoeca_infusionum_12	0.00598802395209581	0	0	0	0	0	0	0	0.00598802395209581	0	0	0.00598802395209581	0	0.00598802395209581	0.00598802395209581	0	0	0	0	0	0.00598802395209581	0.00598802395209581	0	0.00598802395209581	0.00598802395209581	0	0.00598802395209581	0.00598802395209581	0	0	0.00598802395209581	0	0	0	0	0.00598802395209581	0.00598802395209581	0.00598802395209581	0	0	0	0	0	0.00598802395209581	0.00598802395209581	0.00598802395209581	0	0.00598802395209581	0	0	0	0.00598802395209581	0.00598802395209581	0.00598802395209581	0	0	0	0.00598802395209581	0	0	0	0.00598802395209581	0	0.00598802395209581	0.00598802395209581	0.00598802395209581	0.00598802395209581	0	0	0	0	0	0	0	0.00598802395209581	0.00598802395209581	0	0	0		0.00598802395209581	0	0	0.00598802395209581	0.00598802395209581	0	0	0.00598802395209581	0	0.00598802395209581	0.00598802395209581	0.00598802395209581	0.00598802395209581	0.00598802395209581	0	0.00598802395209581	0
Salpingoeca_macrocollata_06	0.0239520958083832	0	0	0	0	0	0	0	0.00598802395209581	0	0	0.0239520958083832	0	0.0239520958083832	0.0239520958083832	0	0	0	0	0	0.0179640718562874	0.0239520958083832	0	0.0239520958083832	0.0179640718562874	0	0.0239520958083832	0.0239520958083832	0	0	0.0239520958083832	0	0	0	0	0.0239520958083832	0.00598802395209581	0.0239520958083832	0	0	0	0	0	0.0239520958083832	0.0239520958083832	0.0239520958083832	0	0.0239520958083832	0	0	0	0.0239520958083832	0.0239520958083832	0.0239520958083832	0	0	0	0.0119760479041916	0	0	0	0.0239520958083832	0	0.0239520958083832	0.0239520958083832	0.0239520958083832	0.0119760479041916	0	0	0	0	0	0	0	0.0239520958083832	0.00598802395209581	0	0	0	0.00598802395209581		0	0	0.00598802395209581	0.0179640718562874	0	0	0.0239520958083832	0	0.0239520958083832	0.0239520958083832	0.0239520958083832	0.0179640718562874	0.00598802395209581	0	0.0239520958083832	0
Salpingoeca_punica_03	0	0	0	0	0	0	0	0	0	0	0	0	0	0	0	0	0	0	0	0	0	0	0	0	0	0	0	0	0	0	0	0	0	0	0	0	0	0	0	0	0	0	0	0	0	0	0	0	0	0	0	0	0	0	0	0	0	0	0	0	0	0	0	0	0	0	0	0	0	0	0	0	0	0	0	0	0	0	0	0	0		0	0	0	0	0	0	0	0	0	0	0	0	0	0	0
Salpingoeca_qvevrii_09	0	0	0	0	0	0	0	0	0	0	0	0	0	0	0	0	0	0	0	0	0	0	0	0	0	0	0	0	0	0	0	0	0	0	0	0	0	0	0	0	0	0	0	0	0	0	0	0	0	0	0	0	0	0	0	0	0	0	0	0	0	0	0	0	0	0	0	0	0	0	0	0	0	0	0	0	0	0	0	0	0	0		0	0	0	0	0	0	0	0	0	0	0	0	0	0
Salpingoeca_roanoka_13	0.00598802395209581	0	0	0	0	0	0	0	0.00598802395209581	0	0	0.00598802395209581	0	0.00598802395209581	0.00598802395209581	0	0	0	0	0	0.00598802395209581	0.00598802395209581	0	0.00598802395209581	0.00598802395209581	0	0.00598802395209581	0.00598802395209581	0	0	0.00598802395209581	0	0	0	0	0.00598802395209581	0.00598802395209581	0.00598802395209581	0	0	0	0	0	0.00598802395209581	0.00598802395209581	0.00598802395209581	0	0.00598802395209581	0	0	0	0.00598802395209581	0.00598802395209581	0.00598802395209581	0	0	0	0.00598802395209581	0	0	0	0.00598802395209581	0	0.00598802395209581	0.00598802395209581	0.00598802395209581	0.00598802395209581	0	0	0	0	0	0	0	0.00598802395209581	0.00598802395209581	0	0	0	0.00598802395209581	0.00598802395209581	0	0		0.00598802395209581	0	0	0.00598802395209581	0	0.00598802395209581	0.00598802395209581	0.00598802395209581	0.00598802395209581	0.00598802395209581	0	0.00598802395209581	0
Salpingoeca_rosetta	0.0179640718562874	0	0	0	0	0	0	0	0.00598802395209581	0	0	0.0179640718562874	0	0.0179640718562874	0.0179640718562874	0	0	0	0	0	0.0179640718562874	0.0179640718562874	0	0.0179640718562874	0.0179640718562874	0	0.0179640718562874	0.0179640718562874	0	0	0.0179640718562874	0	0	0	0	0.0179640718562874	0.00598802395209581	0.0179640718562874	0	0	0	0	0	0.0179640718562874	0.0179640718562874	0.0179640718562874	0	0.0179640718562874	0	0	0	0.0179640718562874	0.0179640718562874	0.0179640718562874	0	0	0	0.0119760479041916	0	0	0	0.0179640718562874	0	0.0179640718562874	0.0179640718562874	0.0179640718562874	0.0119760479041916	0	0	0	0	0	0	0	0.0179640718562874	0.00598802395209581	0	0	0	0.00598802395209581	0.0179640718562874	0	0	0.00598802395209581		0	0	0.0179640718562874	0	0.0179640718562874	0.0179640718562874	0.0179640718562874	0.0179640718562874	0.00598802395209581	0	0.0179640718562874	0
Salpingoeca_urceolata_04	0	0	0	0	0	0	0	0	0	0	0	0	0	0	0	0	0	0	0	0	0	0	0	0	0	0	0	0	0	0	0	0	0	0	0	0	0	0	0	0	0	0	0	0	0	0	0	0	0	0	0	0	0	0	0	0	0	0	0	0	0	0	0	0	0	0	0	0	0	0	0	0	0	0	0	0	0	0	0	0	0	0	0	0	0		0	0	0	0	0	0	0	0	0	0	0
Sphaeroforma_arctica_JP610	0	0	0	0	0	0	0	0	0	0	0	0	0	0	0	0	0	0	0	0	0	0	0	0	0	0	0	0	0	0	0	0	0	0	0	0	0	0	0	0	0	0	0	0	0	0	0	0	0	0	0	0	0	0	0	0	0	0	0	0	0	0	0	0	0	0	0	0	0	0	0	0	0	0	0	0	0	0	0	0	0	0	0	0	0	0		0	0	0	0	0	0	0	0	0	0
Spongilla_lacustris	1	0.0359281437125748	0.0239520958083832	0	0	0	0	0	0.00598802395209581	0	0	1	0	1	0.125748502994012	0	0.00598802395209581	0	0	0	0.0179640718562874	1	0	1	0.0179640718562874	0	1	1	0	0	1	0	0	0	0	1	0.00598802395209581	0.0778443113772455	0.0119760479041916	0	0	0	0.0359281437125748	0.676646706586826	1	1	0	0.119760479041916	0	0	0	1	0.11377245508982	1	0	0	0	0.0718562874251497	0	0	0	1	0	1	0.0239520958083832	1	0.0119760479041916	0	0	0	0	0	0	0	0.191616766467066	0.00598802395209581	0	0	0	0.00598802395209581	0.0239520958083832	0	0	0.00598802395209581	0.0179640718562874	0	0		0	1	0.11377245508982	1	0.0179640718562874	0.00598802395209581	0	0.11377245508982	0.0419161676646707
Stephanoeca_diplocostata_AUFR	0	0	0	0	0	0	0	0	0	0	0	0	0	0	0	0	0	0	0	0	0	0	0	0	0	0	0	0	0	0	0	0	0	0	0	0	0	0	0	0	0	0	0	0	0	0	0	0	0	0	0	0	0	0	0	0	0	0	0	0	0	0	0	0	0	0	0	0	0	0	0	0	0	0	0	0	0	0	0	0	0	0	0	0	0	0	0	0		0	0	0	0	0	0	0	0
Stomolophus_meleagris	1	0.0359281437125748	0.0239520958083832	0	0	0	0	0	0.00598802395209581	0	0	1	0	1	0.125748502994012	0	0.00598802395209581	0	0	0	0.0179640718562874	1	0	1	0.0179640718562874	0	1	1	0	0	1	0	0	0	0	1	0.00598802395209581	0.0778443113772455	0.0119760479041916	0	0	0	0.0359281437125748	0.676646706586826	1	1	0	0.119760479041916	0	0	0	1	0.11377245508982	1	0	0	0	0.0718562874251497	0	0	0	1	0	1	0.0239520958083832	1	0.0119760479041916	0	0	0	0	0	0	0	0.191616766467066	0.00598802395209581	0	0	0	0.00598802395209581	0.0239520958083832	0	0	0.00598802395209581	0.0179640718562874	0	0	1	0		0.11377245508982	1	0.0179640718562874	0.00598802395209581	0	0.11377245508982	0.0419161676646707
Strongylocentrotus_purpuratus	0.11377245508982	0	0	0	0	0	0	0	0.00598802395209581	0	0	0.11377245508982	0	0.11377245508982	0.11377245508982	0	0	0	0	0	0.0179640718562874	0.11377245508982	0	0.11377245508982	0.0179640718562874	0	0.11377245508982	0.11377245508982	0	0	0.11377245508982	0	0	0	0	0.11377245508982	0.00598802395209581	0.0778443113772455	0	0	0	0	0	0.11377245508982	0.11377245508982	0.11377245508982	0	0.11377245508982	0	0	0	0.11377245508982	0.11377245508982	0.11377245508982	0	0	0	0.0119760479041916	0	0	0	0.11377245508982	0	0.11377245508982	0.0239520958083832	0.11377245508982	0.0119760479041916	0	0	0	0	0	0	0	0.11377245508982	0.00598802395209581	0	0	0	0.00598802395209581	0.0239520958083832	0	0	0.00598802395209581	0.0179640718562874	0	0	0.11377245508982	0	0.11377245508982		0.11377245508982	0.0179640718562874	0.00598802395209581	0	0.11377245508982	0
Sycon_ciliatum	1	0.0359281437125748	0.0239520958083832	0	0	0	0	0	0.00598802395209581	0	0	1	0	1	0.125748502994012	0	0.00598802395209581	0	0	0	0.0179640718562874	1	0	1	0.0179640718562874	0	1	1	0	0	1	0	0	0	0	1	0.00598802395209581	0.0778443113772455	0.0119760479041916	0	0	0	0.0359281437125748	0.676646706586826	1	1	0	0.119760479041916	0	0	0	1	0.11377245508982	1	0	0	0	0.0718562874251497	0	0	0	1	0	1	0.0239520958083832	1	0.0119760479041916	0	0	0	0	0	0	0	0.191616766467066	0.00598802395209581	0	0	0	0.00598802395209581	0.0239520958083832	0	0	0.00598802395209581	0.0179640718562874	0	0	1	0	1	0.11377245508982		0.0179640718562874	0.00598802395209581	0	0.11377245508982	0.0419161676646707
Sycon_coactum	0.0179640718562874	0	0	0	0	0	0	0	0.00598802395209581	0	0	0.0179640718562874	0	0.0179640718562874	0.0179640718562874	0	0	0	0	0	0.0179640718562874	0.0179640718562874	0	0.0179640718562874	0.0179640718562874	0	0.0179640718562874	0.0179640718562874	0	0	0.0179640718562874	0	0	0	0	0.0179640718562874	0.00598802395209581	0.0179640718562874	0	0	0	0	0	0.0179640718562874	0.0179640718562874	0.0179640718562874	0	0.0179640718562874	0	0	0	0.0179640718562874	0.0179640718562874	0.0179640718562874	0	0	0	0.0119760479041916	0	0	0	0.0179640718562874	0	0.0179640718562874	0.0179640718562874	0.0179640718562874	0.0119760479041916	0	0	0	0	0	0	0	0.0179640718562874	0.00598802395209581	0	0	0	0.00598802395209581	0.0179640718562874	0	0	0.00598802395209581	0.0179640718562874	0	0	0.0179640718562874	0	0.0179640718562874	0.0179640718562874	0.0179640718562874		0.00598802395209581	0	0.0179640718562874	0
Sympagella_nux	0.00598802395209581	0	0	0	0	0	0	0	0.00598802395209581	0	0	0.00598802395209581	0	0.00598802395209581	0.00598802395209581	0	0	0	0	0	0.00598802395209581	0.00598802395209581	0	0.00598802395209581	0.00598802395209581	0	0.00598802395209581	0.00598802395209581	0	0	0.00598802395209581	0	0	0	0	0.00598802395209581	0.00598802395209581	0.00598802395209581	0	0	0	0	0	0.00598802395209581	0.00598802395209581	0.00598802395209581	0	0.00598802395209581	0	0	0	0.00598802395209581	0.00598802395209581	0.00598802395209581	0	0	0	0.00598802395209581	0	0	0	0.00598802395209581	0	0.00598802395209581	0.00598802395209581	0.00598802395209581	0.00598802395209581	0	0	0	0	0	0	0	0.00598802395209581	0.00598802395209581	0	0	0	0.00598802395209581	0.00598802395209581	0	0	0.00598802395209581	0.00598802395209581	0	0	0.00598802395209581	0	0.00598802395209581	0.00598802395209581	0.00598802395209581	0.00598802395209581		0	0.00598802395209581	0
Tribolium_castaneum	0	0	0	0	0	0	0	0	0	0	0	0	0	0	0	0	0	0	0	0	0	0	0	0	0	0	0	0	0	0	0	0	0	0	0	0	0	0	0	0	0	0	0	0	0	0	0	0	0	0	0	0	0	0	0	0	0	0	0	0	0	0	0	0	0	0	0	0	0	0	0	0	0	0	0	0	0	0	0	0	0	0	0	0	0	0	0	0	0	0	0	0	0	0		0	0
Trichoplax_adhaerens	0.11377245508982	0	0	0	0	0	0	0	0.00598802395209581	0	0	0.11377245508982	0	0.11377245508982	0.11377245508982	0	0	0	0	0	0.0179640718562874	0.11377245508982	0	0.11377245508982	0.0179640718562874	0	0.11377245508982	0.11377245508982	0	0	0.11377245508982	0	0	0	0	0.11377245508982	0.00598802395209581	0.0778443113772455	0	0	0	0	0	0.11377245508982	0.11377245508982	0.11377245508982	0	0.11377245508982	0	0	0	0.11377245508982	0.11377245508982	0.11377245508982	0	0	0	0.0119760479041916	0	0	0	0.11377245508982	0	0.11377245508982	0.0239520958083832	0.11377245508982	0.0119760479041916	0	0	0	0	0	0	0	0.11377245508982	0.00598802395209581	0	0	0	0.00598802395209581	0.0239520958083832	0	0	0.00598802395209581	0.0179640718562874	0	0	0.11377245508982	0	0.11377245508982	0.11377245508982	0.11377245508982	0.0179640718562874	0.00598802395209581	0		0
Vallicula_multiformis	0.0419161676646707	0.029940119760479	0	0	0	0	0	0	0	0	0	0.0419161676646707	0	0.0419161676646707	0	0	0.00598802395209581	0	0	0	0	0.0419161676646707	0	0.0419161676646707	0	0	0.0419161676646707	0.0419161676646707	0	0	0.0419161676646707	0	0	0	0	0.0419161676646707	0	0	0	0	0	0	0.0359281437125748	0.0419161676646707	0.0419161676646707	0.0419161676646707	0	0.00598802395209581	0	0	0	0.0419161676646707	0	0.0419161676646707	0	0	0	0.0419161676646707	0	0	0	0.0419161676646707	0	0.0419161676646707	0	0.0419161676646707	0	0	0	0	0	0	0	0	0	0	0	0	0	0	0	0	0	0	0	0	0	0.0419161676646707	0	0.0419161676646707	0	0.0419161676646707	0	0	0	0	
