	Acanthoeca_like_sp_10tr	Acropora_cervicornis	Aiptasia_pallida	Amoebidium	Amphimedon_queenslandica	Aphrocallistes_vastus	Aurelia_aurita	Beroe_abyssicola	Bolocera_tuediae	Botryllus_schlosseri	Branchiostoma_floridae	Buddenbrockia_plumatellae	Capitella_teleta	Capsaspora_owczarzaki_atcc30864	Chondrilla_nucula	Ciona_intestinalis	Clytia_hemisphaerica	Corticium_candelabrum	Craspedacusta_sowerbyi	Crassostrea_gigas	Cyanea_capillata	Daphnia_pulex	Ectopleura_larynx	Edwardsiella_lineata	Enteromyxum_leei	Ephydatia_muelleri	Eunicella_cavolinii	Euplectella_aspergillum	Euplokamis_dunlapae	Gorgonia_ventalina	Helobdella_robusta	Homo_sapiens	Hormathia_digitata	Hydra_magnipapillata	Hydractinia_polyclina	Ilyanassa_obsoleta	Ixodes_scapularis	Kudoa_iwatai	Latimeria_menadoensis	Leucetta_chagosensis	Ministeria_vibrans_atcc50519	Mnemiopsis_leidyi	Monosiga_brevicollis_mx1	Monosiga_ovata	Montastraea_faveolata	Myxobolus_cerebralis	Nanomia_bijuga	Nasonia_vitripennis	Nematostella_vectensis	Octopus_vulgaris	Oscarella	Oscarella_carmela	Patiria_miniata	Pediculus_humanus_corporis	Petromyzon_marinus	Petrosia_ficiformis	Pleurobrachia_pileus	Pocillopora_damicornis	Polypodium_hydriforme	Porites_australiensis	Saccoglossus_kowalevskii	Salpingoeca_sp_ATCC50818	Sarcotragus_fasciculatus	Sphaeroforma_arctica_jp610	Sphaeromyxa_zaharoni	Stephanoeca_diplocostata	Stomolophus_meleagris	Strigamia_maritima	Strongylocentrotus_purpuratus	Sycon_ciliatum	Sycon_coactum	Tetracapsuloides_bryosalmonae	Thelohanellus_kitauei	Trichoplax_adhaerens	Tripedalia_cystophora	Urticina_eques	Vallicula_multiformis
Acanthoeca_like_sp_10tr		1	1	1	1	1	1	1	1	1	1	1	1	1	1	1	1	1	1	1	1	1	1	0	1	1	1	0	1	0.989473684210526	1	1	1	1	1	1	1	1	1	1	0.989473684210526	1	1	1	1	1	1	1	1	1	1	1	1	1	1	1	1	1	1	1	1	1	1	1	1	1	1	0.936842105263158	1	1	1	0	0.968421052631579	1	1	1	1
Acropora_cervicornis	1		1	1	1	1	1	1	1	1	1	1	1	1	1	1	1	1	1	1	1	1	1	0	1	1	1	0	1	0.989473684210526	1	1	1	1	1	1	1	1	1	1	0.989473684210526	1	1	1	1	1	1	1	1	1	1	1	1	1	1	1	1	1	1	1	1	1	1	1	1	1	1	0.936842105263158	1	1	1	0	0.968421052631579	1	1	1	1
Aiptasia_pallida	1	1		1	1	1	1	1	1	1	1	1	1	1	1	1	1	1	1	1	1	1	1	0	1	1	1	0	1	0.989473684210526	1	1	1	1	1	1	1	1	1	1	0.989473684210526	1	1	1	1	1	1	1	1	1	1	1	1	1	1	1	1	1	1	1	1	1	1	1	1	1	1	0.936842105263158	1	1	1	0	0.968421052631579	1	1	1	1
Amoebidium	1	1	1		1	1	1	1	1	1	1	1	1	1	1	1	1	1	1	1	1	1	1	0	1	1	1	0	1	0.989473684210526	1	1	1	1	1	1	1	1	1	1	0.989473684210526	1	1	1	1	1	1	1	1	1	1	1	1	1	1	1	1	1	1	1	1	1	1	1	1	1	1	0.936842105263158	1	1	1	0	0.968421052631579	1	1	1	1
Amphimedon_queenslandica	1	1	1	1		1	1	1	1	1	1	1	1	1	1	1	1	1	1	1	1	1	1	0	1	1	1	0	1	0.989473684210526	1	1	1	1	1	1	1	1	1	1	0.989473684210526	1	1	1	1	1	1	1	1	1	1	1	1	1	1	1	1	1	1	1	1	1	1	1	1	1	1	0.936842105263158	1	1	1	0	0.968421052631579	1	1	1	1
Aphrocallistes_vastus	1	1	1	1	1		1	1	1	1	1	1	1	1	1	1	1	1	1	1	1	1	1	0	1	1	1	0	1	0.989473684210526	1	1	1	1	1	1	1	1	1	1	0.989473684210526	1	1	1	1	1	1	1	1	1	1	1	1	1	1	1	1	1	1	1	1	1	1	1	1	1	1	0.936842105263158	1	1	1	0	0.968421052631579	1	1	1	1
Aurelia_aurita	1	1	1	1	1	1		1	1	1	1	1	1	1	1	1	1	1	1	1	1	1	1	0	1	1	1	0	1	0.989473684210526	1	1	1	1	1	1	1	1	1	1	0.989473684210526	1	1	1	1	1	1	1	1	1	1	1	1	1	1	1	1	1	1	1	1	1	1	1	1	1	1	0.936842105263158	1	1	1	0	0.968421052631579	1	1	1	1
Beroe_abyssicola	1	1	1	1	1	1	1		1	1	1	1	1	1	1	1	1	1	1	1	1	1	1	0	1	1	1	0	1	0.989473684210526	1	1	1	1	1	1	1	1	1	1	0.989473684210526	1	1	1	1	1	1	1	1	1	1	1	1	1	1	1	1	1	1	1	1	1	1	1	1	1	1	0.936842105263158	1	1	1	0	0.968421052631579	1	1	1	1
Bolocera_tuediae	1	1	1	1	1	1	1	1		1	1	1	1	1	1	1	1	1	1	1	1	1	1	0	1	1	1	0	1	0.989473684210526	1	1	1	1	1	1	1	1	1	1	0.989473684210526	1	1	1	1	1	1	1	1	1	1	1	1	1	1	1	1	1	1	1	1	1	1	1	1	1	1	0.936842105263158	1	1	1	0	0.968421052631579	1	1	1	1
Botryllus_schlosseri	1	1	1	1	1	1	1	1	1		1	1	1	1	1	1	1	1	1	1	1	1	1	0	1	1	1	0	1	0.989473684210526	1	1	1	1	1	1	1	1	1	1	0.989473684210526	1	1	1	1	1	1	1	1	1	1	1	1	1	1	1	1	1	1	1	1	1	1	1	1	1	1	0.936842105263158	1	1	1	0	0.968421052631579	1	1	1	1
Branchiostoma_floridae	1	1	1	1	1	1	1	1	1	1		1	1	1	1	1	1	1	1	1	1	1	1	0	1	1	1	0	1	0.989473684210526	1	1	1	1	1	1	1	1	1	1	0.989473684210526	1	1	1	1	1	1	1	1	1	1	1	1	1	1	1	1	1	1	1	1	1	1	1	1	1	1	0.936842105263158	1	1	1	0	0.968421052631579	1	1	1	1
Buddenbrockia_plumatellae	1	1	1	1	1	1	1	1	1	1	1		1	1	1	1	1	1	1	1	1	1	1	0	1	1	1	0	1	0.989473684210526	1	1	1	1	1	1	1	1	1	1	0.989473684210526	1	1	1	1	1	1	1	1	1	1	1	1	1	1	1	1	1	1	1	1	1	1	1	1	1	1	0.936842105263158	1	1	1	0	0.968421052631579	1	1	1	1
Capitella_teleta	1	1	1	1	1	1	1	1	1	1	1	1		1	1	1	1	1	1	1	1	1	1	0	1	1	1	0	1	0.989473684210526	1	1	1	1	1	1	1	1	1	1	0.989473684210526	1	1	1	1	1	1	1	1	1	1	1	1	1	1	1	1	1	1	1	1	1	1	1	1	1	1	0.936842105263158	1	1	1	0	0.968421052631579	1	1	1	1
Capsaspora_owczarzaki_atcc30864	1	1	1	1	1	1	1	1	1	1	1	1	1		1	1	1	1	1	1	1	1	1	0	1	1	1	0	1	0.989473684210526	1	1	1	1	1	1	1	1	1	1	0.989473684210526	1	1	1	1	1	1	1	1	1	1	1	1	1	1	1	1	1	1	1	1	1	1	1	1	1	1	0.936842105263158	1	1	1	0	0.968421052631579	1	1	1	1
Chondrilla_nucula	1	1	1	1	1	1	1	1	1	1	1	1	1	1		1	1	1	1	1	1	1	1	0	1	1	1	0	1	0.989473684210526	1	1	1	1	1	1	1	1	1	1	0.989473684210526	1	1	1	1	1	1	1	1	1	1	1	1	1	1	1	1	1	1	1	1	1	1	1	1	1	1	0.936842105263158	1	1	1	0	0.968421052631579	1	1	1	1
Ciona_intestinalis	1	1	1	1	1	1	1	1	1	1	1	1	1	1	1		1	1	1	1	1	1	1	0	1	1	1	0	1	0.989473684210526	1	1	1	1	1	1	1	1	1	1	0.989473684210526	1	1	1	1	1	1	1	1	1	1	1	1	1	1	1	1	1	1	1	1	1	1	1	1	1	1	0.936842105263158	1	1	1	0	0.968421052631579	1	1	1	1
Clytia_hemisphaerica	1	1	1	1	1	1	1	1	1	1	1	1	1	1	1	1		1	1	1	1	1	1	0	1	1	1	0	1	0.989473684210526	1	1	1	1	1	1	1	1	1	1	0.989473684210526	1	1	1	1	1	1	1	1	1	1	1	1	1	1	1	1	1	1	1	1	1	1	1	1	1	1	0.936842105263158	1	1	1	0	0.968421052631579	1	1	1	1
Corticium_candelabrum	1	1	1	1	1	1	1	1	1	1	1	1	1	1	1	1	1		1	1	1	1	1	0	1	1	1	0	1	0.989473684210526	1	1	1	1	1	1	1	1	1	1	0.989473684210526	1	1	1	1	1	1	1	1	1	1	1	1	1	1	1	1	1	1	1	1	1	1	1	1	1	1	0.936842105263158	1	1	1	0	0.968421052631579	1	1	1	1
Craspedacusta_sowerbyi	1	1	1	1	1	1	1	1	1	1	1	1	1	1	1	1	1	1		1	1	1	1	0	1	1	1	0	1	0.989473684210526	1	1	1	1	1	1	1	1	1	1	0.989473684210526	1	1	1	1	1	1	1	1	1	1	1	1	1	1	1	1	1	1	1	1	1	1	1	1	1	1	0.936842105263158	1	1	1	0	0.968421052631579	1	1	1	1
Crassostrea_gigas	1	1	1	1	1	1	1	1	1	1	1	1	1	1	1	1	1	1	1		1	1	1	0	1	1	1	0	1	0.989473684210526	1	1	1	1	1	1	1	1	1	1	0.989473684210526	1	1	1	1	1	1	1	1	1	1	1	1	1	1	1	1	1	1	1	1	1	1	1	1	1	1	0.936842105263158	1	1	1	0	0.968421052631579	1	1	1	1
Cyanea_capillata	1	1	1	1	1	1	1	1	1	1	1	1	1	1	1	1	1	1	1	1		1	1	0	1	1	1	0	1	0.989473684210526	1	1	1	1	1	1	1	1	1	1	0.989473684210526	1	1	1	1	1	1	1	1	1	1	1	1	1	1	1	1	1	1	1	1	1	1	1	1	1	1	0.936842105263158	1	1	1	0	0.968421052631579	1	1	1	1
Daphnia_pulex	1	1	1	1	1	1	1	1	1	1	1	1	1	1	1	1	1	1	1	1	1		1	0	1	1	1	0	1	0.989473684210526	1	1	1	1	1	1	1	1	1	1	0.989473684210526	1	1	1	1	1	1	1	1	1	1	1	1	1	1	1	1	1	1	1	1	1	1	1	1	1	1	0.936842105263158	1	1	1	0	0.968421052631579	1	1	1	1
Ectopleura_larynx	1	1	1	1	1	1	1	1	1	1	1	1	1	1	1	1	1	1	1	1	1	1		0	1	1	1	0	1	0.989473684210526	1	1	1	1	1	1	1	1	1	1	0.989473684210526	1	1	1	1	1	1	1	1	1	1	1	1	1	1	1	1	1	1	1	1	1	1	1	1	1	1	0.936842105263158	1	1	1	0	0.968421052631579	1	1	1	1
Edwardsiella_lineata	0	0	0	0	0	0	0	0	0	0	0	0	0	0	0	0	0	0	0	0	0	0	0		0	0	0	0	0	0	0	0	0	0	0	0	0	0	0	0	0	0	0	0	0	0	0	0	0	0	0	0	0	0	0	0	0	0	0	0	0	0	0	0	0	0	0	0	0	0	0	0	0	0	0	0	0
Enteromyxum_leei	1	1	1	1	1	1	1	1	1	1	1	1	1	1	1	1	1	1	1	1	1	1	1	0		1	1	0	1	0.989473684210526	1	1	1	1	1	1	1	1	1	1	0.989473684210526	1	1	1	1	1	1	1	1	1	1	1	1	1	1	1	1	1	1	1	1	1	1	1	1	1	1	0.936842105263158	1	1	1	0	0.968421052631579	1	1	1	1
Ephydatia_muelleri	1	1	1	1	1	1	1	1	1	1	1	1	1	1	1	1	1	1	1	1	1	1	1	0	1		1	0	1	0.989473684210526	1	1	1	1	1	1	1	1	1	1	0.989473684210526	1	1	1	1	1	1	1	1	1	1	1	1	1	1	1	1	1	1	1	1	1	1	1	1	1	1	0.936842105263158	1	1	1	0	0.968421052631579	1	1	1	1
Eunicella_cavolinii	1	1	1	1	1	1	1	1	1	1	1	1	1	1	1	1	1	1	1	1	1	1	1	0	1	1		0	1	0.989473684210526	1	1	1	1	1	1	1	1	1	1	0.989473684210526	1	1	1	1	1	1	1	1	1	1	1	1	1	1	1	1	1	1	1	1	1	1	1	1	1	1	0.936842105263158	1	1	1	0	0.968421052631579	1	1	1	1
Euplectella_aspergillum	0	0	0	0	0	0	0	0	0	0	0	0	0	0	0	0	0	0	0	0	0	0	0	0	0	0	0		0	0	0	0	0	0	0	0	0	0	0	0	0	0	0	0	0	0	0	0	0	0	0	0	0	0	0	0	0	0	0	0	0	0	0	0	0	0	0	0	0	0	0	0	0	0	0	0	0
Euplokamis_dunlapae	1	1	1	1	1	1	1	1	1	1	1	1	1	1	1	1	1	1	1	1	1	1	1	0	1	1	1	0		0.989473684210526	1	1	1	1	1	1	1	1	1	1	0.989473684210526	1	1	1	1	1	1	1	1	1	1	1	1	1	1	1	1	1	1	1	1	1	1	1	1	1	1	0.936842105263158	1	1	1	0	0.968421052631579	1	1	1	1
Gorgonia_ventalina	0.989473684210526	0.989473684210526	0.989473684210526	0.989473684210526	0.989473684210526	0.989473684210526	0.989473684210526	0.989473684210526	0.989473684210526	0.989473684210526	0.989473684210526	0.989473684210526	0.989473684210526	0.989473684210526	0.989473684210526	0.989473684210526	0.989473684210526	0.989473684210526	0.989473684210526	0.989473684210526	0.989473684210526	0.989473684210526	0.989473684210526	0	0.989473684210526	0.989473684210526	0.989473684210526	0	0.989473684210526		0.989473684210526	0.989473684210526	0.989473684210526	0.989473684210526	0.989473684210526	0.989473684210526	0.989473684210526	0.989473684210526	0.989473684210526	0.989473684210526	0.978947368421053	0.989473684210526	0.989473684210526	0.989473684210526	0.989473684210526	0.989473684210526	0.989473684210526	0.989473684210526	0.989473684210526	0.989473684210526	0.989473684210526	0.989473684210526	0.989473684210526	0.989473684210526	0.989473684210526	0.989473684210526	0.989473684210526	0.989473684210526	0.989473684210526	0.989473684210526	0.989473684210526	0.989473684210526	0.989473684210526	0.989473684210526	0.989473684210526	0.989473684210526	0.989473684210526	0.926315789473684	0.989473684210526	0.989473684210526	0.989473684210526	0	0.957894736842105	0.989473684210526	0.989473684210526	0.989473684210526	0.989473684210526
Helobdella_robusta	1	1	1	1	1	1	1	1	1	1	1	1	1	1	1	1	1	1	1	1	1	1	1	0	1	1	1	0	1	0.989473684210526		1	1	1	1	1	1	1	1	1	0.989473684210526	1	1	1	1	1	1	1	1	1	1	1	1	1	1	1	1	1	1	1	1	1	1	1	1	1	1	0.936842105263158	1	1	1	0	0.968421052631579	1	1	1	1
Homo_sapiens	1	1	1	1	1	1	1	1	1	1	1	1	1	1	1	1	1	1	1	1	1	1	1	0	1	1	1	0	1	0.989473684210526	1		1	1	1	1	1	1	1	1	0.989473684210526	1	1	1	1	1	1	1	1	1	1	1	1	1	1	1	1	1	1	1	1	1	1	1	1	1	1	0.936842105263158	1	1	1	0	0.968421052631579	1	1	1	1
Hormathia_digitata	1	1	1	1	1	1	1	1	1	1	1	1	1	1	1	1	1	1	1	1	1	1	1	0	1	1	1	0	1	0.989473684210526	1	1		1	1	1	1	1	1	1	0.989473684210526	1	1	1	1	1	1	1	1	1	1	1	1	1	1	1	1	1	1	1	1	1	1	1	1	1	1	0.936842105263158	1	1	1	0	0.968421052631579	1	1	1	1
Hydra_magnipapillata	1	1	1	1	1	1	1	1	1	1	1	1	1	1	1	1	1	1	1	1	1	1	1	0	1	1	1	0	1	0.989473684210526	1	1	1		1	1	1	1	1	1	0.989473684210526	1	1	1	1	1	1	1	1	1	1	1	1	1	1	1	1	1	1	1	1	1	1	1	1	1	1	0.936842105263158	1	1	1	0	0.968421052631579	1	1	1	1
Hydractinia_polyclina	1	1	1	1	1	1	1	1	1	1	1	1	1	1	1	1	1	1	1	1	1	1	1	0	1	1	1	0	1	0.989473684210526	1	1	1	1		1	1	1	1	1	0.989473684210526	1	1	1	1	1	1	1	1	1	1	1	1	1	1	1	1	1	1	1	1	1	1	1	1	1	1	0.936842105263158	1	1	1	0	0.968421052631579	1	1	1	1
Ilyanassa_obsoleta	1	1	1	1	1	1	1	1	1	1	1	1	1	1	1	1	1	1	1	1	1	1	1	0	1	1	1	0	1	0.989473684210526	1	1	1	1	1		1	1	1	1	0.989473684210526	1	1	1	1	1	1	1	1	1	1	1	1	1	1	1	1	1	1	1	1	1	1	1	1	1	1	0.936842105263158	1	1	1	0	0.968421052631579	1	1	1	1
Ixodes_scapularis	1	1	1	1	1	1	1	1	1	1	1	1	1	1	1	1	1	1	1	1	1	1	1	0	1	1	1	0	1	0.989473684210526	1	1	1	1	1	1		1	1	1	0.989473684210526	1	1	1	1	1	1	1	1	1	1	1	1	1	1	1	1	1	1	1	1	1	1	1	1	1	1	0.936842105263158	1	1	1	0	0.968421052631579	1	1	1	1
Kudoa_iwatai	1	1	1	1	1	1	1	1	1	1	1	1	1	1	1	1	1	1	1	1	1	1	1	0	1	1	1	0	1	0.989473684210526	1	1	1	1	1	1	1		1	1	0.989473684210526	1	1	1	1	1	1	1	1	1	1	1	1	1	1	1	1	1	1	1	1	1	1	1	1	1	1	0.936842105263158	1	1	1	0	0.968421052631579	1	1	1	1
Latimeria_menadoensis	1	1	1	1	1	1	1	1	1	1	1	1	1	1	1	1	1	1	1	1	1	1	1	0	1	1	1	0	1	0.989473684210526	1	1	1	1	1	1	1	1		1	0.989473684210526	1	1	1	1	1	1	1	1	1	1	1	1	1	1	1	1	1	1	1	1	1	1	1	1	1	1	0.936842105263158	1	1	1	0	0.968421052631579	1	1	1	1
Leucetta_chagosensis	1	1	1	1	1	1	1	1	1	1	1	1	1	1	1	1	1	1	1	1	1	1	1	0	1	1	1	0	1	0.989473684210526	1	1	1	1	1	1	1	1	1		0.989473684210526	1	1	1	1	1	1	1	1	1	1	1	1	1	1	1	1	1	1	1	1	1	1	1	1	1	1	0.936842105263158	1	1	1	0	0.968421052631579	1	1	1	1
Ministeria_vibrans_atcc50519	0.989473684210526	0.989473684210526	0.989473684210526	0.989473684210526	0.989473684210526	0.989473684210526	0.989473684210526	0.989473684210526	0.989473684210526	0.989473684210526	0.989473684210526	0.989473684210526	0.989473684210526	0.989473684210526	0.989473684210526	0.989473684210526	0.989473684210526	0.989473684210526	0.989473684210526	0.989473684210526	0.989473684210526	0.989473684210526	0.989473684210526	0	0.989473684210526	0.989473684210526	0.989473684210526	0	0.989473684210526	0.978947368421053	0.989473684210526	0.989473684210526	0.989473684210526	0.989473684210526	0.989473684210526	0.989473684210526	0.989473684210526	0.989473684210526	0.989473684210526	0.989473684210526		0.989473684210526	0.989473684210526	0.989473684210526	0.989473684210526	0.989473684210526	0.989473684210526	0.989473684210526	0.989473684210526	0.989473684210526	0.989473684210526	0.989473684210526	0.989473684210526	0.989473684210526	0.989473684210526	0.989473684210526	0.989473684210526	0.989473684210526	0.989473684210526	0.989473684210526	0.989473684210526	0.989473684210526	0.989473684210526	0.989473684210526	0.989473684210526	0.989473684210526	0.989473684210526	0.936842105263158	0.989473684210526	0.989473684210526	0.989473684210526	0	0.957894736842105	0.989473684210526	0.989473684210526	0.989473684210526	0.989473684210526
Mnemiopsis_leidyi	1	1	1	1	1	1	1	1	1	1	1	1	1	1	1	1	1	1	1	1	1	1	1	0	1	1	1	0	1	0.989473684210526	1	1	1	1	1	1	1	1	1	1	0.989473684210526		1	1	1	1	1	1	1	1	1	1	1	1	1	1	1	1	1	1	1	1	1	1	1	1	1	0.936842105263158	1	1	1	0	0.968421052631579	1	1	1	1
Monosiga_brevicollis_mx1	1	1	1	1	1	1	1	1	1	1	1	1	1	1	1	1	1	1	1	1	1	1	1	0	1	1	1	0	1	0.989473684210526	1	1	1	1	1	1	1	1	1	1	0.989473684210526	1		1	1	1	1	1	1	1	1	1	1	1	1	1	1	1	1	1	1	1	1	1	1	1	1	0.936842105263158	1	1	1	0	0.968421052631579	1	1	1	1
Monosiga_ovata	1	1	1	1	1	1	1	1	1	1	1	1	1	1	1	1	1	1	1	1	1	1	1	0	1	1	1	0	1	0.989473684210526	1	1	1	1	1	1	1	1	1	1	0.989473684210526	1	1		1	1	1	1	1	1	1	1	1	1	1	1	1	1	1	1	1	1	1	1	1	1	1	0.936842105263158	1	1	1	0	0.968421052631579	1	1	1	1
Montastraea_faveolata	1	1	1	1	1	1	1	1	1	1	1	1	1	1	1	1	1	1	1	1	1	1	1	0	1	1	1	0	1	0.989473684210526	1	1	1	1	1	1	1	1	1	1	0.989473684210526	1	1	1		1	1	1	1	1	1	1	1	1	1	1	1	1	1	1	1	1	1	1	1	1	1	0.936842105263158	1	1	1	0	0.968421052631579	1	1	1	1
Myxobolus_cerebralis	1	1	1	1	1	1	1	1	1	1	1	1	1	1	1	1	1	1	1	1	1	1	1	0	1	1	1	0	1	0.989473684210526	1	1	1	1	1	1	1	1	1	1	0.989473684210526	1	1	1	1		1	1	1	1	1	1	1	1	1	1	1	1	1	1	1	1	1	1	1	1	1	0.936842105263158	1	1	1	0	0.968421052631579	1	1	1	1
Nanomia_bijuga	1	1	1	1	1	1	1	1	1	1	1	1	1	1	1	1	1	1	1	1	1	1	1	0	1	1	1	0	1	0.989473684210526	1	1	1	1	1	1	1	1	1	1	0.989473684210526	1	1	1	1	1		1	1	1	1	1	1	1	1	1	1	1	1	1	1	1	1	1	1	1	1	0.936842105263158	1	1	1	0	0.968421052631579	1	1	1	1
Nasonia_vitripennis	1	1	1	1	1	1	1	1	1	1	1	1	1	1	1	1	1	1	1	1	1	1	1	0	1	1	1	0	1	0.989473684210526	1	1	1	1	1	1	1	1	1	1	0.989473684210526	1	1	1	1	1	1		1	1	1	1	1	1	1	1	1	1	1	1	1	1	1	1	1	1	1	0.936842105263158	1	1	1	0	0.968421052631579	1	1	1	1
Nematostella_vectensis	1	1	1	1	1	1	1	1	1	1	1	1	1	1	1	1	1	1	1	1	1	1	1	0	1	1	1	0	1	0.989473684210526	1	1	1	1	1	1	1	1	1	1	0.989473684210526	1	1	1	1	1	1	1		1	1	1	1	1	1	1	1	1	1	1	1	1	1	1	1	1	1	0.936842105263158	1	1	1	0	0.968421052631579	1	1	1	1
Octopus_vulgaris	1	1	1	1	1	1	1	1	1	1	1	1	1	1	1	1	1	1	1	1	1	1	1	0	1	1	1	0	1	0.989473684210526	1	1	1	1	1	1	1	1	1	1	0.989473684210526	1	1	1	1	1	1	1	1		1	1	1	1	1	1	1	1	1	1	1	1	1	1	1	1	1	0.936842105263158	1	1	1	0	0.968421052631579	1	1	1	1
Oscarella	1	1	1	1	1	1	1	1	1	1	1	1	1	1	1	1	1	1	1	1	1	1	1	0	1	1	1	0	1	0.989473684210526	1	1	1	1	1	1	1	1	1	1	0.989473684210526	1	1	1	1	1	1	1	1	1		1	1	1	1	1	1	1	1	1	1	1	1	1	1	1	1	0.936842105263158	1	1	1	0	0.968421052631579	1	1	1	1
Oscarella_carmela	1	1	1	1	1	1	1	1	1	1	1	1	1	1	1	1	1	1	1	1	1	1	1	0	1	1	1	0	1	0.989473684210526	1	1	1	1	1	1	1	1	1	1	0.989473684210526	1	1	1	1	1	1	1	1	1	1		1	1	1	1	1	1	1	1	1	1	1	1	1	1	1	0.936842105263158	1	1	1	0	0.968421052631579	1	1	1	1
Patiria_miniata	1	1	1	1	1	1	1	1	1	1	1	1	1	1	1	1	1	1	1	1	1	1	1	0	1	1	1	0	1	0.989473684210526	1	1	1	1	1	1	1	1	1	1	0.989473684210526	1	1	1	1	1	1	1	1	1	1	1		1	1	1	1	1	1	1	1	1	1	1	1	1	1	0.936842105263158	1	1	1	0	0.968421052631579	1	1	1	1
Pediculus_humanus_corporis	1	1	1	1	1	1	1	1	1	1	1	1	1	1	1	1	1	1	1	1	1	1	1	0	1	1	1	0	1	0.989473684210526	1	1	1	1	1	1	1	1	1	1	0.989473684210526	1	1	1	1	1	1	1	1	1	1	1	1		1	1	1	1	1	1	1	1	1	1	1	1	1	0.936842105263158	1	1	1	0	0.968421052631579	1	1	1	1
Petromyzon_marinus	1	1	1	1	1	1	1	1	1	1	1	1	1	1	1	1	1	1	1	1	1	1	1	0	1	1	1	0	1	0.989473684210526	1	1	1	1	1	1	1	1	1	1	0.989473684210526	1	1	1	1	1	1	1	1	1	1	1	1	1		1	1	1	1	1	1	1	1	1	1	1	1	0.936842105263158	1	1	1	0	0.968421052631579	1	1	1	1
Petrosia_ficiformis	1	1	1	1	1	1	1	1	1	1	1	1	1	1	1	1	1	1	1	1	1	1	1	0	1	1	1	0	1	0.989473684210526	1	1	1	1	1	1	1	1	1	1	0.989473684210526	1	1	1	1	1	1	1	1	1	1	1	1	1	1		1	1	1	1	1	1	1	1	1	1	1	0.936842105263158	1	1	1	0	0.968421052631579	1	1	1	1
Pleurobrachia_pileus	1	1	1	1	1	1	1	1	1	1	1	1	1	1	1	1	1	1	1	1	1	1	1	0	1	1	1	0	1	0.989473684210526	1	1	1	1	1	1	1	1	1	1	0.989473684210526	1	1	1	1	1	1	1	1	1	1	1	1	1	1	1		1	1	1	1	1	1	1	1	1	1	0.936842105263158	1	1	1	0	0.968421052631579	1	1	1	1
Pocillopora_damicornis	1	1	1	1	1	1	1	1	1	1	1	1	1	1	1	1	1	1	1	1	1	1	1	0	1	1	1	0	1	0.989473684210526	1	1	1	1	1	1	1	1	1	1	0.989473684210526	1	1	1	1	1	1	1	1	1	1	1	1	1	1	1	1		1	1	1	1	1	1	1	1	1	0.936842105263158	1	1	1	0	0.968421052631579	1	1	1	1
Polypodium_hydriforme	1	1	1	1	1	1	1	1	1	1	1	1	1	1	1	1	1	1	1	1	1	1	1	0	1	1	1	0	1	0.989473684210526	1	1	1	1	1	1	1	1	1	1	0.989473684210526	1	1	1	1	1	1	1	1	1	1	1	1	1	1	1	1	1		1	1	1	1	1	1	1	1	0.936842105263158	1	1	1	0	0.968421052631579	1	1	1	1
Porites_australiensis	1	1	1	1	1	1	1	1	1	1	1	1	1	1	1	1	1	1	1	1	1	1	1	0	1	1	1	0	1	0.989473684210526	1	1	1	1	1	1	1	1	1	1	0.989473684210526	1	1	1	1	1	1	1	1	1	1	1	1	1	1	1	1	1	1		1	1	1	1	1	1	1	0.936842105263158	1	1	1	0	0.968421052631579	1	1	1	1
Saccoglossus_kowalevskii	1	1	1	1	1	1	1	1	1	1	1	1	1	1	1	1	1	1	1	1	1	1	1	0	1	1	1	0	1	0.989473684210526	1	1	1	1	1	1	1	1	1	1	0.989473684210526	1	1	1	1	1	1	1	1	1	1	1	1	1	1	1	1	1	1	1		1	1	1	1	1	1	0.936842105263158	1	1	1	0	0.968421052631579	1	1	1	1
Salpingoeca_sp_ATCC50818	1	1	1	1	1	1	1	1	1	1	1	1	1	1	1	1	1	1	1	1	1	1	1	0	1	1	1	0	1	0.989473684210526	1	1	1	1	1	1	1	1	1	1	0.989473684210526	1	1	1	1	1	1	1	1	1	1	1	1	1	1	1	1	1	1	1	1		1	1	1	1	1	0.936842105263158	1	1	1	0	0.968421052631579	1	1	1	1
Sarcotragus_fasciculatus	1	1	1	1	1	1	1	1	1	1	1	1	1	1	1	1	1	1	1	1	1	1	1	0	1	1	1	0	1	0.989473684210526	1	1	1	1	1	1	1	1	1	1	0.989473684210526	1	1	1	1	1	1	1	1	1	1	1	1	1	1	1	1	1	1	1	1	1		1	1	1	1	0.936842105263158	1	1	1	0	0.968421052631579	1	1	1	1
Sphaeroforma_arctica_jp610	1	1	1	1	1	1	1	1	1	1	1	1	1	1	1	1	1	1	1	1	1	1	1	0	1	1	1	0	1	0.989473684210526	1	1	1	1	1	1	1	1	1	1	0.989473684210526	1	1	1	1	1	1	1	1	1	1	1	1	1	1	1	1	1	1	1	1	1	1		1	1	1	0.936842105263158	1	1	1	0	0.968421052631579	1	1	1	1
Sphaeromyxa_zaharoni	1	1	1	1	1	1	1	1	1	1	1	1	1	1	1	1	1	1	1	1	1	1	1	0	1	1	1	0	1	0.989473684210526	1	1	1	1	1	1	1	1	1	1	0.989473684210526	1	1	1	1	1	1	1	1	1	1	1	1	1	1	1	1	1	1	1	1	1	1	1		1	1	0.936842105263158	1	1	1	0	0.968421052631579	1	1	1	1
Stephanoeca_diplocostata	1	1	1	1	1	1	1	1	1	1	1	1	1	1	1	1	1	1	1	1	1	1	1	0	1	1	1	0	1	0.989473684210526	1	1	1	1	1	1	1	1	1	1	0.989473684210526	1	1	1	1	1	1	1	1	1	1	1	1	1	1	1	1	1	1	1	1	1	1	1	1		1	0.936842105263158	1	1	1	0	0.968421052631579	1	1	1	1
Stomolophus_meleagris	1	1	1	1	1	1	1	1	1	1	1	1	1	1	1	1	1	1	1	1	1	1	1	0	1	1	1	0	1	0.989473684210526	1	1	1	1	1	1	1	1	1	1	0.989473684210526	1	1	1	1	1	1	1	1	1	1	1	1	1	1	1	1	1	1	1	1	1	1	1	1	1		0.936842105263158	1	1	1	0	0.968421052631579	1	1	1	1
Strigamia_maritima	0.936842105263158	0.936842105263158	0.936842105263158	0.936842105263158	0.936842105263158	0.936842105263158	0.936842105263158	0.936842105263158	0.936842105263158	0.936842105263158	0.936842105263158	0.936842105263158	0.936842105263158	0.936842105263158	0.936842105263158	0.936842105263158	0.936842105263158	0.936842105263158	0.936842105263158	0.936842105263158	0.936842105263158	0.936842105263158	0.936842105263158	0	0.936842105263158	0.936842105263158	0.936842105263158	0	0.936842105263158	0.926315789473684	0.936842105263158	0.936842105263158	0.936842105263158	0.936842105263158	0.936842105263158	0.936842105263158	0.936842105263158	0.936842105263158	0.936842105263158	0.936842105263158	0.936842105263158	0.936842105263158	0.936842105263158	0.936842105263158	0.936842105263158	0.936842105263158	0.936842105263158	0.936842105263158	0.936842105263158	0.936842105263158	0.936842105263158	0.936842105263158	0.936842105263158	0.936842105263158	0.936842105263158	0.936842105263158	0.936842105263158	0.936842105263158	0.936842105263158	0.936842105263158	0.936842105263158	0.936842105263158	0.936842105263158	0.936842105263158	0.936842105263158	0.936842105263158	0.936842105263158		0.936842105263158	0.936842105263158	0.936842105263158	0	0.905263157894737	0.936842105263158	0.936842105263158	0.936842105263158	0.936842105263158
Strongylocentrotus_purpuratus	1	1	1	1	1	1	1	1	1	1	1	1	1	1	1	1	1	1	1	1	1	1	1	0	1	1	1	0	1	0.989473684210526	1	1	1	1	1	1	1	1	1	1	0.989473684210526	1	1	1	1	1	1	1	1	1	1	1	1	1	1	1	1	1	1	1	1	1	1	1	1	1	1	0.936842105263158		1	1	0	0.968421052631579	1	1	1	1
Sycon_ciliatum	1	1	1	1	1	1	1	1	1	1	1	1	1	1	1	1	1	1	1	1	1	1	1	0	1	1	1	0	1	0.989473684210526	1	1	1	1	1	1	1	1	1	1	0.989473684210526	1	1	1	1	1	1	1	1	1	1	1	1	1	1	1	1	1	1	1	1	1	1	1	1	1	1	0.936842105263158	1		1	0	0.968421052631579	1	1	1	1
Sycon_coactum	1	1	1	1	1	1	1	1	1	1	1	1	1	1	1	1	1	1	1	1	1	1	1	0	1	1	1	0	1	0.989473684210526	1	1	1	1	1	1	1	1	1	1	0.989473684210526	1	1	1	1	1	1	1	1	1	1	1	1	1	1	1	1	1	1	1	1	1	1	1	1	1	1	0.936842105263158	1	1		0	0.968421052631579	1	1	1	1
Tetracapsuloides_bryosalmonae	0	0	0	0	0	0	0	0	0	0	0	0	0	0	0	0	0	0	0	0	0	0	0	0	0	0	0	0	0	0	0	0	0	0	0	0	0	0	0	0	0	0	0	0	0	0	0	0	0	0	0	0	0	0	0	0	0	0	0	0	0	0	0	0	0	0	0	0	0	0	0		0	0	0	0	0
Thelohanellus_kitauei	0.968421052631579	0.968421052631579	0.968421052631579	0.968421052631579	0.968421052631579	0.968421052631579	0.968421052631579	0.968421052631579	0.968421052631579	0.968421052631579	0.968421052631579	0.968421052631579	0.968421052631579	0.968421052631579	0.968421052631579	0.968421052631579	0.968421052631579	0.968421052631579	0.968421052631579	0.968421052631579	0.968421052631579	0.968421052631579	0.968421052631579	0	0.968421052631579	0.968421052631579	0.968421052631579	0	0.968421052631579	0.957894736842105	0.968421052631579	0.968421052631579	0.968421052631579	0.968421052631579	0.968421052631579	0.968421052631579	0.968421052631579	0.968421052631579	0.968421052631579	0.968421052631579	0.957894736842105	0.968421052631579	0.968421052631579	0.968421052631579	0.968421052631579	0.968421052631579	0.968421052631579	0.968421052631579	0.968421052631579	0.968421052631579	0.968421052631579	0.968421052631579	0.968421052631579	0.968421052631579	0.968421052631579	0.968421052631579	0.968421052631579	0.968421052631579	0.968421052631579	0.968421052631579	0.968421052631579	0.968421052631579	0.968421052631579	0.968421052631579	0.968421052631579	0.968421052631579	0.968421052631579	0.905263157894737	0.968421052631579	0.968421052631579	0.968421052631579	0		0.968421052631579	0.968421052631579	0.968421052631579	0.968421052631579
Trichoplax_adhaerens	1	1	1	1	1	1	1	1	1	1	1	1	1	1	1	1	1	1	1	1	1	1	1	0	1	1	1	0	1	0.989473684210526	1	1	1	1	1	1	1	1	1	1	0.989473684210526	1	1	1	1	1	1	1	1	1	1	1	1	1	1	1	1	1	1	1	1	1	1	1	1	1	1	0.936842105263158	1	1	1	0	0.968421052631579		1	1	1
Tripedalia_cystophora	1	1	1	1	1	1	1	1	1	1	1	1	1	1	1	1	1	1	1	1	1	1	1	0	1	1	1	0	1	0.989473684210526	1	1	1	1	1	1	1	1	1	1	0.989473684210526	1	1	1	1	1	1	1	1	1	1	1	1	1	1	1	1	1	1	1	1	1	1	1	1	1	1	0.936842105263158	1	1	1	0	0.968421052631579	1		1	1
Urticina_eques	1	1	1	1	1	1	1	1	1	1	1	1	1	1	1	1	1	1	1	1	1	1	1	0	1	1	1	0	1	0.989473684210526	1	1	1	1	1	1	1	1	1	1	0.989473684210526	1	1	1	1	1	1	1	1	1	1	1	1	1	1	1	1	1	1	1	1	1	1	1	1	1	1	0.936842105263158	1	1	1	0	0.968421052631579	1	1		1
Vallicula_multiformis	1	1	1	1	1	1	1	1	1	1	1	1	1	1	1	1	1	1	1	1	1	1	1	0	1	1	1	0	1	0.989473684210526	1	1	1	1	1	1	1	1	1	1	0.989473684210526	1	1	1	1	1	1	1	1	1	1	1	1	1	1	1	1	1	1	1	1	1	1	1	1	1	1	0.936842105263158	1	1	1	0	0.968421052631579	1	1	1	
