	Acanthoeca_like_sp_10tr	Acropora_cervicornis	Aiptasia_pallida	Amoebidium	Amphimedon_queenslandica	Aphrocallistes_vastus	Aurelia_aurita	Beroe_abyssicola	Bolocera_tuediae	Botryllus_schlosseri	Branchiostoma_floridae	Buddenbrockia_plumatellae	Capitella_teleta	Capsaspora_owczarzaki_atcc30864	Chondrilla_nucula	Ciona_intestinalis	Clytia_hemisphaerica	Corticium_candelabrum	Craspedacusta_sowerbyi	Crassostrea_gigas	Cyanea_capillata	Daphnia_pulex	Ectopleura_larynx	Edwardsiella_lineata	Enteromyxum_leei	Ephydatia_muelleri	Eunicella_cavolinii	Euplectella_aspergillum	Euplokamis_dunlapae	Gorgonia_ventalina	Helobdella_robusta	Homo_sapiens	Hormathia_digitata	Hydra_magnipapillata	Hydractinia_polyclina	Ilyanassa_obsoleta	Ixodes_scapularis	Kudoa_iwatai	Latimeria_menadoensis	Leucetta_chagosensis	Ministeria_vibrans_atcc50519	Mnemiopsis_leidyi	Monosiga_brevicollis_mx1	Monosiga_ovata	Montastraea_faveolata	Myxobolus_cerebralis	Nanomia_bijuga	Nasonia_vitripennis	Nematostella_vectensis	Octopus_vulgaris	Oscarella	Oscarella_carmela	Patiria_miniata	Pediculus_humanus_corporis	Petromyzon_marinus	Petrosia_ficiformis	Pleurobrachia_pileus	Pocillopora_damicornis	Polypodium_hydriforme	Porites_australiensis	Saccoglossus_kowalevskii	Salpingoeca_sp_ATCC50818	Sarcotragus_fasciculatus	Sphaeroforma_arctica_jp610	Sphaeromyxa_zaharoni	Stephanoeca_diplocostata	Stomolophus_meleagris	Strigamia_maritima	Strongylocentrotus_purpuratus	Sycon_ciliatum	Sycon_coactum	Tetracapsuloides_bryosalmonae	Thelohanellus_kitauei	Trichoplax_adhaerens	Tripedalia_cystophora	Urticina_eques	Vallicula_multiformis
Acanthoeca_like_sp_10tr		0	0	0	0	0	0	0	0	0	0	0	0	0	0	0	0	0	0	0	0	0	0	0	0	0	0	0	0	0	0	0	0	0	0	0	0	0	0	0	0	0	0	0	0	0	0	0	0	0	0	0	0	0	0	0	0	0	0	0	0	0	0	0	0	0	0	0	0	0	0	0	0	0	0	0	0
Acropora_cervicornis	0		0	0	0	0	0	0	0	0	0	0	0	0	0	0	0	0	0	0	0	0	0	0	0	0	0	0	0	0	0	0	0	0	0	0	0	0	0	0	0	0	0	0	0	0	0	0	0	0	0	0	0	0	0	0	0	0	0	0	0	0	0	0	0	0	0	0	0	0	0	0	0	0	0	0	0
Aiptasia_pallida	0	0		0	0	0	0	0	0	0	0	0	0	0	0	0	0	0	0	0	0	0	0	0	0	0	0	0	0	0	0	0	0	0	0	0	0	0	0	0	0	0	0	0	0	0	0	0	0	0	0	0	0	0	0	0	0	0	0	0	0	0	0	0	0	0	0	0	0	0	0	0	0	0	0	0	0
Amoebidium	0	0	0		0	0	0.00170357751277683	0	0	0	0	0.00170357751277683	0	0.00170357751277683	0	0	0	0	0	0	0.00170357751277683	0	0	0	0.00170357751277683	0	0	0	0	0	0	0	0	0	0	0	0.00170357751277683	0	0	0	0	0	0	0	0	0	0	0	0	0	0	0	0	0	0	0	0	0	0	0	0	0	0	0.00170357751277683	0	0	0	0	0	0	0	0.00170357751277683	0.00170357751277683	0	0	0.00170357751277683	0
Amphimedon_queenslandica	0	0	0	0		0	0	0	0	0	0	0	0	0	0	0	0	0	0	0	0	0	0	0	0	0	0	0	0	0	0	0	0	0	0	0	0	0	0	0	0	0	0	0	0	0	0	0	0	0	0	0	0	0	0	0	0	0	0	0	0	0	0	0	0	0	0	0	0	0	0	0	0	0	0	0	0
Aphrocallistes_vastus	0	0	0	0	0		0	0	0	0	0	0	0	0	0	0	0	0	0	0	0	0	0	0	0	0	0	0	0	0	0	0	0	0	0	0	0	0	0	0	0	0	0	0	0	0	0	0	0	0	0	0	0	0	0	0	0	0	0	0	0	0	0	0	0	0	0	0	0	0	0	0	0	0	0	0	0
Aurelia_aurita	0	0	0	0.00170357751277683	0	0		0	0.00170357751277683	0.0732538330494037	0	0.396933560477002	0	0.00170357751277683	0.0562180579216354	0	0	0	0	0	0.718909710391823	0	0	0	0.194207836456559	0	0	0	0	0	0.0374787052810903	0	0.243611584327087	0	0	0	0.0681431005110733	0	0	0.195911413969336	0.00340715502555366	0	0	0	0	0	0	0	0	0	0	0	0	0	0.00170357751277683	0	0	0.0136286201022147	0	0	0.0153321976149915	0	0	0.00170357751277683	0	0.0255536626916525	0	0.0272572402044293	0	0	0	0.718909710391823	0.195911413969336	0	0.616695059625213	0.718909710391823	0
Beroe_abyssicola	0	0	0	0	0	0	0		0	0	0	0	0	0	0	0	0	0	0	0	0	0	0	0	0	0	0	0	0	0	0	0	0	0	0	0	0	0	0	0	0	0	0	0	0	0	0	0	0	0	0	0	0	0	0	0	0	0	0	0	0	0	0	0	0	0	0	0	0	0	0	0	0	0	0	0	0
Bolocera_tuediae	0	0	0	0	0	0	0.00170357751277683	0		0	0	0	0	0	0	0	0	0	0	0	0.00170357751277683	0	0	0	0	0	0	0	0	0	0	0	0.00170357751277683	0	0	0	0	0	0	0.00170357751277683	0	0	0	0	0	0	0	0	0	0	0	0	0	0	0	0	0	0	0	0	0	0	0	0	0	0	0	0	0	0	0	0.00170357751277683	0	0	0.00170357751277683	0.00170357751277683	0
Botryllus_schlosseri	0	0	0	0	0	0	0.0732538330494037	0	0		0	0.0459965928449744	0	0	0	0	0	0	0	0	0.115843270868825	0	0	0	0.0374787052810903	0	0	0	0	0	0	0	0.0783645655877342	0	0	0	0	0	0	0.0783645655877342	0	0	0	0	0	0	0	0	0	0	0	0	0	0	0	0	0	0	0	0	0	0	0	0	0	0	0	0	0	0	0	0.115843270868825	0	0	0.0783645655877342	0.115843270868825	0
Branchiostoma_floridae	0	0	0	0	0	0	0	0	0	0		0	0	0	0	0	0	0	0	0	0	0	0	0	0	0	0	0	0	0	0	0	0	0	0	0	0	0	0	0	0	0	0	0	0	0	0	0	0	0	0	0	0	0	0	0	0	0	0	0	0	0	0	0	0	0	0	0	0	0	0	0	0	0	0	0	0
Buddenbrockia_plumatellae	0	0	0	0.00170357751277683	0	0	0.396933560477002	0	0	0.0459965928449744	0		0	0.00170357751277683	0.0868824531516184	0	0	0	0	0	0.562180579216354	0	0	0	0.252129471890971	0	0	0	0	0	0	0	0.163543441226576	0	0	0	0.0681431005110733	0	0	0.115843270868825	0.00340715502555366	0	0	0	0	0	0	0	0	0	0	0	0.0119250425894378	0	0.00170357751277683	0	0	0	0	0	0.0153321976149915	0	0	0.00170357751277683	0	0.0255536626916525	0	0.0323679727427598	0	0	0	0.562180579216354	0.195911413969336	0	0.402044293015332	0.562180579216354	0
Capitella_teleta	0	0	0	0	0	0	0	0	0	0	0	0		0	0	0	0	0	0	0	0	0	0	0	0	0	0	0	0	0	0	0	0	0	0	0	0	0	0	0	0	0	0	0	0	0	0	0	0	0	0	0	0	0	0	0	0	0	0	0	0	0	0	0	0	0	0	0	0	0	0	0	0	0	0	0	0
Capsaspora_owczarzaki_atcc30864	0	0	0	0.00170357751277683	0	0	0.00170357751277683	0	0	0	0	0.00170357751277683	0		0	0	0	0	0	0	0.00170357751277683	0	0	0	0.00170357751277683	0	0	0	0	0	0	0	0	0	0	0	0.00170357751277683	0	0	0	0	0	0	0	0	0	0	0	0	0	0	0	0	0	0	0	0	0	0	0	0	0	0	0.00170357751277683	0	0	0	0	0	0	0	0.00170357751277683	0.00170357751277683	0	0	0.00170357751277683	0
Chondrilla_nucula	0	0	0	0	0	0	0.0562180579216354	0	0	0	0	0.0868824531516184	0	0		0	0	0	0	0	0.0868824531516184	0	0	0	0.00170357751277683	0	0	0	0	0	0	0	0.0868824531516184	0	0	0	0	0	0	0.0374787052810903	0	0	0	0	0	0	0	0	0	0	0	0	0	0	0	0	0	0	0	0	0	0	0	0	0	0.0221465076660988	0	0	0	0	0	0.0868824531516184	0.00511073253833049	0	0.0868824531516184	0.0868824531516184	0
Ciona_intestinalis	0	0	0	0	0	0	0	0	0	0	0	0	0	0	0		0	0	0	0	0	0	0	0	0	0	0	0	0	0	0	0	0	0	0	0	0	0	0	0	0	0	0	0	0	0	0	0	0	0	0	0	0	0	0	0	0	0	0	0	0	0	0	0	0	0	0	0	0	0	0	0	0	0	0	0	0
Clytia_hemisphaerica	0	0	0	0	0	0	0	0	0	0	0	0	0	0	0	0		0	0	0	0	0	0	0	0	0	0	0	0	0	0	0	0	0	0	0	0	0	0	0	0	0	0	0	0	0	0	0	0	0	0	0	0	0	0	0	0	0	0	0	0	0	0	0	0	0	0	0	0	0	0	0	0	0	0	0	0
Corticium_candelabrum	0	0	0	0	0	0	0	0	0	0	0	0	0	0	0	0	0		0	0	0	0	0	0	0	0	0	0	0	0	0	0	0	0	0	0	0	0	0	0	0	0	0	0	0	0	0	0	0	0	0	0	0	0	0	0	0	0	0	0	0	0	0	0	0	0	0	0	0	0	0	0	0	0	0	0	0
Craspedacusta_sowerbyi	0	0	0	0	0	0	0	0	0	0	0	0	0	0	0	0	0	0		0	0	0	0	0	0	0	0	0	0	0	0	0	0	0	0	0	0	0	0	0	0	0	0	0	0	0	0	0	0	0	0	0	0	0	0	0	0	0	0	0	0	0	0	0	0	0	0	0	0	0	0	0	0	0	0	0	0
Crassostrea_gigas	0	0	0	0	0	0	0	0	0	0	0	0	0	0	0	0	0	0	0		0	0	0	0	0	0	0	0	0	0	0	0	0	0	0	0	0	0	0	0	0	0	0	0	0	0	0	0	0	0	0	0	0	0	0	0	0	0	0	0	0	0	0	0	0	0	0	0	0	0	0	0	0	0	0	0	0
Cyanea_capillata	0	0	0	0.00170357751277683	0	0	0.718909710391823	0	0.00170357751277683	0.115843270868825	0	0.562180579216354	0	0.00170357751277683	0.0868824531516184	0	0	0	0	0		0	0	0	0.287904599659284	0	0	0	0	0	0.0374787052810903	0	0.385008517887564	0	0	0	0.0681431005110733	0	0	0.337308347529813	0.00340715502555366	0	0	0	0	0	0	0	0	0	0	0	0.0119250425894378	0	0.00170357751277683	0	0	0.0136286201022147	0	0	0.0153321976149915	0	0	0.00170357751277683	0	0.0255536626916525	0	0.100511073253833	0	0	0	1	0.201022146507666	0	0.82282793867121	1	0
Daphnia_pulex	0	0	0	0	0	0	0	0	0	0	0	0	0	0	0	0	0	0	0	0	0		0	0	0	0	0	0	0	0	0	0	0	0	0	0	0	0	0	0	0	0	0	0	0	0	0	0	0	0	0	0	0	0	0	0	0	0	0	0	0	0	0	0	0	0	0	0	0	0	0	0	0	0	0	0	0
Ectopleura_larynx	0	0	0	0	0	0	0	0	0	0	0	0	0	0	0	0	0	0	0	0	0	0		0	0	0	0	0	0	0	0	0	0	0	0	0	0	0	0	0	0	0	0	0	0	0	0	0	0	0	0	0	0	0	0	0	0	0	0	0	0	0	0	0	0	0	0	0	0	0	0	0	0	0	0	0	0
Edwardsiella_lineata	0	0	0	0	0	0	0	0	0	0	0	0	0	0	0	0	0	0	0	0	0	0	0		0	0	0	0	0	0	0	0	0	0	0	0	0	0	0	0	0	0	0	0	0	0	0	0	0	0	0	0	0	0	0	0	0	0	0	0	0	0	0	0	0	0	0	0	0	0	0	0	0	0	0	0	0
Enteromyxum_leei	0	0	0	0.00170357751277683	0	0	0.194207836456559	0	0	0.0374787052810903	0	0.252129471890971	0	0.00170357751277683	0.00170357751277683	0	0	0	0	0	0.287904599659284	0	0	0		0	0	0	0	0	0	0	0.00170357751277683	0	0	0	0.0681431005110733	0	0	0.00170357751277683	0.00340715502555366	0	0	0	0	0	0	0	0	0	0	0	0	0	0.00170357751277683	0	0	0	0	0	0.0153321976149915	0	0	0.00170357751277683	0	0.00511073253833049	0	0.0681431005110733	0	0	0	0.287904599659284	0.141396933560477	0	0.110732538330494	0.287904599659284	0
Ephydatia_muelleri	0	0	0	0	0	0	0	0	0	0	0	0	0	0	0	0	0	0	0	0	0	0	0	0	0		0	0	0	0	0	0	0	0	0	0	0	0	0	0	0	0	0	0	0	0	0	0	0	0	0	0	0	0	0	0	0	0	0	0	0	0	0	0	0	0	0	0	0	0	0	0	0	0	0	0	0
Eunicella_cavolinii	0	0	0	0	0	0	0	0	0	0	0	0	0	0	0	0	0	0	0	0	0	0	0	0	0	0		0	0	0	0	0	0	0	0	0	0	0	0	0	0	0	0	0	0	0	0	0	0	0	0	0	0	0	0	0	0	0	0	0	0	0	0	0	0	0	0	0	0	0	0	0	0	0	0	0	0
Euplectella_aspergillum	0	0	0	0	0	0	0	0	0	0	0	0	0	0	0	0	0	0	0	0	0	0	0	0	0	0	0		0	0	0	0	0	0	0	0	0	0	0	0	0	0	0	0	0	0	0	0	0	0	0	0	0	0	0	0	0	0	0	0	0	0	0	0	0	0	0	0	0	0	0	0	0	0	0	0	0
Euplokamis_dunlapae	0	0	0	0	0	0	0	0	0	0	0	0	0	0	0	0	0	0	0	0	0	0	0	0	0	0	0	0		0	0	0	0	0	0	0	0	0	0	0	0	0	0	0	0	0	0	0	0	0	0	0	0	0	0	0	0	0	0	0	0	0	0	0	0	0	0	0	0	0	0	0	0	0	0	0	0
Gorgonia_ventalina	0	0	0	0	0	0	0	0	0	0	0	0	0	0	0	0	0	0	0	0	0	0	0	0	0	0	0	0	0		0	0	0	0	0	0	0	0	0	0	0	0	0	0	0	0	0	0	0	0	0	0	0	0	0	0	0	0	0	0	0	0	0	0	0	0	0	0	0	0	0	0	0	0	0	0	0
Helobdella_robusta	0	0	0	0	0	0	0.0374787052810903	0	0	0	0	0	0	0	0	0	0	0	0	0	0.0374787052810903	0	0	0	0	0	0	0	0	0		0	0.0374787052810903	0	0	0	0	0	0	0.0374787052810903	0	0	0	0	0	0	0	0	0	0	0	0	0	0	0	0	0	0	0	0	0	0	0	0	0	0	0	0	0	0	0	0.0374787052810903	0	0	0.0374787052810903	0.0374787052810903	0
Homo_sapiens	0	0	0	0	0	0	0	0	0	0	0	0	0	0	0	0	0	0	0	0	0	0	0	0	0	0	0	0	0	0	0		0	0	0	0	0	0	0	0	0	0	0	0	0	0	0	0	0	0	0	0	0	0	0	0	0	0	0	0	0	0	0	0	0	0	0	0	0	0	0	0	0	0	0	0	0
Hormathia_digitata	0	0	0	0	0	0	0.243611584327087	0	0.00170357751277683	0.0783645655877342	0	0.163543441226576	0	0	0.0868824531516184	0	0	0	0	0	0.385008517887564	0	0	0	0.00170357751277683	0	0	0	0	0	0.0374787052810903	0		0	0	0	0	0	0	0.335604770017036	0	0	0	0	0	0	0	0	0	0	0	0	0.0119250425894378	0	0	0	0	0	0	0	0	0	0	0	0	0.0221465076660988	0	0	0	0	0	0.385008517887564	0.00511073253833049	0	0.385008517887564	0.385008517887564	0
Hydra_magnipapillata	0	0	0	0	0	0	0	0	0	0	0	0	0	0	0	0	0	0	0	0	0	0	0	0	0	0	0	0	0	0	0	0	0		0	0	0	0	0	0	0	0	0	0	0	0	0	0	0	0	0	0	0	0	0	0	0	0	0	0	0	0	0	0	0	0	0	0	0	0	0	0	0	0	0	0	0
Hydractinia_polyclina	0	0	0	0	0	0	0	0	0	0	0	0	0	0	0	0	0	0	0	0	0	0	0	0	0	0	0	0	0	0	0	0	0	0		0	0	0	0	0	0	0	0	0	0	0	0	0	0	0	0	0	0	0	0	0	0	0	0	0	0	0	0	0	0	0	0	0	0	0	0	0	0	0	0	0	0
Ilyanassa_obsoleta	0	0	0	0	0	0	0	0	0	0	0	0	0	0	0	0	0	0	0	0	0	0	0	0	0	0	0	0	0	0	0	0	0	0	0		0	0	0	0	0	0	0	0	0	0	0	0	0	0	0	0	0	0	0	0	0	0	0	0	0	0	0	0	0	0	0	0	0	0	0	0	0	0	0	0	0
Ixodes_scapularis	0	0	0	0.00170357751277683	0	0	0.0681431005110733	0	0	0	0	0.0681431005110733	0	0.00170357751277683	0	0	0	0	0	0	0.0681431005110733	0	0	0	0.0681431005110733	0	0	0	0	0	0	0	0	0	0	0		0	0	0.00170357751277683	0.00340715502555366	0	0	0	0	0	0	0	0	0	0	0	0	0	0.00170357751277683	0	0	0	0	0	0.0153321976149915	0	0	0.00170357751277683	0	0.00340715502555366	0	0.0153321976149915	0	0	0	0.0681431005110733	0.0664395229982964	0	0.0153321976149915	0.0681431005110733	0
Kudoa_iwatai	0	0	0	0	0	0	0	0	0	0	0	0	0	0	0	0	0	0	0	0	0	0	0	0	0	0	0	0	0	0	0	0	0	0	0	0	0		0	0	0	0	0	0	0	0	0	0	0	0	0	0	0	0	0	0	0	0	0	0	0	0	0	0	0	0	0	0	0	0	0	0	0	0	0	0	0
Latimeria_menadoensis	0	0	0	0	0	0	0	0	0	0	0	0	0	0	0	0	0	0	0	0	0	0	0	0	0	0	0	0	0	0	0	0	0	0	0	0	0	0		0	0	0	0	0	0	0	0	0	0	0	0	0	0	0	0	0	0	0	0	0	0	0	0	0	0	0	0	0	0	0	0	0	0	0	0	0	0
Leucetta_chagosensis	0	0	0	0	0	0	0.195911413969336	0	0.00170357751277683	0.0783645655877342	0	0.115843270868825	0	0	0.0374787052810903	0	0	0	0	0	0.337308347529813	0	0	0	0.00170357751277683	0	0	0	0	0	0.0374787052810903	0	0.335604770017036	0	0	0	0.00170357751277683	0	0		0	0	0	0	0	0	0	0	0	0	0	0	0.0119250425894378	0	0	0	0	0	0	0	0	0	0	0	0	0	0	0	0	0	0	0.337308347529813	0.00170357751277683	0	0.335604770017036	0.337308347529813	0
Ministeria_vibrans_atcc50519	0	0	0	0	0	0	0.00340715502555366	0	0	0	0	0.00340715502555366	0	0	0	0	0	0	0	0	0.00340715502555366	0	0	0	0.00340715502555366	0	0	0	0	0	0	0	0	0	0	0	0.00340715502555366	0	0	0		0	0	0	0	0	0	0	0	0	0	0	0	0	0.00170357751277683	0	0	0	0	0	0	0	0	0	0	0	0	0	0	0	0	0.00340715502555366	0.00340715502555366	0	0	0.00340715502555366	0
Mnemiopsis_leidyi	0	0	0	0	0	0	0	0	0	0	0	0	0	0	0	0	0	0	0	0	0	0	0	0	0	0	0	0	0	0	0	0	0	0	0	0	0	0	0	0	0		0	0	0	0	0	0	0	0	0	0	0	0	0	0	0	0	0	0	0	0	0	0	0	0	0	0	0	0	0	0	0	0	0	0	0
Monosiga_brevicollis_mx1	0	0	0	0	0	0	0	0	0	0	0	0	0	0	0	0	0	0	0	0	0	0	0	0	0	0	0	0	0	0	0	0	0	0	0	0	0	0	0	0	0	0		0	0	0	0	0	0	0	0	0	0	0	0	0	0	0	0	0	0	0	0	0	0	0	0	0	0	0	0	0	0	0	0	0	0
Monosiga_ovata	0	0	0	0	0	0	0	0	0	0	0	0	0	0	0	0	0	0	0	0	0	0	0	0	0	0	0	0	0	0	0	0	0	0	0	0	0	0	0	0	0	0	0		0	0	0	0	0	0	0	0	0	0	0	0	0	0	0	0	0	0	0	0	0	0	0	0	0	0	0	0	0	0	0	0	0
Montastraea_faveolata	0	0	0	0	0	0	0	0	0	0	0	0	0	0	0	0	0	0	0	0	0	0	0	0	0	0	0	0	0	0	0	0	0	0	0	0	0	0	0	0	0	0	0	0		0	0	0	0	0	0	0	0	0	0	0	0	0	0	0	0	0	0	0	0	0	0	0	0	0	0	0	0	0	0	0	0
Myxobolus_cerebralis	0	0	0	0	0	0	0	0	0	0	0	0	0	0	0	0	0	0	0	0	0	0	0	0	0	0	0	0	0	0	0	0	0	0	0	0	0	0	0	0	0	0	0	0	0		0	0	0	0	0	0	0	0	0	0	0	0	0	0	0	0	0	0	0	0	0	0	0	0	0	0	0	0	0	0	0
Nanomia_bijuga	0	0	0	0	0	0	0	0	0	0	0	0	0	0	0	0	0	0	0	0	0	0	0	0	0	0	0	0	0	0	0	0	0	0	0	0	0	0	0	0	0	0	0	0	0	0		0	0	0	0	0	0	0	0	0	0	0	0	0	0	0	0	0	0	0	0	0	0	0	0	0	0	0	0	0	0
Nasonia_vitripennis	0	0	0	0	0	0	0	0	0	0	0	0	0	0	0	0	0	0	0	0	0	0	0	0	0	0	0	0	0	0	0	0	0	0	0	0	0	0	0	0	0	0	0	0	0	0	0		0	0	0	0	0	0	0	0	0	0	0	0	0	0	0	0	0	0	0	0	0	0	0	0	0	0	0	0	0
Nematostella_vectensis	0	0	0	0	0	0	0	0	0	0	0	0	0	0	0	0	0	0	0	0	0	0	0	0	0	0	0	0	0	0	0	0	0	0	0	0	0	0	0	0	0	0	0	0	0	0	0	0		0	0	0	0	0	0	0	0	0	0	0	0	0	0	0	0	0	0	0	0	0	0	0	0	0	0	0	0
Octopus_vulgaris	0	0	0	0	0	0	0	0	0	0	0	0	0	0	0	0	0	0	0	0	0	0	0	0	0	0	0	0	0	0	0	0	0	0	0	0	0	0	0	0	0	0	0	0	0	0	0	0	0		0	0	0	0	0	0	0	0	0	0	0	0	0	0	0	0	0	0	0	0	0	0	0	0	0	0	0
Oscarella	0	0	0	0	0	0	0	0	0	0	0	0	0	0	0	0	0	0	0	0	0	0	0	0	0	0	0	0	0	0	0	0	0	0	0	0	0	0	0	0	0	0	0	0	0	0	0	0	0	0		0	0	0	0	0	0	0	0	0	0	0	0	0	0	0	0	0	0	0	0	0	0	0	0	0	0
Oscarella_carmela	0	0	0	0	0	0	0	0	0	0	0	0	0	0	0	0	0	0	0	0	0	0	0	0	0	0	0	0	0	0	0	0	0	0	0	0	0	0	0	0	0	0	0	0	0	0	0	0	0	0	0		0	0	0	0	0	0	0	0	0	0	0	0	0	0	0	0	0	0	0	0	0	0	0	0	0
Patiria_miniata	0	0	0	0	0	0	0	0	0	0	0	0.0119250425894378	0	0	0	0	0	0	0	0	0.0119250425894378	0	0	0	0	0	0	0	0	0	0	0	0.0119250425894378	0	0	0	0	0	0	0.0119250425894378	0	0	0	0	0	0	0	0	0	0	0	0		0	0	0	0	0	0	0	0	0	0	0	0	0	0	0	0	0	0	0.0119250425894378	0	0	0.0119250425894378	0.0119250425894378	0
Pediculus_humanus_corporis	0	0	0	0	0	0	0	0	0	0	0	0	0	0	0	0	0	0	0	0	0	0	0	0	0	0	0	0	0	0	0	0	0	0	0	0	0	0	0	0	0	0	0	0	0	0	0	0	0	0	0	0	0		0	0	0	0	0	0	0	0	0	0	0	0	0	0	0	0	0	0	0	0	0	0	0
Petromyzon_marinus	0	0	0	0	0	0	0.00170357751277683	0	0	0	0	0.00170357751277683	0	0	0	0	0	0	0	0	0.00170357751277683	0	0	0	0.00170357751277683	0	0	0	0	0	0	0	0	0	0	0	0.00170357751277683	0	0	0	0.00170357751277683	0	0	0	0	0	0	0	0	0	0	0	0	0		0	0	0	0	0	0	0	0	0	0	0	0	0	0	0	0	0.00170357751277683	0.00170357751277683	0	0	0.00170357751277683	0
Petrosia_ficiformis	0	0	0	0	0	0	0	0	0	0	0	0	0	0	0	0	0	0	0	0	0	0	0	0	0	0	0	0	0	0	0	0	0	0	0	0	0	0	0	0	0	0	0	0	0	0	0	0	0	0	0	0	0	0	0		0	0	0	0	0	0	0	0	0	0	0	0	0	0	0	0	0	0	0	0	0
Pleurobrachia_pileus	0	0	0	0	0	0	0	0	0	0	0	0	0	0	0	0	0	0	0	0	0	0	0	0	0	0	0	0	0	0	0	0	0	0	0	0	0	0	0	0	0	0	0	0	0	0	0	0	0	0	0	0	0	0	0	0		0	0	0	0	0	0	0	0	0	0	0	0	0	0	0	0	0	0	0	0
Pocillopora_damicornis	0	0	0	0	0	0	0.0136286201022147	0	0	0	0	0	0	0	0	0	0	0	0	0	0.0136286201022147	0	0	0	0	0	0	0	0	0	0	0	0	0	0	0	0	0	0	0	0	0	0	0	0	0	0	0	0	0	0	0	0	0	0	0	0		0	0	0	0	0	0	0	0	0	0	0	0	0	0.0136286201022147	0	0	0.0136286201022147	0.0136286201022147	0
Polypodium_hydriforme	0	0	0	0	0	0	0	0	0	0	0	0	0	0	0	0	0	0	0	0	0	0	0	0	0	0	0	0	0	0	0	0	0	0	0	0	0	0	0	0	0	0	0	0	0	0	0	0	0	0	0	0	0	0	0	0	0	0		0	0	0	0	0	0	0	0	0	0	0	0	0	0	0	0	0	0
Porites_australiensis	0	0	0	0	0	0	0	0	0	0	0	0	0	0	0	0	0	0	0	0	0	0	0	0	0	0	0	0	0	0	0	0	0	0	0	0	0	0	0	0	0	0	0	0	0	0	0	0	0	0	0	0	0	0	0	0	0	0	0		0	0	0	0	0	0	0	0	0	0	0	0	0	0	0	0	0
Saccoglossus_kowalevskii	0	0	0	0	0	0	0.0153321976149915	0	0	0	0	0.0153321976149915	0	0	0	0	0	0	0	0	0.0153321976149915	0	0	0	0.0153321976149915	0	0	0	0	0	0	0	0	0	0	0	0.0153321976149915	0	0	0	0	0	0	0	0	0	0	0	0	0	0	0	0	0	0	0	0	0	0	0		0	0	0	0	0	0	0.0153321976149915	0	0	0	0.0153321976149915	0.0153321976149915	0	0.0153321976149915	0.0153321976149915	0
Salpingoeca_sp_ATCC50818	0	0	0	0	0	0	0	0	0	0	0	0	0	0	0	0	0	0	0	0	0	0	0	0	0	0	0	0	0	0	0	0	0	0	0	0	0	0	0	0	0	0	0	0	0	0	0	0	0	0	0	0	0	0	0	0	0	0	0	0	0		0	0	0	0	0	0	0	0	0	0	0	0	0	0	0
Sarcotragus_fasciculatus	0	0	0	0	0	0	0	0	0	0	0	0	0	0	0	0	0	0	0	0	0	0	0	0	0	0	0	0	0	0	0	0	0	0	0	0	0	0	0	0	0	0	0	0	0	0	0	0	0	0	0	0	0	0	0	0	0	0	0	0	0	0		0	0	0	0	0	0	0	0	0	0	0	0	0	0
Sphaeroforma_arctica_jp610	0	0	0	0.00170357751277683	0	0	0.00170357751277683	0	0	0	0	0.00170357751277683	0	0.00170357751277683	0	0	0	0	0	0	0.00170357751277683	0	0	0	0.00170357751277683	0	0	0	0	0	0	0	0	0	0	0	0.00170357751277683	0	0	0	0	0	0	0	0	0	0	0	0	0	0	0	0	0	0	0	0	0	0	0	0	0	0		0	0	0	0	0	0	0	0.00170357751277683	0.00170357751277683	0	0	0.00170357751277683	0
Sphaeromyxa_zaharoni	0	0	0	0	0	0	0	0	0	0	0	0	0	0	0	0	0	0	0	0	0	0	0	0	0	0	0	0	0	0	0	0	0	0	0	0	0	0	0	0	0	0	0	0	0	0	0	0	0	0	0	0	0	0	0	0	0	0	0	0	0	0	0	0		0	0	0	0	0	0	0	0	0	0	0	0
Stephanoeca_diplocostata	0	0	0	0	0	0	0.0255536626916525	0	0	0	0	0.0255536626916525	0	0	0.0221465076660988	0	0	0	0	0	0.0255536626916525	0	0	0	0.00511073253833049	0	0	0	0	0	0	0	0.0221465076660988	0	0	0	0.00340715502555366	0	0	0	0	0	0	0	0	0	0	0	0	0	0	0	0	0	0	0	0	0	0	0	0	0	0	0	0		0	0	0	0	0	0.0255536626916525	0.00851788756388416	0	0.0221465076660988	0.0255536626916525	0
Stomolophus_meleagris	0	0	0	0	0	0	0	0	0	0	0	0	0	0	0	0	0	0	0	0	0	0	0	0	0	0	0	0	0	0	0	0	0	0	0	0	0	0	0	0	0	0	0	0	0	0	0	0	0	0	0	0	0	0	0	0	0	0	0	0	0	0	0	0	0	0		0	0	0	0	0	0	0	0	0	0
Strigamia_maritima	0	0	0	0	0	0	0.0272572402044293	0	0	0	0	0.0323679727427598	0	0	0	0	0	0	0	0	0.100511073253833	0	0	0	0.0681431005110733	0	0	0	0	0	0	0	0	0	0	0	0.0153321976149915	0	0	0	0	0	0	0	0	0	0	0	0	0	0	0	0	0	0	0	0	0	0	0	0.0153321976149915	0	0	0	0	0	0		0	0	0	0.100511073253833	0.030664395229983	0	0.0766609880749574	0.100511073253833	0
Strongylocentrotus_purpuratus	0	0	0	0	0	0	0	0	0	0	0	0	0	0	0	0	0	0	0	0	0	0	0	0	0	0	0	0	0	0	0	0	0	0	0	0	0	0	0	0	0	0	0	0	0	0	0	0	0	0	0	0	0	0	0	0	0	0	0	0	0	0	0	0	0	0	0	0		0	0	0	0	0	0	0	0
Sycon_ciliatum	0	0	0	0	0	0	0	0	0	0	0	0	0	0	0	0	0	0	0	0	0	0	0	0	0	0	0	0	0	0	0	0	0	0	0	0	0	0	0	0	0	0	0	0	0	0	0	0	0	0	0	0	0	0	0	0	0	0	0	0	0	0	0	0	0	0	0	0	0		0	0	0	0	0	0	0
Sycon_coactum	0	0	0	0	0	0	0	0	0	0	0	0	0	0	0	0	0	0	0	0	0	0	0	0	0	0	0	0	0	0	0	0	0	0	0	0	0	0	0	0	0	0	0	0	0	0	0	0	0	0	0	0	0	0	0	0	0	0	0	0	0	0	0	0	0	0	0	0	0	0		0	0	0	0	0	0
Tetracapsuloides_bryosalmonae	0	0	0	0.00170357751277683	0	0	0.718909710391823	0	0.00170357751277683	0.115843270868825	0	0.562180579216354	0	0.00170357751277683	0.0868824531516184	0	0	0	0	0	1	0	0	0	0.287904599659284	0	0	0	0	0	0.0374787052810903	0	0.385008517887564	0	0	0	0.0681431005110733	0	0	0.337308347529813	0.00340715502555366	0	0	0	0	0	0	0	0	0	0	0	0.0119250425894378	0	0.00170357751277683	0	0	0.0136286201022147	0	0	0.0153321976149915	0	0	0.00170357751277683	0	0.0255536626916525	0	0.100511073253833	0	0	0		0.201022146507666	0	0.82282793867121	1	0
Thelohanellus_kitauei	0	0	0	0.00170357751277683	0	0	0.195911413969336	0	0	0	0	0.195911413969336	0	0.00170357751277683	0.00511073253833049	0	0	0	0	0	0.201022146507666	0	0	0	0.141396933560477	0	0	0	0	0	0	0	0.00511073253833049	0	0	0	0.0664395229982964	0	0	0.00170357751277683	0.00340715502555366	0	0	0	0	0	0	0	0	0	0	0	0	0	0.00170357751277683	0	0	0	0	0	0.0153321976149915	0	0	0.00170357751277683	0	0.00851788756388416	0	0.030664395229983	0	0	0	0.201022146507666		0	0.149914821124361	0.201022146507666	0
Trichoplax_adhaerens	0	0	0	0	0	0	0	0	0	0	0	0	0	0	0	0	0	0	0	0	0	0	0	0	0	0	0	0	0	0	0	0	0	0	0	0	0	0	0	0	0	0	0	0	0	0	0	0	0	0	0	0	0	0	0	0	0	0	0	0	0	0	0	0	0	0	0	0	0	0	0	0	0		0	0	0
Tripedalia_cystophora	0	0	0	0	0	0	0.616695059625213	0	0.00170357751277683	0.0783645655877342	0	0.402044293015332	0	0	0.0868824531516184	0	0	0	0	0	0.82282793867121	0	0	0	0.110732538330494	0	0	0	0	0	0.0374787052810903	0	0.385008517887564	0	0	0	0.0153321976149915	0	0	0.335604770017036	0	0	0	0	0	0	0	0	0	0	0	0	0.0119250425894378	0	0	0	0	0.0136286201022147	0	0	0.0153321976149915	0	0	0	0	0.0221465076660988	0	0.0766609880749574	0	0	0	0.82282793867121	0.149914821124361	0		0.82282793867121	0
Urticina_eques	0	0	0	0.00170357751277683	0	0	0.718909710391823	0	0.00170357751277683	0.115843270868825	0	0.562180579216354	0	0.00170357751277683	0.0868824531516184	0	0	0	0	0	1	0	0	0	0.287904599659284	0	0	0	0	0	0.0374787052810903	0	0.385008517887564	0	0	0	0.0681431005110733	0	0	0.337308347529813	0.00340715502555366	0	0	0	0	0	0	0	0	0	0	0	0.0119250425894378	0	0.00170357751277683	0	0	0.0136286201022147	0	0	0.0153321976149915	0	0	0.00170357751277683	0	0.0255536626916525	0	0.100511073253833	0	0	0	1	0.201022146507666	0	0.82282793867121		0
Vallicula_multiformis	0	0	0	0	0	0	0	0	0	0	0	0	0	0	0	0	0	0	0	0	0	0	0	0	0	0	0	0	0	0	0	0	0	0	0	0	0	0	0	0	0	0	0	0	0	0	0	0	0	0	0	0	0	0	0	0	0	0	0	0	0	0	0	0	0	0	0	0	0	0	0	0	0	0	0	0	
