	Abeoforma_whisleri	Acanthoeca_sp_10tr	Acanthoeca_spectabilis_VA_02	Aiptasia_pallida	Alatina_alata	Amoebidium_parasiticum_JAP72	Amphimedon_queenslandica	Antipathes_caribbeana	Aphrocallistes_vastus	Aplysia_californica	Atolla_vanhoeffeni	Aurelia_aurita	Beroe_abyssicola	Beroe_sp	Bolinopsis_infundibulum	Bolocera_tuedia	Branchiostoma_floridae	Capitella_teleta	Capsaspora_owczarzaki_atcc30864	Cestum_veneris	Choanoeca_perplexa_11	Chondrilla_nucula	Clathrina_coriacea	Clytia_hemisphaerica	Codosiga_hollandica_17	Coeloplana_species	Corticium_candelabrum	Craspedacusta_sowerbyi	Crassostrea_gigas	Creolimax_fragrantissima	Daphnia_pulex	Diaphanoeca_grandis_RI_01	Didymoeca_costata_10	Dryodora_glandiformis	Edwardsiella_lineata	Ephydatia_muelleri	Euplectella_aspergillum	Euplokamis_dunlapae	Gorgonia_ventalina	Grantia_compressa	Helobdella_robusta	Homo_sapiens	Hormiphora_californensis	Hyalonema_populiferum	Hydra_magnipapillata	Hydractinia_polyclina	Ircinia_fasciculata	Ixodes_scapularis	Kirkpatrickia_variolosa	Lampea_pancerina	Latrunculia_apicalis	Leuconia_nivea	Leucosolenia_complicata	Liriope_tetraphylla	Lucernariopsis_campanulata	Ministeria_vibrans	Mnemiopsis_leidyi	Monosiga_brevicollis_mx1	Montastraea_faveolata	Mycale_phyllophila	Mylnosiga_fluctuans_19	Nanomia_bijuga	Nematostella_vectensis	Oscarella_carmela	Oscarella_species	Pelagia_noctiluca	Pennatula_rubra	Periphylla_periphylla	Petrosia_ficiformis	Pirum_gemmata	Plakina_jani	Pleraplysilla_spinifera	Pleurobrachia_species	Plumapathes_pennacea	Porites_australiensis	Rossella_fibulata	Saccoglossus_kowalevskii	Salpingoeca_dolichothecata_16	Salpingoeca_helianthica_18	Salpingoeca_infusionum_12	Salpingoeca_macrocollata_06	Salpingoeca_punica_03	Salpingoeca_qvevrii_09	Salpingoeca_roanoka_13	Salpingoeca_rosetta	Salpingoeca_urceolata_04	Sphaeroforma_arctica_JP610	Spongilla_lacustris	Stephanoeca_diplocostata_AUFR	Stomolophus_meleagris	Strongylocentrotus_purpuratus	Sycon_ciliatum	Sycon_coactum	Sympagella_nux	Tribolium_castaneum	Trichoplax_adhaerens	Vallicula_multiformis
Abeoforma_whisleri		0	0.096	0	0.024	0.136	0.072	0	1	0.376	1	0.536	0	1	0.272	1	0	0.064	0.176	1	0.264	1	1	0.344	1	0	1	0	0.096	0.456	0.008	0.04	0	0.072	1	1	0.056	0.456	0	1	0.104	0.024	0.44	0.4	0.016	0.192	1	0.072	1	0.008	1	1	1	0.336	1	1	0	0.208	0	1	0.032	1	0.04	1	0.344	0.136	1	1	0.152	1	1	1	0.056	0.12	0	0	0	0.088	0.016	0.072	0	0.048	0.072	0.32	0.312	0.008	1	1	0.056	1	0.032	1	1	0.024	0.064	0.056	0.056
Acanthoeca_sp_10tr	0		0	0	0	0	0	0	0	0	0	0	0	0	0	0	0	0	0	0	0	0	0	0	0	0	0	0	0	0	0	0	0	0	0	0	0	0	0	0	0	0	0	0	0	0	0	0	0	0	0	0	0	0	0	0	0	0	0	0	0	0	0	0	0	0	0	0	0	0	0	0	0	0	0	0	0	0	0	0	0	0	0	0	0	0	0	0	0	0	0	0	0	0	0	0	0
Acanthoeca_spectabilis_VA_02	0.096	0		0	0.016	0.016	0.048	0	0.096	0.048	0.096	0.064	0	0.096	0.08	0.096	0	0.048	0.032	0.096	0.048	0.096	0.096	0.024	0.096	0	0.096	0	0.064	0.088	0.008	0.032	0	0	0.096	0.096	0	0.048	0	0.096	0.056	0.016	0.064	0.064	0.016	0.056	0.096	0.064	0.096	0.008	0.096	0.096	0.096	0.016	0.096	0.096	0	0.032	0	0.096	0	0.096	0.04	0.096	0.064	0	0.096	0.096	0.048	0.096	0.096	0.096	0.016	0.048	0	0	0	0.032	0	0.056	0	0.032	0.008	0.072	0.04	0	0.096	0.096	0.016	0.096	0.032	0.096	0.096	0	0.016	0.056	0
Aiptasia_pallida	0	0	0		0	0	0	0	0	0	0	0	0	0	0	0	0	0	0	0	0	0	0	0	0	0	0	0	0	0	0	0	0	0	0	0	0	0	0	0	0	0	0	0	0	0	0	0	0	0	0	0	0	0	0	0	0	0	0	0	0	0	0	0	0	0	0	0	0	0	0	0	0	0	0	0	0	0	0	0	0	0	0	0	0	0	0	0	0	0	0	0	0	0	0	0	0
Alatina_alata	0.024	0	0.016	0		0	0.024	0	0.024	0	0.024	0.024	0	0.024	0.024	0.024	0	0	0	0.024	0.024	0.024	0.024	0.024	0.024	0	0.024	0	0.016	0.024	0	0	0	0	0.024	0.024	0	0.024	0	0.024	0.008	0.008	0.024	0.024	0.016	0	0.024	0	0.024	0	0.024	0.024	0.024	0.024	0.024	0.024	0	0	0	0.024	0	0.024	0	0.024	0.024	0	0.024	0.024	0	0.024	0.024	0.024	0	0	0	0	0	0	0	0	0	0	0.008	0.016	0	0	0.024	0.024	0.024	0.024	0	0.024	0.024	0	0.024	0.016	0
Amoebidium_parasiticum_JAP72	0.136	0	0.016	0	0		0.016	0	0.136	0.096	0.136	0.104	0	0.136	0.04	0.136	0	0.008	0.072	0.136	0	0.136	0.136	0.032	0.136	0	0.136	0	0	0.048	0	0.024	0	0.064	0.136	0.136	0.048	0.04	0	0.136	0.016	0.008	0.12	0.072	0	0.072	0.136	0.016	0.136	0	0.136	0.136	0.136	0.024	0.136	0.136	0	0	0	0.136	0.024	0.136	0	0.136	0.008	0	0.136	0.136	0.032	0.136	0.136	0.136	0.024	0	0	0	0	0.016	0.016	0.008	0	0.016	0.064	0.016	0.008	0.008	0.136	0.136	0.032	0.136	0	0.136	0.136	0.024	0	0	0.048
Amphimedon_queenslandica	0.072	0	0.048	0	0.024	0.016		0	0.072	0.048	0.072	0.072	0	0.072	0.056	0.072	0	0.04	0.032	0.072	0.056	0.072	0.072	0.024	0.072	0	0.072	0	0.048	0.056	0.008	0.008	0	0.016	0.072	0.072	0	0.024	0	0.072	0.04	0.016	0.072	0.064	0.016	0.032	0.072	0.032	0.072	0.008	0.072	0.072	0.072	0.024	0.072	0.072	0	0.032	0	0.072	0.008	0.072	0.032	0.072	0.056	0	0.072	0.072	0.048	0.072	0.072	0.072	0.016	0.032	0	0	0	0	0.008	0.032	0	0.008	0.008	0.048	0.032	0.008	0.072	0.072	0.024	0.072	0.032	0.072	0.072	0	0.024	0.048	0
Antipathes_caribbeana	0	0	0	0	0	0	0		0	0	0	0	0	0	0	0	0	0	0	0	0	0	0	0	0	0	0	0	0	0	0	0	0	0	0	0	0	0	0	0	0	0	0	0	0	0	0	0	0	0	0	0	0	0	0	0	0	0	0	0	0	0	0	0	0	0	0	0	0	0	0	0	0	0	0	0	0	0	0	0	0	0	0	0	0	0	0	0	0	0	0	0	0	0	0	0	0
Aphrocallistes_vastus	1	0	0.096	0	0.024	0.136	0.072	0		0.376	1	0.536	0	1	0.272	1	0	0.064	0.176	1	0.264	1	1	0.344	1	0	1	0	0.096	0.456	0.008	0.04	0	0.072	1	1	0.056	0.456	0	1	0.104	0.024	0.44	0.4	0.016	0.192	1	0.072	1	0.008	1	1	1	0.336	1	1	0	0.208	0	1	0.032	1	0.04	1	0.344	0.136	1	1	0.152	1	1	1	0.056	0.12	0	0	0	0.088	0.016	0.072	0	0.048	0.072	0.32	0.312	0.008	1	1	0.056	1	0.032	1	1	0.024	0.064	0.056	0.056
Aplysia_californica	0.376	0	0.048	0	0	0.096	0.048	0	0.376		0.376	0.2	0	0.376	0.08	0.376	0	0.064	0.08	0.376	0.112	0.376	0.376	0	0.376	0	0.376	0	0.08	0.064	0.008	0.008	0	0.064	0.376	0.376	0.048	0	0	0.376	0.064	0.016	0.336	0.192	0	0.184	0.376	0.056	0.376	0.008	0.376	0.376	0.376	0	0.376	0.376	0	0.08	0	0.376	0.024	0.376	0.04	0.376	0.128	0.008	0.376	0.376	0.152	0.376	0.376	0.376	0.016	0.12	0	0	0	0	0.008	0.056	0	0.008	0.064	0.152	0.176	0.008	0.376	0.376	0.032	0.376	0.032	0.376	0.376	0.024	0.04	0.04	0.048
Atolla_vanhoeffeni	1	0	0.096	0	0.024	0.136	0.072	0	1	0.376		0.536	0	1	0.272	1	0	0.064	0.176	1	0.264	1	1	0.344	1	0	1	0	0.096	0.456	0.008	0.04	0	0.072	1	1	0.056	0.456	0	1	0.104	0.024	0.44	0.4	0.016	0.192	1	0.072	1	0.008	1	1	1	0.336	1	1	0	0.208	0	1	0.032	1	0.04	1	0.344	0.136	1	1	0.152	1	1	1	0.056	0.12	0	0	0	0.088	0.016	0.072	0	0.048	0.072	0.32	0.312	0.008	1	1	0.056	1	0.032	1	1	0.024	0.064	0.056	0.056
Aurelia_aurita	0.536	0	0.064	0	0.024	0.104	0.072	0	0.536	0.2	0.536		0	0.536	0.248	0.536	0	0.064	0.136	0.536	0.056	0.536	0.536	0.336	0.536	0	0.536	0	0.096	0.392	0.008	0.008	0	0.072	0.536	0.536	0.056	0.336	0	0.536	0.104	0.024	0.304	0.4	0.016	0.184	0.536	0.056	0.536	0.008	0.536	0.536	0.536	0.336	0.536	0.536	0	0.032	0	0.536	0.024	0.536	0.04	0.536	0.344	0	0.536	0.536	0.136	0.536	0.536	0.536	0.056	0.12	0	0	0	0	0.016	0.056	0	0.016	0.072	0.048	0.032	0.008	0.536	0.536	0.056	0.536	0.032	0.536	0.536	0.024	0.024	0.056	0.056
Beroe_abyssicola	0	0	0	0	0	0	0	0	0	0	0	0		0	0	0	0	0	0	0	0	0	0	0	0	0	0	0	0	0	0	0	0	0	0	0	0	0	0	0	0	0	0	0	0	0	0	0	0	0	0	0	0	0	0	0	0	0	0	0	0	0	0	0	0	0	0	0	0	0	0	0	0	0	0	0	0	0	0	0	0	0	0	0	0	0	0	0	0	0	0	0	0	0	0	0	0
Beroe_sp	1	0	0.096	0	0.024	0.136	0.072	0	1	0.376	1	0.536	0		0.272	1	0	0.064	0.176	1	0.264	1	1	0.344	1	0	1	0	0.096	0.456	0.008	0.04	0	0.072	1	1	0.056	0.456	0	1	0.104	0.024	0.44	0.4	0.016	0.192	1	0.072	1	0.008	1	1	1	0.336	1	1	0	0.208	0	1	0.032	1	0.04	1	0.344	0.136	1	1	0.152	1	1	1	0.056	0.12	0	0	0	0.088	0.016	0.072	0	0.048	0.072	0.32	0.312	0.008	1	1	0.056	1	0.032	1	1	0.024	0.064	0.056	0.056
Bolinopsis_infundibulum	0.272	0	0.08	0	0.024	0.04	0.056	0	0.272	0.08	0.272	0.248	0	0.272		0.272	0	0.056	0.088	0.272	0.056	0.272	0.272	0.176	0.272	0	0.272	0	0.096	0.248	0.008	0.016	0	0	0.272	0.272	0	0.192	0	0.272	0.088	0.016	0.144	0.12	0.016	0.088	0.272	0.072	0.272	0.008	0.272	0.272	0.272	0.168	0.272	0.272	0	0.032	0	0.272	0	0.272	0.04	0.272	0.128	0	0.272	0.272	0.08	0.272	0.272	0.272	0.056	0.08	0	0	0	0.016	0.008	0.064	0	0.024	0.008	0.064	0.04	0	0.272	0.272	0.024	0.272	0.032	0.272	0.272	0	0.024	0.056	0
Bolocera_tuedia	1	0	0.096	0	0.024	0.136	0.072	0	1	0.376	1	0.536	0	1	0.272		0	0.064	0.176	1	0.264	1	1	0.344	1	0	1	0	0.096	0.456	0.008	0.04	0	0.072	1	1	0.056	0.456	0	1	0.104	0.024	0.44	0.4	0.016	0.192	1	0.072	1	0.008	1	1	1	0.336	1	1	0	0.208	0	1	0.032	1	0.04	1	0.344	0.136	1	1	0.152	1	1	1	0.056	0.12	0	0	0	0.088	0.016	0.072	0	0.048	0.072	0.32	0.312	0.008	1	1	0.056	1	0.032	1	1	0.024	0.064	0.056	0.056
Branchiostoma_floridae	0	0	0	0	0	0	0	0	0	0	0	0	0	0	0	0		0	0	0	0	0	0	0	0	0	0	0	0	0	0	0	0	0	0	0	0	0	0	0	0	0	0	0	0	0	0	0	0	0	0	0	0	0	0	0	0	0	0	0	0	0	0	0	0	0	0	0	0	0	0	0	0	0	0	0	0	0	0	0	0	0	0	0	0	0	0	0	0	0	0	0	0	0	0	0	0
Capitella_teleta	0.064	0	0.048	0	0	0.008	0.04	0	0.064	0.064	0.064	0.064	0	0.064	0.056	0.064	0		0.032	0.064	0.032	0.064	0.064	0	0.064	0	0.064	0	0.056	0.056	0.008	0	0	0.008	0.064	0.064	0	0	0	0.064	0.056	0.008	0.064	0.056	0	0.056	0.064	0.056	0.064	0.008	0.064	0.064	0.064	0	0.064	0.064	0	0.032	0	0.064	0	0.064	0.04	0.064	0.056	0	0.064	0.064	0.064	0.064	0.064	0.064	0.016	0.056	0	0	0	0	0	0.056	0	0.008	0	0.032	0.032	0	0.064	0.064	0	0.064	0.032	0.064	0.064	0	0	0.04	0
Capsaspora_owczarzaki_atcc30864	0.176	0	0.032	0	0	0.072	0.032	0	0.176	0.08	0.176	0.136	0	0.176	0.088	0.176	0	0.032		0.176	0.04	0.176	0.176	0.056	0.176	0	0.176	0	0.032	0.088	0.008	0	0	0.048	0.176	0.176	0.048	0.056	0	0.176	0.048	0.016	0.12	0.08	0	0.08	0.176	0.032	0.176	0.008	0.176	0.176	0.176	0.056	0.176	0.176	0	0.04	0	0.176	0.024	0.176	0.032	0.176	0.032	0.008	0.176	0.176	0.032	0.176	0.176	0.176	0.056	0.032	0	0	0	0.04	0.008	0.04	0	0.008	0.048	0.04	0.04	0	0.176	0.176	0.032	0.176	0.032	0.176	0.176	0.024	0	0.032	0.048
Cestum_veneris	1	0	0.096	0	0.024	0.136	0.072	0	1	0.376	1	0.536	0	1	0.272	1	0	0.064	0.176		0.264	1	1	0.344	1	0	1	0	0.096	0.456	0.008	0.04	0	0.072	1	1	0.056	0.456	0	1	0.104	0.024	0.44	0.4	0.016	0.192	1	0.072	1	0.008	1	1	1	0.336	1	1	0	0.208	0	1	0.032	1	0.04	1	0.344	0.136	1	1	0.152	1	1	1	0.056	0.12	0	0	0	0.088	0.016	0.072	0	0.048	0.072	0.32	0.312	0.008	1	1	0.056	1	0.032	1	1	0.024	0.064	0.056	0.056
Choanoeca_perplexa_11	0.264	0	0.048	0	0.024	0	0.056	0	0.264	0.112	0.264	0.056	0	0.264	0.056	0.264	0	0.032	0.04	0.264		0.264	0.264	0.024	0.264	0	0.264	0	0.048	0.056	0.008	0	0	0	0.264	0.264	0	0.024	0	0.264	0.04	0.016	0.096	0.056	0.016	0.032	0.264	0.032	0.264	0.008	0.264	0.264	0.264	0.024	0.264	0.264	0	0.208	0	0.264	0.008	0.264	0.032	0.264	0.056	0.136	0.264	0.264	0.032	0.264	0.264	0.264	0.016	0.032	0	0	0	0.008	0	0.04	0	0.008	0.008	0.256	0.24	0	0.264	0.264	0.024	0.264	0.032	0.264	0.264	0	0.064	0.048	0
Chondrilla_nucula	1	0	0.096	0	0.024	0.136	0.072	0	1	0.376	1	0.536	0	1	0.272	1	0	0.064	0.176	1	0.264		1	0.344	1	0	1	0	0.096	0.456	0.008	0.04	0	0.072	1	1	0.056	0.456	0	1	0.104	0.024	0.44	0.4	0.016	0.192	1	0.072	1	0.008	1	1	1	0.336	1	1	0	0.208	0	1	0.032	1	0.04	1	0.344	0.136	1	1	0.152	1	1	1	0.056	0.12	0	0	0	0.088	0.016	0.072	0	0.048	0.072	0.32	0.312	0.008	1	1	0.056	1	0.032	1	1	0.024	0.064	0.056	0.056
Clathrina_coriacea	1	0	0.096	0	0.024	0.136	0.072	0	1	0.376	1	0.536	0	1	0.272	1	0	0.064	0.176	1	0.264	1		0.344	1	0	1	0	0.096	0.456	0.008	0.04	0	0.072	1	1	0.056	0.456	0	1	0.104	0.024	0.44	0.4	0.016	0.192	1	0.072	1	0.008	1	1	1	0.336	1	1	0	0.208	0	1	0.032	1	0.04	1	0.344	0.136	1	1	0.152	1	1	1	0.056	0.12	0	0	0	0.088	0.016	0.072	0	0.048	0.072	0.32	0.312	0.008	1	1	0.056	1	0.032	1	1	0.024	0.064	0.056	0.056
Clytia_hemisphaerica	0.344	0	0.024	0	0.024	0.032	0.024	0	0.344	0	0.344	0.336	0	0.344	0.176	0.344	0	0	0.056	0.344	0.024	0.344	0.344		0.344	0	0.344	0	0.016	0.344	0	0.008	0	0.008	0.344	0.344	0.008	0.344	0	0.344	0.04	0.008	0.104	0.208	0.016	0.008	0.344	0.008	0.344	0	0.344	0.344	0.344	0.336	0.344	0.344	0	0	0	0.344	0	0.344	0	0.344	0.216	0	0.344	0.344	0	0.344	0.344	0.344	0.04	0	0	0	0	0.008	0.008	0.008	0	0.016	0.008	0.024	0.008	0	0.344	0.344	0.024	0.344	0	0.344	0.344	0	0.024	0.016	0.008
Codosiga_hollandica_17	1	0	0.096	0	0.024	0.136	0.072	0	1	0.376	1	0.536	0	1	0.272	1	0	0.064	0.176	1	0.264	1	1	0.344		0	1	0	0.096	0.456	0.008	0.04	0	0.072	1	1	0.056	0.456	0	1	0.104	0.024	0.44	0.4	0.016	0.192	1	0.072	1	0.008	1	1	1	0.336	1	1	0	0.208	0	1	0.032	1	0.04	1	0.344	0.136	1	1	0.152	1	1	1	0.056	0.12	0	0	0	0.088	0.016	0.072	0	0.048	0.072	0.32	0.312	0.008	1	1	0.056	1	0.032	1	1	0.024	0.064	0.056	0.056
Coeloplana_species	0	0	0	0	0	0	0	0	0	0	0	0	0	0	0	0	0	0	0	0	0	0	0	0	0		0	0	0	0	0	0	0	0	0	0	0	0	0	0	0	0	0	0	0	0	0	0	0	0	0	0	0	0	0	0	0	0	0	0	0	0	0	0	0	0	0	0	0	0	0	0	0	0	0	0	0	0	0	0	0	0	0	0	0	0	0	0	0	0	0	0	0	0	0	0	0
Corticium_candelabrum	1	0	0.096	0	0.024	0.136	0.072	0	1	0.376	1	0.536	0	1	0.272	1	0	0.064	0.176	1	0.264	1	1	0.344	1	0		0	0.096	0.456	0.008	0.04	0	0.072	1	1	0.056	0.456	0	1	0.104	0.024	0.44	0.4	0.016	0.192	1	0.072	1	0.008	1	1	1	0.336	1	1	0	0.208	0	1	0.032	1	0.04	1	0.344	0.136	1	1	0.152	1	1	1	0.056	0.12	0	0	0	0.088	0.016	0.072	0	0.048	0.072	0.32	0.312	0.008	1	1	0.056	1	0.032	1	1	0.024	0.064	0.056	0.056
Craspedacusta_sowerbyi	0	0	0	0	0	0	0	0	0	0	0	0	0	0	0	0	0	0	0	0	0	0	0	0	0	0	0		0	0	0	0	0	0	0	0	0	0	0	0	0	0	0	0	0	0	0	0	0	0	0	0	0	0	0	0	0	0	0	0	0	0	0	0	0	0	0	0	0	0	0	0	0	0	0	0	0	0	0	0	0	0	0	0	0	0	0	0	0	0	0	0	0	0	0	0	0
Crassostrea_gigas	0.096	0	0.064	0	0.016	0	0.048	0	0.096	0.08	0.096	0.096	0	0.096	0.096	0.096	0	0.056	0.032	0.096	0.048	0.096	0.096	0.016	0.096	0	0.096	0		0.072	0.008	0	0	0	0.096	0.096	0	0.016	0	0.096	0.072	0.016	0.096	0.096	0.016	0.08	0.096	0.056	0.096	0.008	0.096	0.096	0.096	0.016	0.096	0.096	0	0.032	0	0.096	0	0.096	0.04	0.096	0.096	0	0.096	0.096	0.08	0.096	0.096	0.096	0.016	0.08	0	0	0	0	0	0.056	0	0.008	0.008	0.048	0.032	0	0.096	0.096	0.016	0.096	0.032	0.096	0.096	0	0.016	0.056	0
Creolimax_fragrantissima	0.456	0	0.088	0	0.024	0.048	0.056	0	0.456	0.064	0.456	0.392	0	0.456	0.248	0.456	0	0.056	0.088	0.456	0.056	0.456	0.456	0.344	0.456	0	0.456	0	0.072		0.008	0.024	0	0.008	0.456	0.456	0.008	0.392	0	0.456	0.096	0.016	0.168	0.264	0.016	0.064	0.456	0.072	0.456	0.008	0.456	0.456	0.456	0.336	0.456	0.456	0	0.032	0	0.456	0	0.456	0.04	0.456	0.272	0	0.456	0.456	0.064	0.456	0.456	0.456	0.056	0.056	0	0	0	0.024	0.008	0.064	0	0.04	0.008	0.072	0.04	0	0.456	0.456	0.024	0.456	0.032	0.456	0.456	0	0.024	0.056	0.008
Daphnia_pulex	0.008	0	0.008	0	0	0	0.008	0	0.008	0.008	0.008	0.008	0	0.008	0.008	0.008	0	0.008	0.008	0.008	0.008	0.008	0.008	0	0.008	0	0.008	0	0.008	0.008		0	0	0	0.008	0.008	0	0	0	0.008	0.008	0.008	0.008	0.008	0	0.008	0.008	0.008	0.008	0.008	0.008	0.008	0.008	0	0.008	0.008	0	0.008	0	0.008	0	0.008	0.008	0.008	0.008	0	0.008	0.008	0.008	0.008	0.008	0.008	0.008	0.008	0	0	0	0	0	0.008	0	0.008	0	0.008	0.008	0	0.008	0.008	0	0.008	0.008	0.008	0.008	0	0	0.008	0
Diaphanoeca_grandis_RI_01	0.04	0	0.032	0	0	0.024	0.008	0	0.04	0.008	0.04	0.008	0	0.04	0.016	0.04	0	0	0	0.04	0	0.04	0.04	0.008	0.04	0	0.04	0	0	0.024	0		0	0.008	0.04	0.04	0	0.032	0	0.04	0	0	0.008	0.008	0	0.008	0.04	0.016	0.04	0	0.04	0.04	0.04	0	0.04	0.04	0	0	0	0.04	0.008	0.04	0	0.04	0	0	0.04	0.04	0.008	0.04	0.04	0.04	0	0	0	0	0	0.032	0.008	0.008	0	0.024	0	0.024	0.008	0.008	0.04	0.04	0	0.04	0	0.04	0.04	0	0	0	0
Didymoeca_costata_10	0	0	0	0	0	0	0	0	0	0	0	0	0	0	0	0	0	0	0	0	0	0	0	0	0	0	0	0	0	0	0	0		0	0	0	0	0	0	0	0	0	0	0	0	0	0	0	0	0	0	0	0	0	0	0	0	0	0	0	0	0	0	0	0	0	0	0	0	0	0	0	0	0	0	0	0	0	0	0	0	0	0	0	0	0	0	0	0	0	0	0	0	0	0	0	0
Dryodora_glandiformis	0.072	0	0	0	0	0.064	0.016	0	0.072	0.064	0.072	0.072	0	0.072	0	0.072	0	0.008	0.048	0.072	0	0.072	0.072	0.008	0.072	0	0.072	0	0	0.008	0	0.008	0		0.072	0.072	0.056	0.008	0	0.072	0	0.008	0.072	0.064	0	0.048	0.072	0	0.072	0	0.072	0.072	0.072	0.008	0.072	0.072	0	0	0	0.072	0.024	0.072	0	0.072	0.008	0	0.072	0.072	0.016	0.072	0.072	0.072	0	0	0	0	0	0	0.008	0	0	0.008	0.048	0	0	0.008	0.072	0.072	0.032	0.072	0	0.072	0.072	0.024	0	0	0.056
Edwardsiella_lineata	1	0	0.096	0	0.024	0.136	0.072	0	1	0.376	1	0.536	0	1	0.272	1	0	0.064	0.176	1	0.264	1	1	0.344	1	0	1	0	0.096	0.456	0.008	0.04	0	0.072		1	0.056	0.456	0	1	0.104	0.024	0.44	0.4	0.016	0.192	1	0.072	1	0.008	1	1	1	0.336	1	1	0	0.208	0	1	0.032	1	0.04	1	0.344	0.136	1	1	0.152	1	1	1	0.056	0.12	0	0	0	0.088	0.016	0.072	0	0.048	0.072	0.32	0.312	0.008	1	1	0.056	1	0.032	1	1	0.024	0.064	0.056	0.056
Ephydatia_muelleri	1	0	0.096	0	0.024	0.136	0.072	0	1	0.376	1	0.536	0	1	0.272	1	0	0.064	0.176	1	0.264	1	1	0.344	1	0	1	0	0.096	0.456	0.008	0.04	0	0.072	1		0.056	0.456	0	1	0.104	0.024	0.44	0.4	0.016	0.192	1	0.072	1	0.008	1	1	1	0.336	1	1	0	0.208	0	1	0.032	1	0.04	1	0.344	0.136	1	1	0.152	1	1	1	0.056	0.12	0	0	0	0.088	0.016	0.072	0	0.048	0.072	0.32	0.312	0.008	1	1	0.056	1	0.032	1	1	0.024	0.064	0.056	0.056
Euplectella_aspergillum	0.056	0	0	0	0	0.048	0	0	0.056	0.048	0.056	0.056	0	0.056	0	0.056	0	0	0.048	0.056	0	0.056	0.056	0.008	0.056	0	0.056	0	0	0.008	0	0	0	0.056	0.056	0.056		0.008	0	0.056	0	0.008	0.056	0.056	0	0.048	0.056	0	0.056	0	0.056	0.056	0.056	0.008	0.056	0.056	0	0	0	0.056	0.016	0.056	0	0.056	0.008	0	0.056	0.056	0	0.056	0.056	0.056	0	0	0	0	0	0	0	0	0	0.008	0.048	0	0	0	0.056	0.056	0.032	0.056	0	0.056	0.056	0.024	0	0	0.056
Euplokamis_dunlapae	0.456	0	0.048	0	0.024	0.04	0.024	0	0.456	0	0.456	0.336	0	0.456	0.192	0.456	0	0	0.056	0.456	0.024	0.456	0.456	0.344	0.456	0	0.456	0	0.016	0.392	0	0.032	0	0.008	0.456	0.456	0.008		0	0.456	0.04	0.008	0.104	0.208	0.016	0.008	0.456	0.016	0.456	0	0.456	0.456	0.456	0.336	0.456	0.456	0	0	0	0.456	0	0.456	0	0.456	0.216	0	0.456	0.456	0	0.456	0.456	0.456	0.04	0	0	0	0	0.04	0.008	0.008	0	0.04	0.008	0.04	0.008	0	0.456	0.456	0.024	0.456	0	0.456	0.456	0	0.024	0.016	0.008
Gorgonia_ventalina	0	0	0	0	0	0	0	0	0	0	0	0	0	0	0	0	0	0	0	0	0	0	0	0	0	0	0	0	0	0	0	0	0	0	0	0	0	0		0	0	0	0	0	0	0	0	0	0	0	0	0	0	0	0	0	0	0	0	0	0	0	0	0	0	0	0	0	0	0	0	0	0	0	0	0	0	0	0	0	0	0	0	0	0	0	0	0	0	0	0	0	0	0	0	0	0
Grantia_compressa	1	0	0.096	0	0.024	0.136	0.072	0	1	0.376	1	0.536	0	1	0.272	1	0	0.064	0.176	1	0.264	1	1	0.344	1	0	1	0	0.096	0.456	0.008	0.04	0	0.072	1	1	0.056	0.456	0		0.104	0.024	0.44	0.4	0.016	0.192	1	0.072	1	0.008	1	1	1	0.336	1	1	0	0.208	0	1	0.032	1	0.04	1	0.344	0.136	1	1	0.152	1	1	1	0.056	0.12	0	0	0	0.088	0.016	0.072	0	0.048	0.072	0.32	0.312	0.008	1	1	0.056	1	0.032	1	1	0.024	0.064	0.056	0.056
Helobdella_robusta	0.104	0	0.056	0	0.008	0.016	0.04	0	0.104	0.064	0.104	0.104	0	0.104	0.088	0.104	0	0.056	0.048	0.104	0.04	0.104	0.104	0.04	0.104	0	0.104	0	0.072	0.096	0.008	0	0	0	0.104	0.104	0	0.04	0	0.104		0.016	0.088	0.088	0.008	0.064	0.104	0.056	0.104	0.008	0.104	0.104	0.104	0.04	0.104	0.104	0	0.032	0	0.104	0	0.104	0.04	0.104	0.088	0	0.104	0.104	0.064	0.104	0.104	0.104	0.032	0.064	0	0	0	0	0.008	0.056	0	0.008	0.008	0.04	0.032	0	0.104	0.104	0.008	0.104	0.032	0.104	0.104	0	0.008	0.048	0
Homo_sapiens	0.024	0	0.016	0	0.008	0.008	0.016	0	0.024	0.016	0.024	0.024	0	0.024	0.016	0.024	0	0.008	0.016	0.024	0.016	0.024	0.024	0.008	0.024	0	0.024	0	0.016	0.016	0.008	0	0	0.008	0.024	0.024	0.008	0.008	0	0.024	0.016		0.024	0.024	0.008	0.016	0.024	0.008	0.024	0.008	0.024	0.024	0.024	0.008	0.024	0.024	0	0.008	0	0.024	0.008	0.024	0.008	0.024	0.016	0	0.024	0.024	0.008	0.024	0.024	0.024	0.008	0.008	0	0	0	0	0	0.008	0	0.008	0.016	0.016	0.008	0	0.024	0.024	0.016	0.024	0.008	0.024	0.024	0.008	0.008	0.016	0.008
Hormiphora_californensis	0.44	0	0.064	0	0.024	0.12	0.072	0	0.44	0.336	0.44	0.304	0	0.44	0.144	0.44	0	0.064	0.12	0.44	0.096	0.44	0.44	0.104	0.44	0	0.44	0	0.096	0.168	0.008	0.008	0	0.072	0.44	0.44	0.056	0.104	0	0.44	0.088	0.024		0.256	0.016	0.184	0.44	0.056	0.44	0.008	0.44	0.44	0.44	0.104	0.44	0.44	0	0.04	0	0.44	0.024	0.44	0.04	0.44	0.192	0	0.44	0.44	0.152	0.44	0.44	0.44	0.056	0.12	0	0	0	0	0.016	0.056	0	0.016	0.072	0.128	0.136	0.008	0.44	0.44	0.056	0.44	0.032	0.44	0.44	0.024	0.064	0.056	0.056
Hyalonema_populiferum	0.4	0	0.064	0	0.024	0.072	0.064	0	0.4	0.192	0.4	0.4	0	0.4	0.12	0.4	0	0.056	0.08	0.4	0.056	0.4	0.4	0.208	0.4	0	0.4	0	0.096	0.264	0.008	0.008	0	0.064	0.4	0.4	0.056	0.208	0	0.4	0.088	0.024	0.256		0.016	0.184	0.4	0.056	0.4	0.008	0.4	0.4	0.4	0.208	0.4	0.4	0	0.032	0	0.4	0.024	0.4	0.04	0.4	0.336	0	0.4	0.4	0.128	0.4	0.4	0.4	0.016	0.12	0	0	0	0	0.008	0.056	0	0.016	0.072	0.048	0.032	0.008	0.4	0.4	0.056	0.4	0.032	0.4	0.4	0.024	0.024	0.056	0.056
Hydra_magnipapillata	0.016	0	0.016	0	0.016	0	0.016	0	0.016	0	0.016	0.016	0	0.016	0.016	0.016	0	0	0	0.016	0.016	0.016	0.016	0.016	0.016	0	0.016	0	0.016	0.016	0	0	0	0	0.016	0.016	0	0.016	0	0.016	0.008	0.008	0.016	0.016		0	0.016	0	0.016	0	0.016	0.016	0.016	0.016	0.016	0.016	0	0	0	0.016	0	0.016	0	0.016	0.016	0	0.016	0.016	0	0.016	0.016	0.016	0	0	0	0	0	0	0	0	0	0	0.008	0.016	0	0	0.016	0.016	0.016	0.016	0	0.016	0.016	0	0.016	0.016	0
Hydractinia_polyclina	0.192	0	0.056	0	0	0.072	0.032	0	0.192	0.184	0.192	0.184	0	0.192	0.088	0.192	0	0.056	0.08	0.192	0.032	0.192	0.192	0.008	0.192	0	0.192	0	0.08	0.064	0.008	0.008	0	0.048	0.192	0.192	0.048	0.008	0	0.192	0.064	0.016	0.184	0.184	0		0.192	0.064	0.192	0.008	0.192	0.192	0.192	0	0.192	0.192	0	0.032	0	0.192	0.016	0.192	0.04	0.192	0.128	0	0.192	0.192	0.12	0.192	0.192	0.192	0.016	0.12	0	0	0	0.008	0	0.064	0	0.016	0.064	0.04	0.04	0	0.192	0.192	0.032	0.192	0.032	0.192	0.192	0.024	0	0.04	0.048
Ircinia_fasciculata	1	0	0.096	0	0.024	0.136	0.072	0	1	0.376	1	0.536	0	1	0.272	1	0	0.064	0.176	1	0.264	1	1	0.344	1	0	1	0	0.096	0.456	0.008	0.04	0	0.072	1	1	0.056	0.456	0	1	0.104	0.024	0.44	0.4	0.016	0.192		0.072	1	0.008	1	1	1	0.336	1	1	0	0.208	0	1	0.032	1	0.04	1	0.344	0.136	1	1	0.152	1	1	1	0.056	0.12	0	0	0	0.088	0.016	0.072	0	0.048	0.072	0.32	0.312	0.008	1	1	0.056	1	0.032	1	1	0.024	0.064	0.056	0.056
Ixodes_scapularis	0.072	0	0.064	0	0	0.016	0.032	0	0.072	0.056	0.072	0.056	0	0.072	0.072	0.072	0	0.056	0.032	0.072	0.032	0.072	0.072	0.008	0.072	0	0.072	0	0.056	0.072	0.008	0.016	0	0	0.072	0.072	0	0.016	0	0.072	0.056	0.008	0.056	0.056	0	0.064	0.072		0.072	0.008	0.072	0.072	0.072	0	0.072	0.072	0	0.032	0	0.072	0	0.072	0.04	0.072	0.056	0	0.072	0.072	0.056	0.072	0.072	0.072	0.016	0.056	0	0	0	0.016	0	0.064	0	0.024	0	0.048	0.04	0	0.072	0.072	0	0.072	0.032	0.072	0.072	0	0	0.04	0
Kirkpatrickia_variolosa	1	0	0.096	0	0.024	0.136	0.072	0	1	0.376	1	0.536	0	1	0.272	1	0	0.064	0.176	1	0.264	1	1	0.344	1	0	1	0	0.096	0.456	0.008	0.04	0	0.072	1	1	0.056	0.456	0	1	0.104	0.024	0.44	0.4	0.016	0.192	1	0.072		0.008	1	1	1	0.336	1	1	0	0.208	0	1	0.032	1	0.04	1	0.344	0.136	1	1	0.152	1	1	1	0.056	0.12	0	0	0	0.088	0.016	0.072	0	0.048	0.072	0.32	0.312	0.008	1	1	0.056	1	0.032	1	1	0.024	0.064	0.056	0.056
Lampea_pancerina	0.008	0	0.008	0	0	0	0.008	0	0.008	0.008	0.008	0.008	0	0.008	0.008	0.008	0	0.008	0.008	0.008	0.008	0.008	0.008	0	0.008	0	0.008	0	0.008	0.008	0.008	0	0	0	0.008	0.008	0	0	0	0.008	0.008	0.008	0.008	0.008	0	0.008	0.008	0.008	0.008		0.008	0.008	0.008	0	0.008	0.008	0	0.008	0	0.008	0	0.008	0.008	0.008	0.008	0	0.008	0.008	0.008	0.008	0.008	0.008	0.008	0.008	0	0	0	0	0	0.008	0	0.008	0	0.008	0.008	0	0.008	0.008	0	0.008	0.008	0.008	0.008	0	0	0.008	0
Latrunculia_apicalis	1	0	0.096	0	0.024	0.136	0.072	0	1	0.376	1	0.536	0	1	0.272	1	0	0.064	0.176	1	0.264	1	1	0.344	1	0	1	0	0.096	0.456	0.008	0.04	0	0.072	1	1	0.056	0.456	0	1	0.104	0.024	0.44	0.4	0.016	0.192	1	0.072	1	0.008		1	1	0.336	1	1	0	0.208	0	1	0.032	1	0.04	1	0.344	0.136	1	1	0.152	1	1	1	0.056	0.12	0	0	0	0.088	0.016	0.072	0	0.048	0.072	0.32	0.312	0.008	1	1	0.056	1	0.032	1	1	0.024	0.064	0.056	0.056
Leuconia_nivea	1	0	0.096	0	0.024	0.136	0.072	0	1	0.376	1	0.536	0	1	0.272	1	0	0.064	0.176	1	0.264	1	1	0.344	1	0	1	0	0.096	0.456	0.008	0.04	0	0.072	1	1	0.056	0.456	0	1	0.104	0.024	0.44	0.4	0.016	0.192	1	0.072	1	0.008	1		1	0.336	1	1	0	0.208	0	1	0.032	1	0.04	1	0.344	0.136	1	1	0.152	1	1	1	0.056	0.12	0	0	0	0.088	0.016	0.072	0	0.048	0.072	0.32	0.312	0.008	1	1	0.056	1	0.032	1	1	0.024	0.064	0.056	0.056
Leucosolenia_complicata	1	0	0.096	0	0.024	0.136	0.072	0	1	0.376	1	0.536	0	1	0.272	1	0	0.064	0.176	1	0.264	1	1	0.344	1	0	1	0	0.096	0.456	0.008	0.04	0	0.072	1	1	0.056	0.456	0	1	0.104	0.024	0.44	0.4	0.016	0.192	1	0.072	1	0.008	1	1		0.336	1	1	0	0.208	0	1	0.032	1	0.04	1	0.344	0.136	1	1	0.152	1	1	1	0.056	0.12	0	0	0	0.088	0.016	0.072	0	0.048	0.072	0.32	0.312	0.008	1	1	0.056	1	0.032	1	1	0.024	0.064	0.056	0.056
Liriope_tetraphylla	0.336	0	0.016	0	0.024	0.024	0.024	0	0.336	0	0.336	0.336	0	0.336	0.168	0.336	0	0	0.056	0.336	0.024	0.336	0.336	0.336	0.336	0	0.336	0	0.016	0.336	0	0	0	0.008	0.336	0.336	0.008	0.336	0	0.336	0.04	0.008	0.104	0.208	0.016	0	0.336	0	0.336	0	0.336	0.336	0.336		0.336	0.336	0	0	0	0.336	0	0.336	0	0.336	0.216	0	0.336	0.336	0	0.336	0.336	0.336	0.04	0	0	0	0	0	0.008	0	0	0.008	0.008	0.016	0	0	0.336	0.336	0.024	0.336	0	0.336	0.336	0	0.024	0.016	0.008
Lucernariopsis_campanulata	1	0	0.096	0	0.024	0.136	0.072	0	1	0.376	1	0.536	0	1	0.272	1	0	0.064	0.176	1	0.264	1	1	0.344	1	0	1	0	0.096	0.456	0.008	0.04	0	0.072	1	1	0.056	0.456	0	1	0.104	0.024	0.44	0.4	0.016	0.192	1	0.072	1	0.008	1	1	1	0.336		1	0	0.208	0	1	0.032	1	0.04	1	0.344	0.136	1	1	0.152	1	1	1	0.056	0.12	0	0	0	0.088	0.016	0.072	0	0.048	0.072	0.32	0.312	0.008	1	1	0.056	1	0.032	1	1	0.024	0.064	0.056	0.056
Ministeria_vibrans	1	0	0.096	0	0.024	0.136	0.072	0	1	0.376	1	0.536	0	1	0.272	1	0	0.064	0.176	1	0.264	1	1	0.344	1	0	1	0	0.096	0.456	0.008	0.04	0	0.072	1	1	0.056	0.456	0	1	0.104	0.024	0.44	0.4	0.016	0.192	1	0.072	1	0.008	1	1	1	0.336	1		0	0.208	0	1	0.032	1	0.04	1	0.344	0.136	1	1	0.152	1	1	1	0.056	0.12	0	0	0	0.088	0.016	0.072	0	0.048	0.072	0.32	0.312	0.008	1	1	0.056	1	0.032	1	1	0.024	0.064	0.056	0.056
Mnemiopsis_leidyi	0	0	0	0	0	0	0	0	0	0	0	0	0	0	0	0	0	0	0	0	0	0	0	0	0	0	0	0	0	0	0	0	0	0	0	0	0	0	0	0	0	0	0	0	0	0	0	0	0	0	0	0	0	0	0	0		0	0	0	0	0	0	0	0	0	0	0	0	0	0	0	0	0	0	0	0	0	0	0	0	0	0	0	0	0	0	0	0	0	0	0	0	0	0	0	0
Monosiga_brevicollis_mx1	0.208	0	0.032	0	0	0	0.032	0	0.208	0.08	0.208	0.032	0	0.208	0.032	0.208	0	0.032	0.04	0.208	0.208	0.208	0.208	0	0.208	0	0.208	0	0.032	0.032	0.008	0	0	0	0.208	0.208	0	0	0	0.208	0.032	0.008	0.04	0.032	0	0.032	0.208	0.032	0.208	0.008	0.208	0.208	0.208	0	0.208	0.208	0		0	0.208	0.008	0.208	0.032	0.208	0.032	0.136	0.208	0.208	0.032	0.208	0.208	0.208	0.016	0.032	0	0	0	0.008	0	0.04	0	0.008	0	0.208	0.208	0	0.208	0.208	0	0.208	0.032	0.208	0.208	0	0.008	0.032	0
Montastraea_faveolata	0	0	0	0	0	0	0	0	0	0	0	0	0	0	0	0	0	0	0	0	0	0	0	0	0	0	0	0	0	0	0	0	0	0	0	0	0	0	0	0	0	0	0	0	0	0	0	0	0	0	0	0	0	0	0	0	0	0		0	0	0	0	0	0	0	0	0	0	0	0	0	0	0	0	0	0	0	0	0	0	0	0	0	0	0	0	0	0	0	0	0	0	0	0	0	0
Mycale_phyllophila	1	0	0.096	0	0.024	0.136	0.072	0	1	0.376	1	0.536	0	1	0.272	1	0	0.064	0.176	1	0.264	1	1	0.344	1	0	1	0	0.096	0.456	0.008	0.04	0	0.072	1	1	0.056	0.456	0	1	0.104	0.024	0.44	0.4	0.016	0.192	1	0.072	1	0.008	1	1	1	0.336	1	1	0	0.208	0		0.032	1	0.04	1	0.344	0.136	1	1	0.152	1	1	1	0.056	0.12	0	0	0	0.088	0.016	0.072	0	0.048	0.072	0.32	0.312	0.008	1	1	0.056	1	0.032	1	1	0.024	0.064	0.056	0.056
Mylnosiga_fluctuans_19	0.032	0	0	0	0	0.024	0.008	0	0.032	0.024	0.032	0.024	0	0.032	0	0.032	0	0	0.024	0.032	0.008	0.032	0.032	0	0.032	0	0.032	0	0	0	0	0.008	0	0.024	0.032	0.032	0.016	0	0	0.032	0	0.008	0.024	0.024	0	0.016	0.032	0	0.032	0	0.032	0.032	0.032	0	0.032	0.032	0	0.008	0	0.032		0.032	0	0.032	0	0.008	0.032	0.032	0.008	0.032	0.032	0.032	0	0	0	0	0	0.008	0.008	0.008	0	0	0.016	0.008	0.008	0.008	0.032	0.032	0.016	0.032	0	0.032	0.032	0.016	0	0	0.016
Nanomia_bijuga	1	0	0.096	0	0.024	0.136	0.072	0	1	0.376	1	0.536	0	1	0.272	1	0	0.064	0.176	1	0.264	1	1	0.344	1	0	1	0	0.096	0.456	0.008	0.04	0	0.072	1	1	0.056	0.456	0	1	0.104	0.024	0.44	0.4	0.016	0.192	1	0.072	1	0.008	1	1	1	0.336	1	1	0	0.208	0	1	0.032		0.04	1	0.344	0.136	1	1	0.152	1	1	1	0.056	0.12	0	0	0	0.088	0.016	0.072	0	0.048	0.072	0.32	0.312	0.008	1	1	0.056	1	0.032	1	1	0.024	0.064	0.056	0.056
Nematostella_vectensis	0.04	0	0.04	0	0	0	0.032	0	0.04	0.04	0.04	0.04	0	0.04	0.04	0.04	0	0.04	0.032	0.04	0.032	0.04	0.04	0	0.04	0	0.04	0	0.04	0.04	0.008	0	0	0	0.04	0.04	0	0	0	0.04	0.04	0.008	0.04	0.04	0	0.04	0.04	0.04	0.04	0.008	0.04	0.04	0.04	0	0.04	0.04	0	0.032	0	0.04	0	0.04		0.04	0.04	0	0.04	0.04	0.04	0.04	0.04	0.04	0.016	0.04	0	0	0	0	0	0.04	0	0.008	0	0.032	0.032	0	0.04	0.04	0	0.04	0.032	0.04	0.04	0	0	0.04	0
Oscarella_carmela	1	0	0.096	0	0.024	0.136	0.072	0	1	0.376	1	0.536	0	1	0.272	1	0	0.064	0.176	1	0.264	1	1	0.344	1	0	1	0	0.096	0.456	0.008	0.04	0	0.072	1	1	0.056	0.456	0	1	0.104	0.024	0.44	0.4	0.016	0.192	1	0.072	1	0.008	1	1	1	0.336	1	1	0	0.208	0	1	0.032	1	0.04		0.344	0.136	1	1	0.152	1	1	1	0.056	0.12	0	0	0	0.088	0.016	0.072	0	0.048	0.072	0.32	0.312	0.008	1	1	0.056	1	0.032	1	1	0.024	0.064	0.056	0.056
Oscarella_species	0.344	0	0.064	0	0.024	0.008	0.056	0	0.344	0.128	0.344	0.344	0	0.344	0.128	0.344	0	0.056	0.032	0.344	0.056	0.344	0.344	0.216	0.344	0	0.344	0	0.096	0.272	0.008	0	0	0.008	0.344	0.344	0.008	0.216	0	0.344	0.088	0.016	0.192	0.336	0.016	0.128	0.344	0.056	0.344	0.008	0.344	0.344	0.344	0.216	0.344	0.344	0	0.032	0	0.344	0	0.344	0.04	0.344		0	0.344	0.344	0.12	0.344	0.344	0.344	0.016	0.12	0	0	0	0	0	0.056	0	0.016	0.016	0.048	0.032	0	0.344	0.344	0.024	0.344	0.032	0.344	0.344	0	0.024	0.056	0.008
Pelagia_noctiluca	0.136	0	0	0	0	0	0	0	0.136	0.008	0.136	0	0	0.136	0	0.136	0	0	0.008	0.136	0.136	0.136	0.136	0	0.136	0	0.136	0	0	0	0	0	0	0	0.136	0.136	0	0	0	0.136	0	0	0	0	0	0	0.136	0	0.136	0	0.136	0.136	0.136	0	0.136	0.136	0	0.136	0	0.136	0.008	0.136	0	0.136	0		0.136	0.136	0	0.136	0.136	0.136	0	0	0	0	0	0.008	0	0.008	0	0	0	0.136	0.136	0	0.136	0.136	0	0.136	0	0.136	0.136	0	0	0	0
Pennatula_rubra	1	0	0.096	0	0.024	0.136	0.072	0	1	0.376	1	0.536	0	1	0.272	1	0	0.064	0.176	1	0.264	1	1	0.344	1	0	1	0	0.096	0.456	0.008	0.04	0	0.072	1	1	0.056	0.456	0	1	0.104	0.024	0.44	0.4	0.016	0.192	1	0.072	1	0.008	1	1	1	0.336	1	1	0	0.208	0	1	0.032	1	0.04	1	0.344	0.136		1	0.152	1	1	1	0.056	0.12	0	0	0	0.088	0.016	0.072	0	0.048	0.072	0.32	0.312	0.008	1	1	0.056	1	0.032	1	1	0.024	0.064	0.056	0.056
Periphylla_periphylla	1	0	0.096	0	0.024	0.136	0.072	0	1	0.376	1	0.536	0	1	0.272	1	0	0.064	0.176	1	0.264	1	1	0.344	1	0	1	0	0.096	0.456	0.008	0.04	0	0.072	1	1	0.056	0.456	0	1	0.104	0.024	0.44	0.4	0.016	0.192	1	0.072	1	0.008	1	1	1	0.336	1	1	0	0.208	0	1	0.032	1	0.04	1	0.344	0.136	1		0.152	1	1	1	0.056	0.12	0	0	0	0.088	0.016	0.072	0	0.048	0.072	0.32	0.312	0.008	1	1	0.056	1	0.032	1	1	0.024	0.064	0.056	0.056
Petrosia_ficiformis	0.152	0	0.048	0	0	0.032	0.048	0	0.152	0.152	0.152	0.136	0	0.152	0.08	0.152	0	0.064	0.032	0.152	0.032	0.152	0.152	0	0.152	0	0.152	0	0.08	0.064	0.008	0.008	0	0.016	0.152	0.152	0	0	0	0.152	0.064	0.008	0.152	0.128	0	0.12	0.152	0.056	0.152	0.008	0.152	0.152	0.152	0	0.152	0.152	0	0.032	0	0.152	0.008	0.152	0.04	0.152	0.12	0	0.152	0.152		0.152	0.152	0.152	0.016	0.12	0	0	0	0	0.008	0.056	0	0.008	0	0.032	0.032	0.008	0.152	0.152	0	0.152	0.032	0.152	0.152	0	0	0.04	0
Pirum_gemmata	1	0	0.096	0	0.024	0.136	0.072	0	1	0.376	1	0.536	0	1	0.272	1	0	0.064	0.176	1	0.264	1	1	0.344	1	0	1	0	0.096	0.456	0.008	0.04	0	0.072	1	1	0.056	0.456	0	1	0.104	0.024	0.44	0.4	0.016	0.192	1	0.072	1	0.008	1	1	1	0.336	1	1	0	0.208	0	1	0.032	1	0.04	1	0.344	0.136	1	1	0.152		1	1	0.056	0.12	0	0	0	0.088	0.016	0.072	0	0.048	0.072	0.32	0.312	0.008	1	1	0.056	1	0.032	1	1	0.024	0.064	0.056	0.056
Plakina_jani	1	0	0.096	0	0.024	0.136	0.072	0	1	0.376	1	0.536	0	1	0.272	1	0	0.064	0.176	1	0.264	1	1	0.344	1	0	1	0	0.096	0.456	0.008	0.04	0	0.072	1	1	0.056	0.456	0	1	0.104	0.024	0.44	0.4	0.016	0.192	1	0.072	1	0.008	1	1	1	0.336	1	1	0	0.208	0	1	0.032	1	0.04	1	0.344	0.136	1	1	0.152	1		1	0.056	0.12	0	0	0	0.088	0.016	0.072	0	0.048	0.072	0.32	0.312	0.008	1	1	0.056	1	0.032	1	1	0.024	0.064	0.056	0.056
Pleraplysilla_spinifera	1	0	0.096	0	0.024	0.136	0.072	0	1	0.376	1	0.536	0	1	0.272	1	0	0.064	0.176	1	0.264	1	1	0.344	1	0	1	0	0.096	0.456	0.008	0.04	0	0.072	1	1	0.056	0.456	0	1	0.104	0.024	0.44	0.4	0.016	0.192	1	0.072	1	0.008	1	1	1	0.336	1	1	0	0.208	0	1	0.032	1	0.04	1	0.344	0.136	1	1	0.152	1	1		0.056	0.12	0	0	0	0.088	0.016	0.072	0	0.048	0.072	0.32	0.312	0.008	1	1	0.056	1	0.032	1	1	0.024	0.064	0.056	0.056
Pleurobrachia_species	0.056	0	0.016	0	0	0.024	0.016	0	0.056	0.016	0.056	0.056	0	0.056	0.056	0.056	0	0.016	0.056	0.056	0.016	0.056	0.056	0.04	0.056	0	0.056	0	0.016	0.056	0.008	0	0	0	0.056	0.056	0	0.04	0	0.056	0.032	0.008	0.056	0.016	0	0.016	0.056	0.016	0.056	0.008	0.056	0.056	0.056	0.04	0.056	0.056	0	0.016	0	0.056	0	0.056	0.016	0.056	0.016	0	0.056	0.056	0.016	0.056	0.056	0.056		0.016	0	0	0	0	0.008	0.016	0	0.008	0	0.016	0.016	0	0.056	0.056	0	0.056	0.016	0.056	0.056	0	0	0.016	0
Plumapathes_pennacea	0.12	0	0.048	0	0	0	0.032	0	0.12	0.12	0.12	0.12	0	0.12	0.08	0.12	0	0.056	0.032	0.12	0.032	0.12	0.12	0	0.12	0	0.12	0	0.08	0.056	0.008	0	0	0	0.12	0.12	0	0	0	0.12	0.064	0.008	0.12	0.12	0	0.12	0.12	0.056	0.12	0.008	0.12	0.12	0.12	0	0.12	0.12	0	0.032	0	0.12	0	0.12	0.04	0.12	0.12	0	0.12	0.12	0.12	0.12	0.12	0.12	0.016		0	0	0	0	0	0.056	0	0.008	0	0.032	0.032	0	0.12	0.12	0	0.12	0.032	0.12	0.12	0	0	0.04	0
Porites_australiensis	0	0	0	0	0	0	0	0	0	0	0	0	0	0	0	0	0	0	0	0	0	0	0	0	0	0	0	0	0	0	0	0	0	0	0	0	0	0	0	0	0	0	0	0	0	0	0	0	0	0	0	0	0	0	0	0	0	0	0	0	0	0	0	0	0	0	0	0	0	0	0	0	0	0		0	0	0	0	0	0	0	0	0	0	0	0	0	0	0	0	0	0	0	0	0	0
Rossella_fibulata	0	0	0	0	0	0	0	0	0	0	0	0	0	0	0	0	0	0	0	0	0	0	0	0	0	0	0	0	0	0	0	0	0	0	0	0	0	0	0	0	0	0	0	0	0	0	0	0	0	0	0	0	0	0	0	0	0	0	0	0	0	0	0	0	0	0	0	0	0	0	0	0	0	0	0		0	0	0	0	0	0	0	0	0	0	0	0	0	0	0	0	0	0	0	0	0
Saccoglossus_kowalevskii	0	0	0	0	0	0	0	0	0	0	0	0	0	0	0	0	0	0	0	0	0	0	0	0	0	0	0	0	0	0	0	0	0	0	0	0	0	0	0	0	0	0	0	0	0	0	0	0	0	0	0	0	0	0	0	0	0	0	0	0	0	0	0	0	0	0	0	0	0	0	0	0	0	0	0	0		0	0	0	0	0	0	0	0	0	0	0	0	0	0	0	0	0	0	0	0
Salpingoeca_dolichothecata_16	0.088	0	0.032	0	0	0.016	0	0	0.088	0	0.088	0	0	0.088	0.016	0.088	0	0	0.04	0.088	0.008	0.088	0.088	0.008	0.088	0	0.088	0	0	0.024	0	0.032	0	0	0.088	0.088	0	0.04	0	0.088	0	0	0	0	0	0.008	0.088	0.016	0.088	0	0.088	0.088	0.088	0	0.088	0.088	0	0.008	0	0.088	0.008	0.088	0	0.088	0	0.008	0.088	0.088	0	0.088	0.088	0.088	0	0	0	0	0		0	0.016	0	0.032	0	0.032	0.016	0	0.088	0.088	0	0.088	0	0.088	0.088	0	0	0	0
Salpingoeca_helianthica_18	0.016	0	0	0	0	0.016	0.008	0	0.016	0.008	0.016	0.016	0	0.016	0.008	0.016	0	0	0.008	0.016	0	0.016	0.016	0.008	0.016	0	0.016	0	0	0.008	0	0.008	0	0.008	0.016	0.016	0	0.008	0	0.016	0.008	0	0.016	0.008	0	0	0.016	0	0.016	0	0.016	0.016	0.016	0.008	0.016	0.016	0	0	0	0.016	0.008	0.016	0	0.016	0	0	0.016	0.016	0.008	0.016	0.016	0.016	0.008	0	0	0	0	0		0	0	0	0	0	0	0.008	0.016	0.016	0	0.016	0	0.016	0.016	0	0	0	0
Salpingoeca_infusionum_12	0.072	0	0.056	0	0	0.008	0.032	0	0.072	0.056	0.072	0.056	0	0.072	0.064	0.072	0	0.056	0.04	0.072	0.04	0.072	0.072	0.008	0.072	0	0.072	0	0.056	0.064	0.008	0.008	0	0	0.072	0.072	0	0.008	0	0.072	0.056	0.008	0.056	0.056	0	0.064	0.072	0.064	0.072	0.008	0.072	0.072	0.072	0	0.072	0.072	0	0.04	0	0.072	0.008	0.072	0.04	0.072	0.056	0.008	0.072	0.072	0.056	0.072	0.072	0.072	0.016	0.056	0	0	0	0.016	0		0	0.016	0	0.048	0.048	0	0.072	0.072	0	0.072	0.032	0.072	0.072	0	0	0.04	0
Salpingoeca_macrocollata_06	0	0	0	0	0	0	0	0	0	0	0	0	0	0	0	0	0	0	0	0	0	0	0	0	0	0	0	0	0	0	0	0	0	0	0	0	0	0	0	0	0	0	0	0	0	0	0	0	0	0	0	0	0	0	0	0	0	0	0	0	0	0	0	0	0	0	0	0	0	0	0	0	0	0	0	0	0	0	0	0		0	0	0	0	0	0	0	0	0	0	0	0	0	0	0	0
Salpingoeca_punica_03	0.048	0	0.032	0	0	0.016	0.008	0	0.048	0.008	0.048	0.016	0	0.048	0.024	0.048	0	0.008	0.008	0.048	0.008	0.048	0.048	0.016	0.048	0	0.048	0	0.008	0.04	0.008	0.024	0	0.008	0.048	0.048	0.008	0.04	0	0.048	0.008	0.008	0.016	0.016	0	0.016	0.048	0.024	0.048	0.008	0.048	0.048	0.048	0.008	0.048	0.048	0	0.008	0	0.048	0	0.048	0.008	0.048	0.016	0	0.048	0.048	0.008	0.048	0.048	0.048	0.008	0.008	0	0	0	0.032	0	0.016	0		0	0.032	0.016	0	0.048	0.048	0	0.048	0.008	0.048	0.048	0	0	0.008	0.008
Salpingoeca_qvevrii_09	0.072	0	0.008	0	0.008	0.064	0.008	0	0.072	0.064	0.072	0.072	0	0.072	0.008	0.072	0	0	0.048	0.072	0.008	0.072	0.072	0.008	0.072	0	0.072	0	0.008	0.008	0	0	0	0.048	0.072	0.072	0.048	0.008	0	0.072	0.008	0.016	0.072	0.072	0.008	0.064	0.072	0	0.072	0	0.072	0.072	0.072	0.008	0.072	0.072	0	0	0	0.072	0.016	0.072	0	0.072	0.016	0	0.072	0.072	0	0.072	0.072	0.072	0	0	0	0	0	0	0	0	0	0		0.008	0	0	0.072	0.072	0.04	0.072	0	0.072	0.072	0.024	0.008	0.008	0.048
Salpingoeca_roanoka_13	0.32	0	0.072	0	0.016	0.016	0.048	0	0.32	0.152	0.32	0.048	0	0.32	0.064	0.32	0	0.032	0.04	0.32	0.256	0.32	0.32	0.024	0.32	0	0.32	0	0.048	0.072	0.008	0.024	0	0	0.32	0.32	0	0.04	0	0.32	0.04	0.016	0.128	0.048	0.016	0.04	0.32	0.048	0.32	0.008	0.32	0.32	0.32	0.016	0.32	0.32	0	0.208	0	0.32	0.008	0.32	0.032	0.32	0.048	0.136	0.32	0.32	0.032	0.32	0.32	0.32	0.016	0.032	0	0	0	0.032	0	0.048	0	0.032	0.008		0.288	0	0.32	0.32	0.016	0.32	0.032	0.32	0.32	0	0.056	0.048	0
Salpingoeca_rosetta	0.312	0	0.04	0	0	0.008	0.032	0	0.312	0.176	0.312	0.032	0	0.312	0.04	0.312	0	0.032	0.04	0.312	0.24	0.312	0.312	0.008	0.312	0	0.312	0	0.032	0.04	0.008	0.008	0	0	0.312	0.312	0	0.008	0	0.312	0.032	0.008	0.136	0.032	0	0.04	0.312	0.04	0.312	0.008	0.312	0.312	0.312	0	0.312	0.312	0	0.208	0	0.312	0.008	0.312	0.032	0.312	0.032	0.136	0.312	0.312	0.032	0.312	0.312	0.312	0.016	0.032	0	0	0	0.016	0	0.048	0	0.016	0	0.288		0	0.312	0.312	0	0.312	0.032	0.312	0.312	0	0.04	0.032	0
Salpingoeca_urceolata_04	0.008	0	0	0	0	0.008	0.008	0	0.008	0.008	0.008	0.008	0	0.008	0	0.008	0	0	0	0.008	0	0.008	0.008	0	0.008	0	0.008	0	0	0	0	0.008	0	0.008	0.008	0.008	0	0	0	0.008	0	0	0.008	0.008	0	0	0.008	0	0.008	0	0.008	0.008	0.008	0	0.008	0.008	0	0	0	0.008	0.008	0.008	0	0.008	0	0	0.008	0.008	0.008	0.008	0.008	0.008	0	0	0	0	0	0	0.008	0	0	0	0	0	0		0.008	0.008	0	0.008	0	0.008	0.008	0	0	0	0
Sphaeroforma_arctica_JP610	1	0	0.096	0	0.024	0.136	0.072	0	1	0.376	1	0.536	0	1	0.272	1	0	0.064	0.176	1	0.264	1	1	0.344	1	0	1	0	0.096	0.456	0.008	0.04	0	0.072	1	1	0.056	0.456	0	1	0.104	0.024	0.44	0.4	0.016	0.192	1	0.072	1	0.008	1	1	1	0.336	1	1	0	0.208	0	1	0.032	1	0.04	1	0.344	0.136	1	1	0.152	1	1	1	0.056	0.12	0	0	0	0.088	0.016	0.072	0	0.048	0.072	0.32	0.312	0.008		1	0.056	1	0.032	1	1	0.024	0.064	0.056	0.056
Spongilla_lacustris	1	0	0.096	0	0.024	0.136	0.072	0	1	0.376	1	0.536	0	1	0.272	1	0	0.064	0.176	1	0.264	1	1	0.344	1	0	1	0	0.096	0.456	0.008	0.04	0	0.072	1	1	0.056	0.456	0	1	0.104	0.024	0.44	0.4	0.016	0.192	1	0.072	1	0.008	1	1	1	0.336	1	1	0	0.208	0	1	0.032	1	0.04	1	0.344	0.136	1	1	0.152	1	1	1	0.056	0.12	0	0	0	0.088	0.016	0.072	0	0.048	0.072	0.32	0.312	0.008	1		0.056	1	0.032	1	1	0.024	0.064	0.056	0.056
Stephanoeca_diplocostata_AUFR	0.056	0	0.016	0	0.024	0.032	0.024	0	0.056	0.032	0.056	0.056	0	0.056	0.024	0.056	0	0	0.032	0.056	0.024	0.056	0.056	0.024	0.056	0	0.056	0	0.016	0.024	0	0	0	0.032	0.056	0.056	0.032	0.024	0	0.056	0.008	0.016	0.056	0.056	0.016	0.032	0.056	0	0.056	0	0.056	0.056	0.056	0.024	0.056	0.056	0	0	0	0.056	0.016	0.056	0	0.056	0.024	0	0.056	0.056	0	0.056	0.056	0.056	0	0	0	0	0	0	0	0	0	0	0.04	0.016	0	0	0.056	0.056		0.056	0	0.056	0.056	0.024	0.024	0.016	0.032
Stomolophus_meleagris	1	0	0.096	0	0.024	0.136	0.072	0	1	0.376	1	0.536	0	1	0.272	1	0	0.064	0.176	1	0.264	1	1	0.344	1	0	1	0	0.096	0.456	0.008	0.04	0	0.072	1	1	0.056	0.456	0	1	0.104	0.024	0.44	0.4	0.016	0.192	1	0.072	1	0.008	1	1	1	0.336	1	1	0	0.208	0	1	0.032	1	0.04	1	0.344	0.136	1	1	0.152	1	1	1	0.056	0.12	0	0	0	0.088	0.016	0.072	0	0.048	0.072	0.32	0.312	0.008	1	1	0.056		0.032	1	1	0.024	0.064	0.056	0.056
Strongylocentrotus_purpuratus	0.032	0	0.032	0	0	0	0.032	0	0.032	0.032	0.032	0.032	0	0.032	0.032	0.032	0	0.032	0.032	0.032	0.032	0.032	0.032	0	0.032	0	0.032	0	0.032	0.032	0.008	0	0	0	0.032	0.032	0	0	0	0.032	0.032	0.008	0.032	0.032	0	0.032	0.032	0.032	0.032	0.008	0.032	0.032	0.032	0	0.032	0.032	0	0.032	0	0.032	0	0.032	0.032	0.032	0.032	0	0.032	0.032	0.032	0.032	0.032	0.032	0.016	0.032	0	0	0	0	0	0.032	0	0.008	0	0.032	0.032	0	0.032	0.032	0	0.032		0.032	0.032	0	0	0.032	0
Sycon_ciliatum	1	0	0.096	0	0.024	0.136	0.072	0	1	0.376	1	0.536	0	1	0.272	1	0	0.064	0.176	1	0.264	1	1	0.344	1	0	1	0	0.096	0.456	0.008	0.04	0	0.072	1	1	0.056	0.456	0	1	0.104	0.024	0.44	0.4	0.016	0.192	1	0.072	1	0.008	1	1	1	0.336	1	1	0	0.208	0	1	0.032	1	0.04	1	0.344	0.136	1	1	0.152	1	1	1	0.056	0.12	0	0	0	0.088	0.016	0.072	0	0.048	0.072	0.32	0.312	0.008	1	1	0.056	1	0.032		1	0.024	0.064	0.056	0.056
Sycon_coactum	1	0	0.096	0	0.024	0.136	0.072	0	1	0.376	1	0.536	0	1	0.272	1	0	0.064	0.176	1	0.264	1	1	0.344	1	0	1	0	0.096	0.456	0.008	0.04	0	0.072	1	1	0.056	0.456	0	1	0.104	0.024	0.44	0.4	0.016	0.192	1	0.072	1	0.008	1	1	1	0.336	1	1	0	0.208	0	1	0.032	1	0.04	1	0.344	0.136	1	1	0.152	1	1	1	0.056	0.12	0	0	0	0.088	0.016	0.072	0	0.048	0.072	0.32	0.312	0.008	1	1	0.056	1	0.032	1		0.024	0.064	0.056	0.056
Sympagella_nux	0.024	0	0	0	0	0.024	0	0	0.024	0.024	0.024	0.024	0	0.024	0	0.024	0	0	0.024	0.024	0	0.024	0.024	0	0.024	0	0.024	0	0	0	0	0	0	0.024	0.024	0.024	0.024	0	0	0.024	0	0.008	0.024	0.024	0	0.024	0.024	0	0.024	0	0.024	0.024	0.024	0	0.024	0.024	0	0	0	0.024	0.016	0.024	0	0.024	0	0	0.024	0.024	0	0.024	0.024	0.024	0	0	0	0	0	0	0	0	0	0	0.024	0	0	0	0.024	0.024	0.024	0.024	0	0.024	0.024		0	0	0.024
Tribolium_castaneum	0.064	0	0.016	0	0.024	0	0.024	0	0.064	0.04	0.064	0.024	0	0.064	0.024	0.064	0	0	0	0.064	0.064	0.064	0.064	0.024	0.064	0	0.064	0	0.016	0.024	0	0	0	0	0.064	0.064	0	0.024	0	0.064	0.008	0.008	0.064	0.024	0.016	0	0.064	0	0.064	0	0.064	0.064	0.064	0.024	0.064	0.064	0	0.008	0	0.064	0	0.064	0	0.064	0.024	0	0.064	0.064	0	0.064	0.064	0.064	0	0	0	0	0	0	0	0	0	0	0.008	0.056	0.04	0	0.064	0.064	0.024	0.064	0	0.064	0.064	0		0.016	0
Trichoplax_adhaerens	0.056	0	0.056	0	0.016	0	0.048	0	0.056	0.04	0.056	0.056	0	0.056	0.056	0.056	0	0.04	0.032	0.056	0.048	0.056	0.056	0.016	0.056	0	0.056	0	0.056	0.056	0.008	0	0	0	0.056	0.056	0	0.016	0	0.056	0.048	0.016	0.056	0.056	0.016	0.04	0.056	0.04	0.056	0.008	0.056	0.056	0.056	0.016	0.056	0.056	0	0.032	0	0.056	0	0.056	0.04	0.056	0.056	0	0.056	0.056	0.04	0.056	0.056	0.056	0.016	0.04	0	0	0	0	0	0.04	0	0.008	0.008	0.048	0.032	0	0.056	0.056	0.016	0.056	0.032	0.056	0.056	0	0.016		0
Vallicula_multiformis	0.056	0	0	0	0	0.048	0	0	0.056	0.048	0.056	0.056	0	0.056	0	0.056	0	0	0.048	0.056	0	0.056	0.056	0.008	0.056	0	0.056	0	0	0.008	0	0	0	0.056	0.056	0.056	0.056	0.008	0	0.056	0	0.008	0.056	0.056	0	0.048	0.056	0	0.056	0	0.056	0.056	0.056	0.008	0.056	0.056	0	0	0	0.056	0.016	0.056	0	0.056	0.008	0	0.056	0.056	0	0.056	0.056	0.056	0	0	0	0	0	0	0	0	0	0.008	0.048	0	0	0	0.056	0.056	0.032	0.056	0	0.056	0.056	0.024	0	0	
