	Abeoforma_whisleri	Acanthoeca_sp_10tr	Acanthoeca_spectabilis_VA_02	Aiptasia_pallida	Alatina_alata	Amoebidium_parasiticum_JAP72	Amphimedon_queenslandica	Antipathes_caribbeana	Aphrocallistes_vastus	Aplysia_californica	Atolla_vanhoeffeni	Aurelia_aurita	Beroe_abyssicola	Beroe_sp	Bolinopsis_infundibulum	Bolocera_tuedia	Branchiostoma_floridae	Capitella_teleta	Capsaspora_owczarzaki_atcc30864	Cestum_veneris	Choanoeca_perplexa_11	Chondrilla_nucula	Clathrina_coriacea	Clytia_hemisphaerica	Codosiga_hollandica_17	Coeloplana_species	Corticium_candelabrum	Craspedacusta_sowerbyi	Crassostrea_gigas	Creolimax_fragrantissima	Daphnia_pulex	Diaphanoeca_grandis_RI_01	Didymoeca_costata_10	Dryodora_glandiformis	Edwardsiella_lineata	Ephydatia_muelleri	Euplectella_aspergillum	Euplokamis_dunlapae	Gorgonia_ventalina	Grantia_compressa	Helobdella_robusta	Homo_sapiens	Hormiphora_californensis	Hyalonema_populiferum	Hydra_magnipapillata	Hydractinia_polyclina	Ircinia_fasciculata	Ixodes_scapularis	Kirkpatrickia_variolosa	Lampea_pancerina	Latrunculia_apicalis	Leuconia_nivea	Leucosolenia_complicata	Liriope_tetraphylla	Lucernariopsis_campanulata	Ministeria_vibrans	Mnemiopsis_leidyi	Monosiga_brevicollis_mx1	Montastraea_faveolata	Mycale_phyllophila	Mylnosiga_fluctuans_19	Nanomia_bijuga	Nematostella_vectensis	Oscarella_carmela	Oscarella_species	Pelagia_noctiluca	Pennatula_rubra	Periphylla_periphylla	Petrosia_ficiformis	Pirum_gemmata	Plakina_jani	Pleraplysilla_spinifera	Pleurobrachia_species	Plumapathes_pennacea	Porites_australiensis	Rossella_fibulata	Saccoglossus_kowalevskii	Salpingoeca_dolichothecata_16	Salpingoeca_helianthica_18	Salpingoeca_infusionum_12	Salpingoeca_macrocollata_06	Salpingoeca_punica_03	Salpingoeca_qvevrii_09	Salpingoeca_roanoka_13	Salpingoeca_rosetta	Salpingoeca_urceolata_04	Sphaeroforma_arctica_JP610	Spongilla_lacustris	Stephanoeca_diplocostata_AUFR	Stomolophus_meleagris	Strongylocentrotus_purpuratus	Sycon_ciliatum	Sycon_coactum	Sympagella_nux	Tribolium_castaneum	Trichoplax_adhaerens	Vallicula_multiformis
Abeoforma_whisleri		0	0	0	0	0	0	0	0	0	0	0	0	0	0	0	0	0	0	0	0	0	0	0	0	0	0	0	0	0	0	0	0	0	0	0	0	0	0	0	0	0	0	0	0	0	0	0	0	0	0	0	0	0	0	0	0	0	0	0	0	0	0	0	0	0	0	0	0	0	0	0	0	0	0	0	0	0	0	0	0	0	0	0	0	0	0	0	0	0	0	0	0	0	0	0	0
Acanthoeca_sp_10tr	0		0.775	0.825	0.775	0	0.815	0.815	0	0.79	0.35	0	0.225	0.23	0.365	0	0	0.48	0	0	0.46	0.18	0	0.34	0.76	0.775	0	0.24	0.825	0	0	0.775	0.465	0	0.245	0.805	0.73	0.285	0.815	0.21	0.8	0.78	0.745	0	0	0.455	0	0	0.35	0.78	0.77	0	0	0.805	0	0	0.76	0.815	0.825	0.28	0.825	0.755	0.32	0	0.325	0.825	0.295	0.265	0.36	0	0.685	0.55	0.765	0.815	0.825	0	0.825	0.73	0.465	0.79	0.825	0.305	0.825	0	0.775	0.465	0	0.25	0.82	0.78	0.825	0	0	0	0.655	0	0.74
Acanthoeca_spectabilis_VA_02	0	0.775		0.795	0.76	0	0.765	0.775	0	0.775	0.33	0	0.185	0.23	0.375	0	0	0.43	0	0	0.46	0.18	0	0.3	0.725	0.725	0	0.24	0.795	0	0	0.795	0.465	0	0.245	0.755	0.73	0.285	0.785	0.21	0.765	0.765	0.715	0	0	0.455	0	0	0.3	0.75	0.72	0	0	0.765	0	0	0.71	0.795	0.795	0.265	0.775	0.755	0.32	0	0.275	0.795	0.295	0.285	0.33	0	0.655	0.52	0.735	0.77	0.795	0	0.795	0.73	0.465	0.74	0.78	0.305	0.795	0	0.725	0.465	0	0.25	0.77	0.74	0.795	0	0	0	0.605	0	0.71
Aiptasia_pallida	0	0.825	0.795		0.92	0	0.97	0.98	0	0.89	0.445	0	0.29	0.23	0.41	0	0	0.57	0	0	0.495	0.18	0	0.37	0.835	0.88	0	0.24	1	0	0	0.85	0.465	0	0.245	0.945	0.765	0.285	0.99	0.21	0.86	0.88	0.92	0	0	0.49	0	0	0.455	0.955	0.88	0	0	0.875	0	0	0.885	0.925	1	0.345	0.85	0.79	0.355	0	0.355	1	0.295	0.305	0.5	0	0.835	0.69	0.94	0.975	1	0	0.955	0.73	0.5	0.88	0.93	0.305	0.965	0	0.86	0.5	0	0.25	0.95	0.88	1	0	0	0	0.72	0	0.915
Alatina_alata	0	0.775	0.76	0.92		0	0.89	0.9	0	0.855	0.415	0	0.285	0.205	0.405	0	0	0.505	0	0	0.49	0.155	0	0.34	0.8	0.8	0	0.235	0.92	0	0	0.815	0.455	0	0.24	0.87	0.755	0.26	0.91	0.185	0.825	0.845	0.845	0	0	0.46	0	0	0.385	0.875	0.8	0	0	0.835	0	0	0.815	0.845	0.92	0.345	0.78	0.755	0.345	0	0.295	0.92	0.27	0.305	0.43	0	0.76	0.615	0.86	0.895	0.92	0	0.875	0.7	0.49	0.82	0.88	0.28	0.885	0	0.795	0.49	0	0.25	0.87	0.84	0.92	0	0	0	0.68	0	0.835
Amoebidium_parasiticum_JAP72	0	0	0	0	0		0	0	0	0	0	0	0	0	0	0	0	0	0	0	0	0	0	0	0	0	0	0	0	0	0	0	0	0	0	0	0	0	0	0	0	0	0	0	0	0	0	0	0	0	0	0	0	0	0	0	0	0	0	0	0	0	0	0	0	0	0	0	0	0	0	0	0	0	0	0	0	0	0	0	0	0	0	0	0	0	0	0	0	0	0	0	0	0	0	0	0
Amphimedon_queenslandica	0	0.815	0.765	0.97	0.89	0		0.97	0	0.88	0.415	0	0.29	0.23	0.39	0	0	0.57	0	0	0.495	0.18	0	0.37	0.835	0.88	0	0.24	0.97	0	0	0.82	0.465	0	0.245	0.945	0.755	0.285	0.96	0.21	0.85	0.88	0.89	0	0	0.49	0	0	0.455	0.925	0.88	0	0	0.875	0	0	0.885	0.895	0.97	0.345	0.84	0.78	0.355	0	0.355	0.97	0.295	0.275	0.47	0	0.805	0.66	0.91	0.97	0.97	0	0.925	0.725	0.5	0.87	0.915	0.3	0.935	0	0.855	0.5	0	0.25	0.945	0.88	0.97	0	0	0	0.72	0	0.885
Antipathes_caribbeana	0	0.815	0.775	0.98	0.9	0	0.97		0	0.88	0.425	0	0.29	0.23	0.39	0	0	0.57	0	0	0.495	0.18	0	0.37	0.835	0.88	0	0.24	0.98	0	0	0.83	0.465	0	0.245	0.945	0.755	0.285	0.97	0.21	0.85	0.88	0.9	0	0	0.49	0	0	0.455	0.935	0.88	0	0	0.875	0	0	0.885	0.905	0.98	0.345	0.84	0.78	0.355	0	0.355	0.98	0.295	0.285	0.48	0	0.815	0.67	0.92	0.975	0.98	0	0.935	0.725	0.5	0.87	0.915	0.3	0.945	0	0.855	0.5	0	0.25	0.945	0.88	0.98	0	0	0	0.72	0	0.895
Aphrocallistes_vastus	0	0	0	0	0	0	0	0		0	0	0	0	0	0	0	0	0	0	0	0	0	0	0	0	0	0	0	0	0	0	0	0	0	0	0	0	0	0	0	0	0	0	0	0	0	0	0	0	0	0	0	0	0	0	0	0	0	0	0	0	0	0	0	0	0	0	0	0	0	0	0	0	0	0	0	0	0	0	0	0	0	0	0	0	0	0	0	0	0	0	0	0	0	0	0	0
Aplysia_californica	0	0.79	0.775	0.89	0.855	0	0.88	0.88	0		0.39	0	0.265	0.23	0.4	0	0	0.51	0	0	0.495	0.18	0	0.345	0.815	0.805	0	0.24	0.89	0	0	0.81	0.465	0	0.245	0.87	0.765	0.285	0.88	0.21	0.84	0.88	0.81	0	0	0.49	0	0	0.38	0.845	0.8	0	0	0.85	0	0	0.825	0.815	0.89	0.345	0.795	0.79	0.355	0	0.3	0.89	0.295	0.265	0.39	0	0.725	0.58	0.83	0.88	0.89	0	0.845	0.73	0.5	0.83	0.89	0.305	0.855	0	0.81	0.5	0	0.25	0.88	0.855	0.89	0	0	0	0.685	0	0.805
Atolla_vanhoeffeni	0	0.35	0.33	0.445	0.415	0	0.415	0.425	0	0.39		0	0.29	0.23	0.29	0	0	0.4	0	0	0	0.18	0	0.37	0.335	0.38	0	0	0.445	0	0	0.34	0	0	0	0.4	0.265	0.285	0.445	0.21	0.36	0.38	0.37	0	0	0.215	0	0	0.405	0.415	0.405	0	0	0.375	0	0	0.375	0.37	0.445	0.345	0.355	0.29	0	0	0.325	0.445	0.295	0.295	0.445	0	0.415	0.4	0.385	0.42	0.445	0	0.4	0.305	0	0.415	0.42	0.305	0.445	0	0.335	0	0	0.25	0.405	0.38	0.445	0	0	0	0.38	0	0.36
Aurelia_aurita	0	0	0	0	0	0	0	0	0	0	0		0	0	0	0	0	0	0	0	0	0	0	0	0	0	0	0	0	0	0	0	0	0	0	0	0	0	0	0	0	0	0	0	0	0	0	0	0	0	0	0	0	0	0	0	0	0	0	0	0	0	0	0	0	0	0	0	0	0	0	0	0	0	0	0	0	0	0	0	0	0	0	0	0	0	0	0	0	0	0	0	0	0	0	0	0
Beroe_abyssicola	0	0.225	0.185	0.29	0.285	0	0.29	0.29	0	0.265	0.29	0		0.16	0.22	0	0	0.29	0	0	0	0.13	0	0.255	0.26	0.265	0	0	0.29	0	0	0.185	0	0	0	0.285	0.185	0.185	0.29	0.14	0.245	0.265	0.26	0	0	0.145	0	0	0.29	0.26	0.29	0	0	0.26	0	0	0.26	0.215	0.29	0.265	0.23	0.175	0	0	0.21	0.29	0.18	0.185	0.29	0	0.27	0.29	0.26	0.29	0.29	0	0.245	0.185	0	0.29	0.29	0.185	0.29	0	0.215	0	0	0.185	0.285	0.29	0.29	0	0	0	0.265	0	0.225
Beroe_sp	0	0.23	0.23	0.23	0.205	0	0.23	0.23	0	0.23	0.23	0	0.16		0.21	0	0	0.225	0	0	0	0.18	0	0.23	0.22	0.23	0	0	0.23	0	0	0.23	0	0	0	0.225	0.185	0.23	0.23	0.21	0.22	0.23	0.225	0	0	0.215	0	0	0.23	0.225	0.23	0	0	0.23	0	0	0.225	0.23	0.23	0.195	0.23	0.22	0	0	0.23	0.23	0.225	0.185	0.23	0	0.2	0.23	0.205	0.23	0.23	0	0.23	0.23	0	0.23	0.23	0.23	0.23	0	0.185	0	0	0.205	0.23	0.23	0.23	0	0	0	0.23	0	0.17
Bolinopsis_infundibulum	0	0.365	0.375	0.41	0.405	0	0.39	0.39	0	0.4	0.29	0	0.22	0.21		0	0	0.385	0	0	0.12	0.16	0	0.235	0.355	0.365	0	0.12	0.41	0	0	0.375	0.12	0	0.12	0.385	0.34	0.235	0.41	0.19	0.355	0.39	0.38	0	0	0.195	0	0	0.27	0.365	0.35	0	0	0.36	0	0	0.36	0.375	0.41	0.255	0.365	0.345	0	0	0.21	0.41	0.23	0.23	0.29	0	0.38	0.315	0.36	0.39	0.41	0	0.375	0.36	0.12	0.4	0.405	0.24	0.41	0	0.32	0.12	0	0.23	0.39	0.39	0.41	0	0	0	0.365	0	0.325
Bolocera_tuedia	0	0	0	0	0	0	0	0	0	0	0	0	0	0	0		0	0	0	0	0	0	0	0	0	0	0	0	0	0	0	0	0	0	0	0	0	0	0	0	0	0	0	0	0	0	0	0	0	0	0	0	0	0	0	0	0	0	0	0	0	0	0	0	0	0	0	0	0	0	0	0	0	0	0	0	0	0	0	0	0	0	0	0	0	0	0	0	0	0	0	0	0	0	0	0	0
Branchiostoma_floridae	0	0	0	0	0	0	0	0	0	0	0	0	0	0	0	0		0	0	0	0	0	0	0	0	0	0	0	0	0	0	0	0	0	0	0	0	0	0	0	0	0	0	0	0	0	0	0	0	0	0	0	0	0	0	0	0	0	0	0	0	0	0	0	0	0	0	0	0	0	0	0	0	0	0	0	0	0	0	0	0	0	0	0	0	0	0	0	0	0	0	0	0	0	0	0	0
Capitella_teleta	0	0.48	0.43	0.57	0.505	0	0.57	0.57	0	0.51	0.4	0	0.29	0.225	0.385	0	0		0	0	0.135	0.18	0	0.365	0.47	0.545	0	0.135	0.57	0	0	0.43	0.135	0	0.135	0.565	0.39	0.28	0.57	0.205	0.485	0.51	0.495	0	0	0.21	0	0	0.435	0.525	0.53	0	0	0.505	0	0	0.54	0.495	0.57	0.34	0.505	0.415	0	0	0.35	0.57	0.29	0.25	0.435	0	0.545	0.43	0.515	0.57	0.57	0	0.525	0.43	0.135	0.56	0.545	0.295	0.57	0	0.485	0.135	0	0.245	0.565	0.51	0.57	0	0	0	0.52	0	0.49
Capsaspora_owczarzaki_atcc30864	0	0	0	0	0	0	0	0	0	0	0	0	0	0	0	0	0	0		0	0	0	0	0	0	0	0	0	0	0	0	0	0	0	0	0	0	0	0	0	0	0	0	0	0	0	0	0	0	0	0	0	0	0	0	0	0	0	0	0	0	0	0	0	0	0	0	0	0	0	0	0	0	0	0	0	0	0	0	0	0	0	0	0	0	0	0	0	0	0	0	0	0	0	0	0	0
Cestum_veneris	0	0	0	0	0	0	0	0	0	0	0	0	0	0	0	0	0	0	0		0	0	0	0	0	0	0	0	0	0	0	0	0	0	0	0	0	0	0	0	0	0	0	0	0	0	0	0	0	0	0	0	0	0	0	0	0	0	0	0	0	0	0	0	0	0	0	0	0	0	0	0	0	0	0	0	0	0	0	0	0	0	0	0	0	0	0	0	0	0	0	0	0	0	0	0	0
Choanoeca_perplexa_11	0	0.46	0.46	0.495	0.49	0	0.495	0.495	0	0.495	0	0	0	0	0.12	0	0	0.135	0	0		0	0	0	0.495	0.445	0	0.24	0.495	0	0	0.495	0.46	0	0.245	0.495	0.495	0	0.485	0	0.495	0.495	0.495	0	0	0.27	0	0	0	0.48	0.415	0	0	0.495	0	0	0.47	0.495	0.495	0	0.46	0.495	0.35	0	0	0.495	0	0	0	0	0.365	0.235	0.495	0.495	0.495	0	0.495	0.425	0.495	0.44	0.495	0	0.46	0	0.495	0.495	0	0	0.495	0.495	0.495	0	0	0	0.33	0	0.495
Chondrilla_nucula	0	0.18	0.18	0.18	0.155	0	0.18	0.18	0	0.18	0.18	0	0.13	0.18	0.16	0	0	0.18	0	0	0		0	0.18	0.18	0.18	0	0	0.18	0	0	0.18	0	0	0	0.18	0.155	0.18	0.18	0.18	0.18	0.18	0.18	0	0	0.18	0	0	0.18	0.18	0.18	0	0	0.18	0	0	0.18	0.18	0.18	0.145	0.18	0.18	0	0	0.18	0.18	0.175	0.135	0.18	0	0.16	0.18	0.18	0.18	0.18	0	0.18	0.18	0	0.18	0.18	0.18	0.18	0	0.135	0	0	0.155	0.18	0.18	0.18	0	0	0	0.18	0	0.14
Clathrina_coriacea	0	0	0	0	0	0	0	0	0	0	0	0	0	0	0	0	0	0	0	0	0	0		0	0	0	0	0	0	0	0	0	0	0	0	0	0	0	0	0	0	0	0	0	0	0	0	0	0	0	0	0	0	0	0	0	0	0	0	0	0	0	0	0	0	0	0	0	0	0	0	0	0	0	0	0	0	0	0	0	0	0	0	0	0	0	0	0	0	0	0	0	0	0	0	0	0
Clytia_hemisphaerica	0	0.34	0.3	0.37	0.34	0	0.37	0.37	0	0.345	0.37	0	0.255	0.23	0.235	0	0	0.365	0	0	0	0.18	0		0.325	0.345	0	0	0.37	0	0	0.3	0	0	0	0.365	0.255	0.285	0.37	0.21	0.35	0.345	0.295	0	0	0.215	0	0	0.37	0.34	0.37	0	0	0.37	0	0	0.34	0.33	0.37	0.31	0.345	0.28	0	0	0.325	0.37	0.295	0.255	0.37	0	0.34	0.325	0.31	0.37	0.37	0	0.36	0.3	0	0.37	0.37	0.3	0.37	0	0.325	0	0	0.25	0.37	0.345	0.37	0	0	0	0.345	0	0.285
Codosiga_hollandica_17	0	0.76	0.725	0.835	0.8	0	0.835	0.835	0	0.815	0.335	0	0.26	0.22	0.355	0	0	0.47	0	0	0.495	0.18	0	0.325		0.76	0	0.24	0.835	0	0	0.76	0.465	0	0.245	0.825	0.725	0.26	0.825	0.2	0.815	0.815	0.785	0	0	0.48	0	0	0.335	0.79	0.755	0	0	0.83	0	0	0.78	0.785	0.835	0.28	0.765	0.75	0.355	0	0.28	0.835	0.255	0.215	0.335	0	0.68	0.555	0.795	0.835	0.835	0	0.815	0.685	0.5	0.775	0.835	0.26	0.8	0	0.785	0.5	0	0.235	0.835	0.835	0.835	0	0	0	0.64	0	0.76
Coeloplana_species	0	0.775	0.725	0.88	0.8	0	0.88	0.88	0	0.805	0.38	0	0.265	0.23	0.365	0	0	0.545	0	0	0.445	0.18	0	0.345	0.76		0	0.24	0.88	0	0	0.73	0.45	0	0.245	0.87	0.68	0.26	0.875	0.21	0.775	0.805	0.825	0	0	0.44	0	0	0.43	0.86	0.835	0	0	0.8	0	0	0.835	0.805	0.88	0.32	0.8	0.715	0.305	0	0.355	0.88	0.27	0.235	0.43	0	0.755	0.62	0.845	0.88	0.88	0	0.835	0.7	0.45	0.835	0.84	0.275	0.88	0	0.78	0.45	0	0.225	0.87	0.805	0.88	0	0	0	0.72	0	0.82
Corticium_candelabrum	0	0	0	0	0	0	0	0	0	0	0	0	0	0	0	0	0	0	0	0	0	0	0	0	0	0		0	0	0	0	0	0	0	0	0	0	0	0	0	0	0	0	0	0	0	0	0	0	0	0	0	0	0	0	0	0	0	0	0	0	0	0	0	0	0	0	0	0	0	0	0	0	0	0	0	0	0	0	0	0	0	0	0	0	0	0	0	0	0	0	0	0	0	0	0	0
Craspedacusta_sowerbyi	0	0.24	0.24	0.24	0.235	0	0.24	0.24	0	0.24	0	0	0	0	0.12	0	0	0.135	0	0	0.24	0	0	0	0.24	0.24	0		0.24	0	0	0.24	0.24	0	0.24	0.24	0.24	0	0.24	0	0.24	0.24	0.24	0	0	0.015	0	0	0	0.225	0.2	0	0	0.24	0	0	0.215	0.24	0.24	0	0.24	0.24	0.1	0	0	0.24	0	0	0	0	0.2	0.1	0.24	0.24	0.24	0	0.24	0.24	0.24	0.24	0.24	0	0.24	0	0.24	0.24	0	0	0.24	0.24	0.24	0	0	0	0.175	0	0.24
Crassostrea_gigas	0	0.825	0.795	1	0.92	0	0.97	0.98	0	0.89	0.445	0	0.29	0.23	0.41	0	0	0.57	0	0	0.495	0.18	0	0.37	0.835	0.88	0	0.24		0	0	0.85	0.465	0	0.245	0.945	0.765	0.285	0.99	0.21	0.86	0.88	0.92	0	0	0.49	0	0	0.455	0.955	0.88	0	0	0.875	0	0	0.885	0.925	1	0.345	0.85	0.79	0.355	0	0.355	1	0.295	0.305	0.5	0	0.835	0.69	0.94	0.975	1	0	0.955	0.73	0.5	0.88	0.93	0.305	0.965	0	0.86	0.5	0	0.25	0.95	0.88	1	0	0	0	0.72	0	0.915
Creolimax_fragrantissima	0	0	0	0	0	0	0	0	0	0	0	0	0	0	0	0	0	0	0	0	0	0	0	0	0	0	0	0	0		0	0	0	0	0	0	0	0	0	0	0	0	0	0	0	0	0	0	0	0	0	0	0	0	0	0	0	0	0	0	0	0	0	0	0	0	0	0	0	0	0	0	0	0	0	0	0	0	0	0	0	0	0	0	0	0	0	0	0	0	0	0	0	0	0	0	0
Daphnia_pulex	0	0	0	0	0	0	0	0	0	0	0	0	0	0	0	0	0	0	0	0	0	0	0	0	0	0	0	0	0	0		0	0	0	0	0	0	0	0	0	0	0	0	0	0	0	0	0	0	0	0	0	0	0	0	0	0	0	0	0	0	0	0	0	0	0	0	0	0	0	0	0	0	0	0	0	0	0	0	0	0	0	0	0	0	0	0	0	0	0	0	0	0	0	0	0	0
Diaphanoeca_grandis_RI_01	0	0.775	0.795	0.85	0.815	0	0.82	0.83	0	0.81	0.34	0	0.185	0.23	0.375	0	0	0.43	0	0	0.495	0.18	0	0.3	0.76	0.73	0	0.24	0.85	0	0		0.465	0	0.245	0.795	0.765	0.285	0.84	0.21	0.8	0.8	0.77	0	0	0.49	0	0	0.305	0.805	0.73	0	0	0.8	0	0	0.745	0.85	0.85	0.265	0.775	0.79	0.355	0	0.275	0.85	0.295	0.305	0.35	0	0.685	0.54	0.79	0.825	0.85	0	0.85	0.73	0.5	0.75	0.815	0.305	0.815	0	0.76	0.5	0	0.25	0.805	0.775	0.85	0	0	0	0.605	0	0.765
Didymoeca_costata_10	0	0.465	0.465	0.465	0.455	0	0.465	0.465	0	0.465	0	0	0	0	0.12	0	0	0.135	0	0	0.46	0	0	0	0.465	0.45	0	0.24	0.465	0	0	0.465		0	0.245	0.46	0.465	0	0.455	0	0.465	0.465	0.46	0	0	0.24	0	0	0	0.45	0.42	0	0	0.465	0	0	0.44	0.465	0.465	0	0.465	0.465	0.32	0	0	0.465	0	0	0	0	0.355	0.235	0.465	0.465	0.465	0	0.465	0.425	0.465	0.43	0.465	0	0.465	0	0.465	0.465	0	0	0.465	0.465	0.465	0	0	0	0.33	0	0.465
Dryodora_glandiformis	0	0	0	0	0	0	0	0	0	0	0	0	0	0	0	0	0	0	0	0	0	0	0	0	0	0	0	0	0	0	0	0	0		0	0	0	0	0	0	0	0	0	0	0	0	0	0	0	0	0	0	0	0	0	0	0	0	0	0	0	0	0	0	0	0	0	0	0	0	0	0	0	0	0	0	0	0	0	0	0	0	0	0	0	0	0	0	0	0	0	0	0	0	0	0	0
Edwardsiella_lineata	0	0.245	0.245	0.245	0.24	0	0.245	0.245	0	0.245	0	0	0	0	0.12	0	0	0.135	0	0	0.245	0	0	0	0.245	0.245	0	0.24	0.245	0	0	0.245	0.245	0		0.245	0.245	0	0.245	0	0.245	0.245	0.245	0	0	0.02	0	0	0	0.23	0.205	0	0	0.245	0	0	0.22	0.245	0.245	0	0.245	0.245	0.105	0	0	0.245	0	0	0	0	0.2	0.1	0.245	0.245	0.245	0	0.245	0.245	0.245	0.245	0.245	0	0.245	0	0.245	0.245	0	0	0.245	0.245	0.245	0	0	0	0.175	0	0.245
Ephydatia_muelleri	0	0.805	0.755	0.945	0.87	0	0.945	0.945	0	0.87	0.4	0	0.285	0.225	0.385	0	0	0.565	0	0	0.495	0.18	0	0.365	0.825	0.87	0	0.24	0.945	0	0	0.795	0.46	0	0.245		0.745	0.28	0.935	0.21	0.84	0.87	0.875	0	0	0.485	0	0	0.45	0.905	0.865	0	0	0.865	0	0	0.88	0.87	0.945	0.34	0.83	0.77	0.35	0	0.35	0.945	0.29	0.255	0.45	0	0.785	0.64	0.89	0.945	0.945	0	0.9	0.72	0.495	0.865	0.905	0.295	0.91	0	0.845	0.495	0	0.245	0.935	0.87	0.945	0	0	0	0.715	0	0.86
Euplectella_aspergillum	0	0.73	0.73	0.765	0.755	0	0.755	0.755	0	0.765	0.265	0	0.185	0.185	0.34	0	0	0.39	0	0	0.495	0.155	0	0.255	0.725	0.68	0	0.24	0.765	0	0	0.765	0.465	0	0.245	0.745		0.24	0.755	0.165	0.765	0.755	0.685	0	0	0.445	0	0	0.255	0.72	0.675	0	0	0.755	0	0	0.7	0.765	0.765	0.245	0.73	0.755	0.355	0	0.23	0.765	0.25	0.245	0.265	0	0.61	0.455	0.725	0.755	0.765	0	0.765	0.685	0.5	0.705	0.765	0.26	0.73	0	0.715	0.5	0	0.23	0.76	0.73	0.765	0	0	0	0.56	0	0.7
Euplokamis_dunlapae	0	0.285	0.285	0.285	0.26	0	0.285	0.285	0	0.285	0.285	0	0.185	0.23	0.235	0	0	0.28	0	0	0	0.18	0	0.285	0.26	0.26	0	0	0.285	0	0	0.285	0	0	0	0.28	0.24		0.285	0.21	0.275	0.285	0.225	0	0	0.215	0	0	0.285	0.255	0.285	0	0	0.285	0	0	0.255	0.285	0.285	0.25	0.285	0.265	0	0	0.26	0.285	0.28	0.24	0.285	0	0.255	0.255	0.235	0.285	0.285	0	0.285	0.285	0	0.285	0.285	0.285	0.285	0	0.24	0	0	0.25	0.285	0.275	0.285	0	0	0	0.26	0	0.2
Gorgonia_ventalina	0	0.815	0.785	0.99	0.91	0	0.96	0.97	0	0.88	0.445	0	0.29	0.23	0.41	0	0	0.57	0	0	0.485	0.18	0	0.37	0.825	0.875	0	0.24	0.99	0	0	0.84	0.455	0	0.245	0.935	0.755	0.285		0.21	0.85	0.87	0.91	0	0	0.48	0	0	0.455	0.945	0.87	0	0	0.865	0	0	0.875	0.915	0.99	0.345	0.84	0.78	0.345	0	0.355	0.99	0.295	0.305	0.5	0	0.83	0.685	0.93	0.965	0.99	0	0.945	0.725	0.49	0.875	0.92	0.305	0.955	0	0.85	0.49	0	0.25	0.94	0.87	0.99	0	0	0	0.72	0	0.905
Grantia_compressa	0	0.21	0.21	0.21	0.185	0	0.21	0.21	0	0.21	0.21	0	0.14	0.21	0.19	0	0	0.205	0	0	0	0.18	0	0.21	0.2	0.21	0	0	0.21	0	0	0.21	0	0	0	0.21	0.165	0.21	0.21		0.2	0.21	0.21	0	0	0.21	0	0	0.21	0.21	0.21	0	0	0.21	0	0	0.21	0.21	0.21	0.175	0.21	0.2	0	0	0.21	0.21	0.205	0.165	0.21	0	0.18	0.21	0.19	0.21	0.21	0	0.21	0.21	0	0.21	0.21	0.21	0.21	0	0.165	0	0	0.185	0.21	0.21	0.21	0	0	0	0.21	0	0.15
Helobdella_robusta	0	0.8	0.765	0.86	0.825	0	0.85	0.85	0	0.84	0.36	0	0.245	0.22	0.355	0	0	0.485	0	0	0.495	0.18	0	0.35	0.815	0.775	0	0.24	0.86	0	0	0.8	0.465	0	0.245	0.84	0.765	0.275	0.85	0.2		0.83	0.78	0	0	0.48	0	0	0.35	0.815	0.77	0	0	0.85	0	0	0.795	0.825	0.86	0.295	0.805	0.785	0.355	0	0.31	0.86	0.285	0.255	0.36	0	0.7	0.55	0.81	0.85	0.86	0	0.855	0.72	0.5	0.8	0.86	0.295	0.825	0	0.81	0.5	0	0.24	0.855	0.825	0.86	0	0	0	0.655	0	0.785
Homo_sapiens	0	0.78	0.765	0.88	0.845	0	0.88	0.88	0	0.88	0.38	0	0.265	0.23	0.39	0	0	0.51	0	0	0.495	0.18	0	0.345	0.815	0.805	0	0.24	0.88	0	0	0.8	0.465	0	0.245	0.87	0.755	0.285	0.87	0.21	0.83		0.8	0	0	0.49	0	0	0.38	0.835	0.8	0	0	0.85	0	0	0.825	0.805	0.88	0.345	0.785	0.78	0.355	0	0.3	0.88	0.295	0.255	0.38	0	0.715	0.57	0.82	0.88	0.88	0	0.835	0.725	0.5	0.82	0.88	0.3	0.845	0	0.805	0.5	0	0.25	0.875	0.855	0.88	0	0	0	0.685	0	0.795
Hormiphora_californensis	0	0.745	0.715	0.92	0.845	0	0.89	0.9	0	0.81	0.37	0	0.26	0.225	0.38	0	0	0.495	0	0	0.495	0.18	0	0.295	0.785	0.825	0	0.24	0.92	0	0	0.77	0.46	0	0.245	0.875	0.685	0.225	0.91	0.21	0.78	0.8		0	0	0.485	0	0	0.38	0.905	0.8	0	0	0.795	0	0	0.835	0.845	0.92	0.27	0.77	0.72	0.35	0	0.305	0.92	0.22	0.23	0.425	0	0.76	0.66	0.9	0.895	0.92	0	0.875	0.655	0.495	0.805	0.85	0.23	0.885	0	0.78	0.495	0	0.2	0.87	0.825	0.92	0	0	0	0.67	0	0.86
Hyalonema_populiferum	0	0	0	0	0	0	0	0	0	0	0	0	0	0	0	0	0	0	0	0	0	0	0	0	0	0	0	0	0	0	0	0	0	0	0	0	0	0	0	0	0	0	0		0	0	0	0	0	0	0	0	0	0	0	0	0	0	0	0	0	0	0	0	0	0	0	0	0	0	0	0	0	0	0	0	0	0	0	0	0	0	0	0	0	0	0	0	0	0	0	0	0	0	0	0	0
Hydra_magnipapillata	0	0	0	0	0	0	0	0	0	0	0	0	0	0	0	0	0	0	0	0	0	0	0	0	0	0	0	0	0	0	0	0	0	0	0	0	0	0	0	0	0	0	0	0		0	0	0	0	0	0	0	0	0	0	0	0	0	0	0	0	0	0	0	0	0	0	0	0	0	0	0	0	0	0	0	0	0	0	0	0	0	0	0	0	0	0	0	0	0	0	0	0	0	0	0	0
Hydractinia_polyclina	0	0.455	0.455	0.49	0.46	0	0.49	0.49	0	0.49	0.215	0	0.145	0.215	0.195	0	0	0.21	0	0	0.27	0.18	0	0.215	0.48	0.44	0	0.015	0.49	0	0	0.49	0.24	0	0.02	0.485	0.445	0.215	0.48	0.21	0.48	0.49	0.485	0	0		0	0	0.215	0.49	0.45	0	0	0.49	0	0	0.49	0.49	0.49	0.18	0.455	0.48	0.27	0	0.215	0.49	0.21	0.17	0.215	0	0.35	0.35	0.47	0.49	0.49	0	0.49	0.415	0.275	0.43	0.49	0.215	0.455	0	0.445	0.275	0	0.19	0.49	0.49	0.49	0	0	0	0.37	0	0.43
Ircinia_fasciculata	0	0	0	0	0	0	0	0	0	0	0	0	0	0	0	0	0	0	0	0	0	0	0	0	0	0	0	0	0	0	0	0	0	0	0	0	0	0	0	0	0	0	0	0	0	0		0	0	0	0	0	0	0	0	0	0	0	0	0	0	0	0	0	0	0	0	0	0	0	0	0	0	0	0	0	0	0	0	0	0	0	0	0	0	0	0	0	0	0	0	0	0	0	0	0	0
Ixodes_scapularis	0	0	0	0	0	0	0	0	0	0	0	0	0	0	0	0	0	0	0	0	0	0	0	0	0	0	0	0	0	0	0	0	0	0	0	0	0	0	0	0	0	0	0	0	0	0	0		0	0	0	0	0	0	0	0	0	0	0	0	0	0	0	0	0	0	0	0	0	0	0	0	0	0	0	0	0	0	0	0	0	0	0	0	0	0	0	0	0	0	0	0	0	0	0	0	0
Kirkpatrickia_variolosa	0	0.35	0.3	0.455	0.385	0	0.455	0.455	0	0.38	0.405	0	0.29	0.23	0.27	0	0	0.435	0	0	0	0.18	0	0.37	0.335	0.43	0	0	0.455	0	0	0.305	0	0	0	0.45	0.255	0.285	0.455	0.21	0.35	0.38	0.38	0	0	0.215	0	0		0.425	0.455	0	0	0.375	0	0	0.41	0.38	0.455	0.345	0.375	0.28	0	0	0.355	0.455	0.295	0.26	0.455	0	0.425	0.41	0.395	0.455	0.455	0	0.41	0.3	0	0.43	0.415	0.3	0.455	0	0.355	0	0	0.25	0.445	0.38	0.455	0	0	0	0.39	0	0.37
Lampea_pancerina	0	0.78	0.75	0.955	0.875	0	0.925	0.935	0	0.845	0.415	0	0.26	0.225	0.365	0	0	0.525	0	0	0.48	0.18	0	0.34	0.79	0.86	0	0.225	0.955	0	0	0.805	0.45	0	0.23	0.905	0.72	0.255	0.945	0.21	0.815	0.835	0.905	0	0	0.49	0	0	0.425		0.84	0	0	0.83	0	0	0.87	0.88	0.955	0.315	0.805	0.755	0.355	0	0.35	0.955	0.265	0.275	0.47	0	0.79	0.66	0.925	0.93	0.955	0	0.91	0.685	0.485	0.835	0.885	0.275	0.92	0	0.815	0.485	0	0.22	0.905	0.835	0.955	0	0	0	0.7	0	0.895
Latrunculia_apicalis	0	0.77	0.72	0.88	0.8	0	0.88	0.88	0	0.8	0.405	0	0.29	0.23	0.35	0	0	0.53	0	0	0.415	0.18	0	0.37	0.755	0.835	0	0.2	0.88	0	0	0.73	0.42	0	0.205	0.865	0.675	0.285	0.87	0.21	0.77	0.8	0.8	0	0	0.45	0	0	0.455	0.84		0	0	0.795	0	0	0.805	0.805	0.88	0.345	0.795	0.7	0.32	0	0.355	0.88	0.295	0.265	0.46	0	0.74	0.65	0.82	0.88	0.88	0	0.835	0.685	0.42	0.815	0.835	0.3	0.88	0	0.775	0.42	0	0.25	0.865	0.8	0.88	0	0	0	0.675	0	0.795
Leuconia_nivea	0	0	0	0	0	0	0	0	0	0	0	0	0	0	0	0	0	0	0	0	0	0	0	0	0	0	0	0	0	0	0	0	0	0	0	0	0	0	0	0	0	0	0	0	0	0	0	0	0	0	0		0	0	0	0	0	0	0	0	0	0	0	0	0	0	0	0	0	0	0	0	0	0	0	0	0	0	0	0	0	0	0	0	0	0	0	0	0	0	0	0	0	0	0	0	0
Leucosolenia_complicata	0	0	0	0	0	0	0	0	0	0	0	0	0	0	0	0	0	0	0	0	0	0	0	0	0	0	0	0	0	0	0	0	0	0	0	0	0	0	0	0	0	0	0	0	0	0	0	0	0	0	0	0		0	0	0	0	0	0	0	0	0	0	0	0	0	0	0	0	0	0	0	0	0	0	0	0	0	0	0	0	0	0	0	0	0	0	0	0	0	0	0	0	0	0	0	0
Liriope_tetraphylla	0	0.805	0.765	0.875	0.835	0	0.875	0.875	0	0.85	0.375	0	0.26	0.23	0.36	0	0	0.505	0	0	0.495	0.18	0	0.37	0.83	0.8	0	0.24	0.875	0	0	0.8	0.465	0	0.245	0.865	0.755	0.285	0.865	0.21	0.85	0.85	0.795	0	0	0.49	0	0	0.375	0.83	0.795	0	0		0	0	0.82	0.83	0.875	0.315	0.81	0.78	0.355	0	0.325	0.875	0.295	0.255	0.375	0	0.71	0.565	0.815	0.875	0.875	0	0.86	0.725	0.5	0.815	0.875	0.3	0.84	0	0.83	0.5	0	0.25	0.875	0.85	0.875	0	0	0	0.68	0	0.79
Lucernariopsis_campanulata	0	0	0	0	0	0	0	0	0	0	0	0	0	0	0	0	0	0	0	0	0	0	0	0	0	0	0	0	0	0	0	0	0	0	0	0	0	0	0	0	0	0	0	0	0	0	0	0	0	0	0	0	0	0		0	0	0	0	0	0	0	0	0	0	0	0	0	0	0	0	0	0	0	0	0	0	0	0	0	0	0	0	0	0	0	0	0	0	0	0	0	0	0	0	0	0
Ministeria_vibrans	0	0	0	0	0	0	0	0	0	0	0	0	0	0	0	0	0	0	0	0	0	0	0	0	0	0	0	0	0	0	0	0	0	0	0	0	0	0	0	0	0	0	0	0	0	0	0	0	0	0	0	0	0	0	0		0	0	0	0	0	0	0	0	0	0	0	0	0	0	0	0	0	0	0	0	0	0	0	0	0	0	0	0	0	0	0	0	0	0	0	0	0	0	0	0	0
Mnemiopsis_leidyi	0	0.76	0.71	0.885	0.815	0	0.885	0.885	0	0.825	0.375	0	0.26	0.225	0.36	0	0	0.54	0	0	0.47	0.18	0	0.34	0.78	0.835	0	0.215	0.885	0	0	0.745	0.44	0	0.22	0.88	0.7	0.255	0.875	0.21	0.795	0.825	0.835	0	0	0.49	0	0	0.41	0.87	0.805	0	0	0.82	0	0		0.81	0.885	0.315	0.785	0.735	0.33	0	0.35	0.885	0.265	0.225	0.41	0	0.72	0.58	0.855	0.885	0.885	0	0.84	0.67	0.475	0.815	0.86	0.27	0.85	0	0.8	0.475	0	0.22	0.88	0.825	0.885	0	0	0	0.715	0	0.825
Monosiga_brevicollis_mx1	0	0.815	0.795	0.925	0.845	0	0.895	0.905	0	0.815	0.37	0	0.215	0.23	0.375	0	0	0.495	0	0	0.495	0.18	0	0.33	0.785	0.805	0	0.24	0.925	0	0	0.85	0.465	0	0.245	0.87	0.765	0.285	0.915	0.21	0.825	0.805	0.845	0	0	0.49	0	0	0.38	0.88	0.805	0	0	0.83	0	0	0.81		0.925	0.27	0.835	0.79	0.355	0	0.335	0.925	0.295	0.305	0.425	0	0.76	0.615	0.865	0.9	0.925	0	0.925	0.73	0.5	0.805	0.855	0.305	0.89	0	0.815	0.5	0	0.25	0.88	0.805	0.925	0	0	0	0.645	0	0.84
Montastraea_faveolata	0	0.825	0.795	1	0.92	0	0.97	0.98	0	0.89	0.445	0	0.29	0.23	0.41	0	0	0.57	0	0	0.495	0.18	0	0.37	0.835	0.88	0	0.24	1	0	0	0.85	0.465	0	0.245	0.945	0.765	0.285	0.99	0.21	0.86	0.88	0.92	0	0	0.49	0	0	0.455	0.955	0.88	0	0	0.875	0	0	0.885	0.925		0.345	0.85	0.79	0.355	0	0.355	1	0.295	0.305	0.5	0	0.835	0.69	0.94	0.975	1	0	0.955	0.73	0.5	0.88	0.93	0.305	0.965	0	0.86	0.5	0	0.25	0.95	0.88	1	0	0	0	0.72	0	0.915
Mycale_phyllophila	0	0.28	0.265	0.345	0.345	0	0.345	0.345	0	0.345	0.345	0	0.265	0.195	0.255	0	0	0.34	0	0	0	0.145	0	0.31	0.28	0.32	0	0	0.345	0	0	0.265	0	0	0	0.34	0.245	0.25	0.345	0.175	0.295	0.345	0.27	0	0	0.18	0	0	0.345	0.315	0.345	0	0	0.315	0	0	0.315	0.27	0.345		0.285	0.245	0	0	0.265	0.345	0.26	0.255	0.345	0	0.315	0.3	0.285	0.345	0.345	0	0.3	0.265	0	0.345	0.345	0.265	0.345	0	0.27	0	0	0.24	0.34	0.32	0.345	0	0	0	0.32	0	0.26
Mylnosiga_fluctuans_19	0	0.825	0.775	0.85	0.78	0	0.84	0.84	0	0.795	0.355	0	0.23	0.23	0.365	0	0	0.505	0	0	0.46	0.18	0	0.345	0.765	0.8	0	0.24	0.85	0	0	0.775	0.465	0	0.245	0.83	0.73	0.285	0.84	0.21	0.805	0.785	0.77	0	0	0.455	0	0	0.375	0.805	0.795	0	0	0.81	0	0	0.785	0.835	0.85	0.285		0.755	0.32	0	0.35	0.85	0.295	0.265	0.385	0	0.71	0.575	0.79	0.84	0.85	0	0.85	0.73	0.465	0.81	0.83	0.305	0.85	0	0.795	0.465	0	0.25	0.845	0.785	0.85	0	0	0	0.66	0	0.765
Nanomia_bijuga	0	0.755	0.755	0.79	0.755	0	0.78	0.78	0	0.79	0.29	0	0.175	0.22	0.345	0	0	0.415	0	0	0.495	0.18	0	0.28	0.75	0.715	0	0.24	0.79	0	0	0.79	0.465	0	0.245	0.77	0.755	0.265	0.78	0.2	0.785	0.78	0.72	0	0	0.48	0	0	0.28	0.755	0.7	0	0	0.78	0	0	0.735	0.79	0.79	0.245	0.755		0.355	0	0.265	0.79	0.275	0.245	0.29	0	0.635	0.48	0.75	0.78	0.79	0	0.79	0.71	0.5	0.73	0.79	0.285	0.755	0	0.74	0.5	0	0.23	0.785	0.755	0.79	0	0	0	0.595	0	0.725
Nematostella_vectensis	0	0.32	0.32	0.355	0.345	0	0.355	0.355	0	0.355	0	0	0	0	0	0	0	0	0	0	0.35	0	0	0	0.355	0.305	0	0.1	0.355	0	0	0.355	0.32	0	0.105	0.35	0.355	0	0.345	0	0.355	0.355	0.35	0	0	0.27	0	0	0	0.355	0.32	0	0	0.355	0	0	0.33	0.355	0.355	0	0.32	0.355		0	0	0.355	0	0	0	0	0.22	0.19	0.355	0.355	0.355	0	0.355	0.285	0.355	0.295	0.355	0	0.32	0	0.355	0.355	0	0	0.355	0.355	0.355	0	0	0	0.185	0	0.355
Oscarella_carmela	0	0	0	0	0	0	0	0	0	0	0	0	0	0	0	0	0	0	0	0	0	0	0	0	0	0	0	0	0	0	0	0	0	0	0	0	0	0	0	0	0	0	0	0	0	0	0	0	0	0	0	0	0	0	0	0	0	0	0	0	0	0	0		0	0	0	0	0	0	0	0	0	0	0	0	0	0	0	0	0	0	0	0	0	0	0	0	0	0	0	0	0	0	0	0	0
Oscarella_species	0	0.325	0.275	0.355	0.295	0	0.355	0.355	0	0.3	0.325	0	0.21	0.23	0.21	0	0	0.35	0	0	0	0.18	0	0.325	0.28	0.355	0	0	0.355	0	0	0.275	0	0	0	0.35	0.23	0.26	0.355	0.21	0.31	0.3	0.305	0	0	0.215	0	0	0.355	0.35	0.355	0	0	0.325	0	0	0.35	0.335	0.355	0.265	0.35	0.265	0	0		0.355	0.27	0.23	0.355	0	0.325	0.31	0.32	0.355	0.355	0	0.355	0.275	0	0.35	0.335	0.275	0.355	0	0.305	0	0	0.225	0.355	0.3	0.355	0	0	0	0.335	0	0.295
Pelagia_noctiluca	0	0.825	0.795	1	0.92	0	0.97	0.98	0	0.89	0.445	0	0.29	0.23	0.41	0	0	0.57	0	0	0.495	0.18	0	0.37	0.835	0.88	0	0.24	1	0	0	0.85	0.465	0	0.245	0.945	0.765	0.285	0.99	0.21	0.86	0.88	0.92	0	0	0.49	0	0	0.455	0.955	0.88	0	0	0.875	0	0	0.885	0.925	1	0.345	0.85	0.79	0.355	0	0.355		0.295	0.305	0.5	0	0.835	0.69	0.94	0.975	1	0	0.955	0.73	0.5	0.88	0.93	0.305	0.965	0	0.86	0.5	0	0.25	0.95	0.88	1	0	0	0	0.72	0	0.915
Pennatula_rubra	0	0.295	0.295	0.295	0.27	0	0.295	0.295	0	0.295	0.295	0	0.18	0.225	0.23	0	0	0.29	0	0	0	0.175	0	0.295	0.255	0.27	0	0	0.295	0	0	0.295	0	0	0	0.29	0.25	0.28	0.295	0.205	0.285	0.295	0.22	0	0	0.21	0	0	0.295	0.265	0.295	0	0	0.295	0	0	0.265	0.295	0.295	0.26	0.295	0.275	0	0	0.27	0.295		0.25	0.295	0	0.265	0.25	0.235	0.295	0.295	0	0.295	0.295	0	0.295	0.295	0.295	0.295	0	0.255	0	0	0.245	0.295	0.27	0.295	0	0	0	0.27	0	0.21
Periphylla_periphylla	0	0.265	0.285	0.305	0.305	0	0.275	0.285	0	0.265	0.295	0	0.185	0.185	0.23	0	0	0.25	0	0	0	0.135	0	0.255	0.215	0.235	0	0	0.305	0	0	0.305	0	0	0	0.255	0.245	0.24	0.305	0.165	0.255	0.255	0.23	0	0	0.17	0	0	0.26	0.275	0.265	0	0	0.255	0	0	0.225	0.305	0.305	0.255	0.265	0.245	0	0	0.23	0.305	0.25		0.305	0	0.275	0.26	0.245	0.28	0.305	0	0.305	0.26	0	0.265	0.27	0.26	0.305	0	0.215	0	0	0.23	0.26	0.23	0.305	0	0	0	0.23	0	0.22
Petrosia_ficiformis	0	0.36	0.33	0.5	0.43	0	0.47	0.48	0	0.39	0.445	0	0.29	0.23	0.29	0	0	0.435	0	0	0	0.18	0	0.37	0.335	0.43	0	0	0.5	0	0	0.35	0	0	0	0.45	0.265	0.285	0.5	0.21	0.36	0.38	0.425	0	0	0.215	0	0	0.455	0.47	0.46	0	0	0.375	0	0	0.41	0.425	0.5	0.345	0.385	0.29	0	0	0.355	0.5	0.295	0.305		0	0.47	0.455	0.44	0.475	0.5	0	0.455	0.305	0	0.44	0.43	0.305	0.5	0	0.36	0	0	0.25	0.45	0.38	0.5	0	0	0	0.39	0	0.415
Pirum_gemmata	0	0	0	0	0	0	0	0	0	0	0	0	0	0	0	0	0	0	0	0	0	0	0	0	0	0	0	0	0	0	0	0	0	0	0	0	0	0	0	0	0	0	0	0	0	0	0	0	0	0	0	0	0	0	0	0	0	0	0	0	0	0	0	0	0	0	0	0	0		0	0	0	0	0	0	0	0	0	0	0	0	0	0	0	0	0	0	0	0	0	0	0	0	0	0	0
Plakina_jani	0	0.685	0.655	0.835	0.76	0	0.805	0.815	0	0.725	0.415	0	0.27	0.2	0.38	0	0	0.545	0	0	0.365	0.16	0	0.34	0.68	0.755	0	0.2	0.835	0	0	0.685	0.355	0	0.2	0.785	0.61	0.255	0.83	0.18	0.7	0.715	0.76	0	0	0.35	0	0	0.425	0.79	0.74	0	0	0.71	0	0	0.72	0.76	0.835	0.315	0.71	0.635	0.22	0	0.325	0.835	0.265	0.275	0.47	0		0.655	0.785	0.81	0.835	0	0.79	0.625	0.365	0.775	0.765	0.275	0.825	0	0.715	0.365	0	0.22	0.785	0.715	0.835	0	0	0	0.66	0	0.78
Pleraplysilla_spinifera	0	0.55	0.52	0.69	0.615	0	0.66	0.67	0	0.58	0.4	0	0.29	0.23	0.315	0	0	0.43	0	0	0.235	0.18	0	0.325	0.555	0.62	0	0.1	0.69	0	0	0.54	0.235	0	0.1	0.64	0.455	0.255	0.685	0.21	0.55	0.57	0.66	0	0	0.35	0	0	0.41	0.66	0.65	0	0	0.565	0	0	0.58	0.615	0.69	0.3	0.575	0.48	0.19	0	0.31	0.69	0.25	0.26	0.455	0	0.655		0.64	0.665	0.69	0	0.645	0.495	0.235	0.63	0.62	0.26	0.69	0	0.55	0.235	0	0.23	0.64	0.595	0.69	0	0	0	0.53	0	0.605
Pleurobrachia_species	0	0.765	0.735	0.94	0.86	0	0.91	0.92	0	0.83	0.385	0	0.26	0.205	0.36	0	0	0.515	0	0	0.495	0.18	0	0.31	0.795	0.845	0	0.24	0.94	0	0	0.79	0.465	0	0.245	0.89	0.725	0.235	0.93	0.19	0.81	0.82	0.9	0	0	0.47	0	0	0.395	0.925	0.82	0	0	0.815	0	0	0.855	0.865	0.94	0.285	0.79	0.75	0.355	0	0.32	0.94	0.235	0.245	0.44	0	0.785	0.64		0.915	0.94	0	0.895	0.67	0.5	0.82	0.87	0.245	0.905	0	0.8	0.5	0	0.2	0.89	0.83	0.94	0	0	0	0.685	0	0.9
Plumapathes_pennacea	0	0.815	0.77	0.975	0.895	0	0.97	0.975	0	0.88	0.42	0	0.29	0.23	0.39	0	0	0.57	0	0	0.495	0.18	0	0.37	0.835	0.88	0	0.24	0.975	0	0	0.825	0.465	0	0.245	0.945	0.755	0.285	0.965	0.21	0.85	0.88	0.895	0	0	0.49	0	0	0.455	0.93	0.88	0	0	0.875	0	0	0.885	0.9	0.975	0.345	0.84	0.78	0.355	0	0.355	0.975	0.295	0.28	0.475	0	0.81	0.665	0.915		0.975	0	0.93	0.725	0.5	0.87	0.915	0.3	0.94	0	0.855	0.5	0	0.25	0.945	0.88	0.975	0	0	0	0.72	0	0.89
Porites_australiensis	0	0.825	0.795	1	0.92	0	0.97	0.98	0	0.89	0.445	0	0.29	0.23	0.41	0	0	0.57	0	0	0.495	0.18	0	0.37	0.835	0.88	0	0.24	1	0	0	0.85	0.465	0	0.245	0.945	0.765	0.285	0.99	0.21	0.86	0.88	0.92	0	0	0.49	0	0	0.455	0.955	0.88	0	0	0.875	0	0	0.885	0.925	1	0.345	0.85	0.79	0.355	0	0.355	1	0.295	0.305	0.5	0	0.835	0.69	0.94	0.975		0	0.955	0.73	0.5	0.88	0.93	0.305	0.965	0	0.86	0.5	0	0.25	0.95	0.88	1	0	0	0	0.72	0	0.915
Rossella_fibulata	0	0	0	0	0	0	0	0	0	0	0	0	0	0	0	0	0	0	0	0	0	0	0	0	0	0	0	0	0	0	0	0	0	0	0	0	0	0	0	0	0	0	0	0	0	0	0	0	0	0	0	0	0	0	0	0	0	0	0	0	0	0	0	0	0	0	0	0	0	0	0	0	0	0	0		0	0	0	0	0	0	0	0	0	0	0	0	0	0	0	0	0	0	0	0	0
Saccoglossus_kowalevskii	0	0.825	0.795	0.955	0.875	0	0.925	0.935	0	0.845	0.4	0	0.245	0.23	0.375	0	0	0.525	0	0	0.495	0.18	0	0.36	0.815	0.835	0	0.24	0.955	0	0	0.85	0.465	0	0.245	0.9	0.765	0.285	0.945	0.21	0.855	0.835	0.875	0	0	0.49	0	0	0.41	0.91	0.835	0	0	0.86	0	0	0.84	0.925	0.955	0.3	0.85	0.79	0.355	0	0.355	0.955	0.295	0.305	0.455	0	0.79	0.645	0.895	0.93	0.955	0		0.73	0.5	0.835	0.885	0.305	0.92	0	0.845	0.5	0	0.25	0.91	0.835	0.955	0	0	0	0.675	0	0.87
Salpingoeca_dolichothecata_16	0	0.73	0.73	0.73	0.7	0	0.725	0.725	0	0.73	0.305	0	0.185	0.23	0.36	0	0	0.43	0	0	0.425	0.18	0	0.3	0.685	0.7	0	0.24	0.73	0	0	0.73	0.425	0	0.245	0.72	0.685	0.285	0.725	0.21	0.72	0.725	0.655	0	0	0.415	0	0	0.3	0.685	0.685	0	0	0.725	0	0	0.67	0.73	0.73	0.265	0.73	0.71	0.285	0	0.275	0.73	0.295	0.26	0.305	0	0.625	0.495	0.67	0.725	0.73	0	0.73		0.425	0.73	0.73	0.305	0.73	0	0.685	0.425	0	0.25	0.73	0.7	0.73	0	0	0	0.6	0	0.645
Salpingoeca_helianthica_18	0	0.465	0.465	0.5	0.49	0	0.5	0.5	0	0.5	0	0	0	0	0.12	0	0	0.135	0	0	0.495	0	0	0	0.5	0.45	0	0.24	0.5	0	0	0.5	0.465	0	0.245	0.495	0.5	0	0.49	0	0.5	0.5	0.495	0	0	0.275	0	0	0	0.485	0.42	0	0	0.5	0	0	0.475	0.5	0.5	0	0.465	0.5	0.355	0	0	0.5	0	0	0	0	0.365	0.235	0.5	0.5	0.5	0	0.5	0.425		0.44	0.5	0	0.465	0	0.5	0.5	0	0	0.5	0.5	0.5	0	0	0	0.33	0	0.5
Salpingoeca_infusionum_12	0	0.79	0.74	0.88	0.82	0	0.87	0.87	0	0.83	0.415	0	0.29	0.23	0.4	0	0	0.56	0	0	0.44	0.18	0	0.37	0.775	0.835	0	0.24	0.88	0	0	0.75	0.43	0	0.245	0.865	0.705	0.285	0.875	0.21	0.8	0.82	0.805	0	0	0.43	0	0	0.43	0.835	0.815	0	0	0.815	0	0	0.815	0.805	0.88	0.345	0.81	0.73	0.295	0	0.35	0.88	0.295	0.265	0.44	0	0.775	0.63	0.82	0.87	0.88	0	0.835	0.73	0.44		0.865	0.305	0.87	0	0.8	0.44	0	0.25	0.87	0.82	0.88	0	0	0	0.72	0	0.795
Salpingoeca_macrocollata_06	0	0.825	0.78	0.93	0.88	0	0.915	0.915	0	0.89	0.42	0	0.29	0.23	0.405	0	0	0.545	0	0	0.495	0.18	0	0.37	0.835	0.84	0	0.24	0.93	0	0	0.815	0.465	0	0.245	0.905	0.765	0.285	0.92	0.21	0.86	0.88	0.85	0	0	0.49	0	0	0.415	0.885	0.835	0	0	0.875	0	0	0.86	0.855	0.93	0.345	0.83	0.79	0.355	0	0.335	0.93	0.295	0.27	0.43	0	0.765	0.62	0.87	0.915	0.93	0	0.885	0.73	0.5	0.865		0.305	0.895	0	0.845	0.5	0	0.25	0.915	0.88	0.93	0	0	0	0.72	0	0.845
Salpingoeca_punica_03	0	0.305	0.305	0.305	0.28	0	0.3	0.3	0	0.305	0.305	0	0.185	0.23	0.24	0	0	0.295	0	0	0	0.18	0	0.3	0.26	0.275	0	0	0.305	0	0	0.305	0	0	0	0.295	0.26	0.285	0.305	0.21	0.295	0.3	0.23	0	0	0.215	0	0	0.3	0.275	0.3	0	0	0.3	0	0	0.27	0.305	0.305	0.265	0.305	0.285	0	0	0.275	0.305	0.295	0.26	0.305	0	0.275	0.26	0.245	0.3	0.305	0	0.305	0.305	0	0.305	0.305		0.305	0	0.26	0	0	0.25	0.305	0.275	0.305	0	0	0	0.275	0	0.22
Salpingoeca_qvevrii_09	0	0.825	0.795	0.965	0.885	0	0.935	0.945	0	0.855	0.445	0	0.29	0.23	0.41	0	0	0.57	0	0	0.46	0.18	0	0.37	0.8	0.88	0	0.24	0.965	0	0	0.815	0.465	0	0.245	0.91	0.73	0.285	0.955	0.21	0.825	0.845	0.885	0	0	0.455	0	0	0.455	0.92	0.88	0	0	0.84	0	0	0.85	0.89	0.965	0.345	0.85	0.755	0.32	0	0.355	0.965	0.295	0.305	0.5	0	0.825	0.69	0.905	0.94	0.965	0	0.92	0.73	0.465	0.87	0.895	0.305		0	0.825	0.465	0	0.25	0.915	0.845	0.965	0	0	0	0.72	0	0.88
Salpingoeca_roanoka_13	0	0	0	0	0	0	0	0	0	0	0	0	0	0	0	0	0	0	0	0	0	0	0	0	0	0	0	0	0	0	0	0	0	0	0	0	0	0	0	0	0	0	0	0	0	0	0	0	0	0	0	0	0	0	0	0	0	0	0	0	0	0	0	0	0	0	0	0	0	0	0	0	0	0	0	0	0	0	0	0	0	0	0		0	0	0	0	0	0	0	0	0	0	0	0	0
Salpingoeca_rosetta	0	0.775	0.725	0.86	0.795	0	0.855	0.855	0	0.81	0.335	0	0.215	0.185	0.32	0	0	0.485	0	0	0.495	0.135	0	0.325	0.785	0.78	0	0.24	0.86	0	0	0.76	0.465	0	0.245	0.845	0.715	0.24	0.85	0.165	0.81	0.805	0.78	0	0	0.445	0	0	0.355	0.815	0.775	0	0	0.83	0	0	0.8	0.815	0.86	0.27	0.795	0.74	0.355	0	0.305	0.86	0.255	0.215	0.36	0	0.715	0.55	0.8	0.855	0.86	0	0.845	0.685	0.5	0.8	0.845	0.26	0.825	0		0.5	0	0.205	0.86	0.805	0.86	0	0	0	0.645	0	0.795
Salpingoeca_urceolata_04	0	0.465	0.465	0.5	0.49	0	0.5	0.5	0	0.5	0	0	0	0	0.12	0	0	0.135	0	0	0.495	0	0	0	0.5	0.45	0	0.24	0.5	0	0	0.5	0.465	0	0.245	0.495	0.5	0	0.49	0	0.5	0.5	0.495	0	0	0.275	0	0	0	0.485	0.42	0	0	0.5	0	0	0.475	0.5	0.5	0	0.465	0.5	0.355	0	0	0.5	0	0	0	0	0.365	0.235	0.5	0.5	0.5	0	0.5	0.425	0.5	0.44	0.5	0	0.465	0	0.5		0	0	0.5	0.5	0.5	0	0	0	0.33	0	0.5
Sphaeroforma_arctica_JP610	0	0	0	0	0	0	0	0	0	0	0	0	0	0	0	0	0	0	0	0	0	0	0	0	0	0	0	0	0	0	0	0	0	0	0	0	0	0	0	0	0	0	0	0	0	0	0	0	0	0	0	0	0	0	0	0	0	0	0	0	0	0	0	0	0	0	0	0	0	0	0	0	0	0	0	0	0	0	0	0	0	0	0	0	0	0		0	0	0	0	0	0	0	0	0	0
Spongilla_lacustris	0	0.25	0.25	0.25	0.25	0	0.25	0.25	0	0.25	0.25	0	0.185	0.205	0.23	0	0	0.245	0	0	0	0.155	0	0.25	0.235	0.225	0	0	0.25	0	0	0.25	0	0	0	0.245	0.23	0.25	0.25	0.185	0.24	0.25	0.2	0	0	0.19	0	0	0.25	0.22	0.25	0	0	0.25	0	0	0.22	0.25	0.25	0.24	0.25	0.23	0	0	0.225	0.25	0.245	0.23	0.25	0	0.22	0.23	0.2	0.25	0.25	0	0.25	0.25	0	0.25	0.25	0.25	0.25	0	0.205	0	0		0.25	0.25	0.25	0	0	0	0.225	0	0.165
Stephanoeca_diplocostata_AUFR	0	0.82	0.77	0.95	0.87	0	0.945	0.945	0	0.88	0.405	0	0.285	0.23	0.39	0	0	0.565	0	0	0.495	0.18	0	0.37	0.835	0.87	0	0.24	0.95	0	0	0.805	0.465	0	0.245	0.935	0.76	0.285	0.94	0.21	0.855	0.875	0.87	0	0	0.49	0	0	0.445	0.905	0.865	0	0	0.875	0	0	0.88	0.88	0.95	0.34	0.845	0.785	0.355	0	0.355	0.95	0.295	0.26	0.45	0	0.785	0.64	0.89	0.945	0.95	0	0.91	0.73	0.5	0.87	0.915	0.305	0.915	0	0.86	0.5	0	0.25		0.875	0.95	0	0	0	0.715	0	0.865
Stomolophus_meleagris	0	0.78	0.74	0.88	0.84	0	0.88	0.88	0	0.855	0.38	0	0.29	0.23	0.39	0	0	0.51	0	0	0.495	0.18	0	0.345	0.835	0.805	0	0.24	0.88	0	0	0.775	0.465	0	0.245	0.87	0.73	0.275	0.87	0.21	0.825	0.855	0.825	0	0	0.49	0	0	0.38	0.835	0.8	0	0	0.85	0	0	0.825	0.805	0.88	0.32	0.785	0.755	0.355	0	0.3	0.88	0.27	0.23	0.38	0	0.715	0.595	0.83	0.88	0.88	0	0.835	0.7	0.5	0.82	0.88	0.275	0.845	0	0.805	0.5	0	0.25	0.875		0.88	0	0	0	0.685	0	0.795
Strongylocentrotus_purpuratus	0	0.825	0.795	1	0.92	0	0.97	0.98	0	0.89	0.445	0	0.29	0.23	0.41	0	0	0.57	0	0	0.495	0.18	0	0.37	0.835	0.88	0	0.24	1	0	0	0.85	0.465	0	0.245	0.945	0.765	0.285	0.99	0.21	0.86	0.88	0.92	0	0	0.49	0	0	0.455	0.955	0.88	0	0	0.875	0	0	0.885	0.925	1	0.345	0.85	0.79	0.355	0	0.355	1	0.295	0.305	0.5	0	0.835	0.69	0.94	0.975	1	0	0.955	0.73	0.5	0.88	0.93	0.305	0.965	0	0.86	0.5	0	0.25	0.95	0.88		0	0	0	0.72	0	0.915
Sycon_ciliatum	0	0	0	0	0	0	0	0	0	0	0	0	0	0	0	0	0	0	0	0	0	0	0	0	0	0	0	0	0	0	0	0	0	0	0	0	0	0	0	0	0	0	0	0	0	0	0	0	0	0	0	0	0	0	0	0	0	0	0	0	0	0	0	0	0	0	0	0	0	0	0	0	0	0	0	0	0	0	0	0	0	0	0	0	0	0	0	0	0	0	0		0	0	0	0	0
Sycon_coactum	0	0	0	0	0	0	0	0	0	0	0	0	0	0	0	0	0	0	0	0	0	0	0	0	0	0	0	0	0	0	0	0	0	0	0	0	0	0	0	0	0	0	0	0	0	0	0	0	0	0	0	0	0	0	0	0	0	0	0	0	0	0	0	0	0	0	0	0	0	0	0	0	0	0	0	0	0	0	0	0	0	0	0	0	0	0	0	0	0	0	0	0		0	0	0	0
Sympagella_nux	0	0	0	0	0	0	0	0	0	0	0	0	0	0	0	0	0	0	0	0	0	0	0	0	0	0	0	0	0	0	0	0	0	0	0	0	0	0	0	0	0	0	0	0	0	0	0	0	0	0	0	0	0	0	0	0	0	0	0	0	0	0	0	0	0	0	0	0	0	0	0	0	0	0	0	0	0	0	0	0	0	0	0	0	0	0	0	0	0	0	0	0	0		0	0	0
Tribolium_castaneum	0	0.655	0.605	0.72	0.68	0	0.72	0.72	0	0.685	0.38	0	0.265	0.23	0.365	0	0	0.52	0	0	0.33	0.18	0	0.345	0.64	0.72	0	0.175	0.72	0	0	0.605	0.33	0	0.175	0.715	0.56	0.26	0.72	0.21	0.655	0.685	0.67	0	0	0.37	0	0	0.39	0.7	0.675	0	0	0.68	0	0	0.715	0.645	0.72	0.32	0.66	0.595	0.185	0	0.335	0.72	0.27	0.23	0.39	0	0.66	0.53	0.685	0.72	0.72	0	0.675	0.6	0.33	0.72	0.72	0.275	0.72	0	0.645	0.33	0	0.225	0.715	0.685	0.72	0	0	0		0	0.66
Trichoplax_adhaerens	0	0	0	0	0	0	0	0	0	0	0	0	0	0	0	0	0	0	0	0	0	0	0	0	0	0	0	0	0	0	0	0	0	0	0	0	0	0	0	0	0	0	0	0	0	0	0	0	0	0	0	0	0	0	0	0	0	0	0	0	0	0	0	0	0	0	0	0	0	0	0	0	0	0	0	0	0	0	0	0	0	0	0	0	0	0	0	0	0	0	0	0	0	0	0		0
Vallicula_multiformis	0	0.74	0.71	0.915	0.835	0	0.885	0.895	0	0.805	0.36	0	0.225	0.17	0.325	0	0	0.49	0	0	0.495	0.14	0	0.285	0.76	0.82	0	0.24	0.915	0	0	0.765	0.465	0	0.245	0.86	0.7	0.2	0.905	0.15	0.785	0.795	0.86	0	0	0.43	0	0	0.37	0.895	0.795	0	0	0.79	0	0	0.825	0.84	0.915	0.26	0.765	0.725	0.355	0	0.295	0.915	0.21	0.22	0.415	0	0.78	0.605	0.9	0.89	0.915	0	0.87	0.645	0.5	0.795	0.845	0.22	0.88	0	0.795	0.5	0	0.165	0.865	0.795	0.915	0	0	0	0.66	0	
