	Abeoforma_whisleri	Acanthoeca_sp_10tr	Acanthoeca_spectabilis_VA_02	Aiptasia_pallida	Alatina_alata	Amoebidium_parasiticum_JAP72	Amphimedon_queenslandica	Antipathes_caribbeana	Aphrocallistes_vastus	Aplysia_californica	Atolla_vanhoeffeni	Aurelia_aurita	Beroe_abyssicola	Beroe_sp	Bolinopsis_infundibulum	Bolocera_tuedia	Branchiostoma_floridae	Capitella_teleta	Capsaspora_owczarzaki_atcc30864	Cestum_veneris	Choanoeca_perplexa_11	Chondrilla_nucula	Clathrina_coriacea	Clytia_hemisphaerica	Codosiga_hollandica_17	Coeloplana_species	Corticium_candelabrum	Craspedacusta_sowerbyi	Crassostrea_gigas	Creolimax_fragrantissima	Daphnia_pulex	Diaphanoeca_grandis_RI_01	Didymoeca_costata_10	Dryodora_glandiformis	Edwardsiella_lineata	Ephydatia_muelleri	Euplectella_aspergillum	Euplokamis_dunlapae	Gorgonia_ventalina	Grantia_compressa	Helobdella_robusta	Homo_sapiens	Hormiphora_californensis	Hyalonema_populiferum	Hydra_magnipapillata	Hydractinia_polyclina	Ircinia_fasciculata	Ixodes_scapularis	Kirkpatrickia_variolosa	Lampea_pancerina	Latrunculia_apicalis	Leuconia_nivea	Leucosolenia_complicata	Liriope_tetraphylla	Lucernariopsis_campanulata	Ministeria_vibrans	Mnemiopsis_leidyi	Monosiga_brevicollis_mx1	Montastraea_faveolata	Mycale_phyllophila	Mylnosiga_fluctuans_19	Nanomia_bijuga	Nematostella_vectensis	Oscarella_carmela	Oscarella_species	Pelagia_noctiluca	Pennatula_rubra	Periphylla_periphylla	Petrosia_ficiformis	Pirum_gemmata	Plakina_jani	Pleraplysilla_spinifera	Pleurobrachia_species	Plumapathes_pennacea	Porites_australiensis	Rossella_fibulata	Saccoglossus_kowalevskii	Salpingoeca_dolichothecata_16	Salpingoeca_helianthica_18	Salpingoeca_infusionum_12	Salpingoeca_macrocollata_06	Salpingoeca_punica_03	Salpingoeca_qvevrii_09	Salpingoeca_roanoka_13	Salpingoeca_rosetta	Salpingoeca_urceolata_04	Sphaeroforma_arctica_JP610	Spongilla_lacustris	Stephanoeca_diplocostata_AUFR	Stomolophus_meleagris	Strongylocentrotus_purpuratus	Sycon_ciliatum	Sycon_coactum	Sympagella_nux	Tribolium_castaneum	Trichoplax_adhaerens	Vallicula_multiformis
Abeoforma_whisleri		0.04375	0.08125	0	0.09375	1	0.175	0	0.05625	0	0.6125	0.0875	0.04375	1	1	0.0625	0.00625	0	1	1	0.28125	1	1	0.28125	0.65	0.00625	0	0	0.09375	1	0.15	0.08125	1	1	0	0.0625	0.1875	1	0	1	0.00625	0	0.00625	1	0	0	1	0.38125	1	0	1	1	1	0.0125	0.29375	1	0	0.13125	0	1	0.01875	0	0	0.7	0	0.1125	1	1	0.33125	1	0	1	0.03125	0	0	1	0.5625	0.325	0.01875	0.075	0	0.6125	0.09375	0.1125	0.16875	0.0125	1	0.05625	0.125	0	0.25	1	0.6125	0.0625	0.51875	0.00625	0
Acanthoeca_sp_10tr	0.04375		0.04375	0	0	0.04375	0	0	0	0	0.04375	0.04375	0	0.04375	0.04375	0	0.00625	0	0.04375	0.04375	0.01875	0.04375	0.04375	0	0.01875	0	0	0	0.04375	0.04375	0.0375	0	0.04375	0.04375	0	0.00625	0.04375	0.04375	0	0.04375	0.00625	0	0	0.04375	0	0	0.04375	0.04375	0.04375	0	0.04375	0.04375	0.04375	0	0.04375	0.04375	0	0.01875	0	0.04375	0	0	0	0.04375	0	0	0.04375	0.04375	0.04375	0.04375	0	0.04375	0	0	0	0.04375	0	0.04375	0	0	0	0.00625	0	0.04375	0.04375	0.0125	0.04375	0.00625	0.04375	0	0.04375	0.04375	0.0125	0.0125	0.04375	0.00625	0
Acanthoeca_spectabilis_VA_02	0.08125	0.04375		0	0	0.08125	0	0	0	0	0.08125	0.04375	0	0.08125	0.08125	0	0.00625	0	0.08125	0.08125	0.05625	0.08125	0.08125	0.0375	0.05625	0.00625	0	0	0.04375	0.08125	0.0375	0	0.08125	0.08125	0	0.00625	0.08125	0.08125	0	0.08125	0.00625	0	0	0.08125	0	0	0.08125	0.04375	0.08125	0	0.08125	0.08125	0.08125	0	0.04375	0.08125	0	0.01875	0	0.08125	0	0	0	0.04375	0	0	0.08125	0.08125	0.04375	0.08125	0	0.08125	0.03125	0	0	0.08125	0.0375	0.04375	0	0	0	0.04375	0.0375	0.04375	0.05	0.0125	0.08125	0.00625	0.04375	0	0.04375	0.08125	0.05	0.0125	0.04375	0.00625	0
Aiptasia_pallida	0	0	0		0	0	0	0	0	0	0	0	0	0	0	0	0	0	0	0	0	0	0	0	0	0	0	0	0	0	0	0	0	0	0	0	0	0	0	0	0	0	0	0	0	0	0	0	0	0	0	0	0	0	0	0	0	0	0	0	0	0	0	0	0	0	0	0	0	0	0	0	0	0	0	0	0	0	0	0	0	0	0	0	0	0	0	0	0	0	0	0	0	0	0	0	0
Alatina_alata	0.09375	0	0	0		0.09375	0.05	0	0.0375	0	0	0	0	0.09375	0.09375	0.0625	0	0	0.09375	0.09375	0.06875	0.09375	0.09375	0	0.05625	0	0	0	0	0.09375	0.05625	0	0.09375	0.09375	0	0.05	0.0375	0.09375	0	0.09375	0	0	0	0.09375	0	0	0.09375	0	0.09375	0	0.09375	0.09375	0.09375	0	0.01875	0.09375	0	0.05	0	0.09375	0.01875	0	0	0.09375	0	0	0.09375	0.09375	0.05	0.09375	0	0.09375	0	0	0	0.09375	0	0.05	0.01875	0.0625	0	0	0	0.05	0.05	0	0.09375	0.05	0	0	0.04375	0.09375	0	0.05	0.04375	0	0
Amoebidium_parasiticum_JAP72	1	0.04375	0.08125	0	0.09375		0.175	0	0.05625	0	0.6125	0.0875	0.04375	1	1	0.0625	0.00625	0	1	1	0.28125	1	1	0.28125	0.65	0.00625	0	0	0.09375	1	0.15	0.08125	1	1	0	0.0625	0.1875	1	0	1	0.00625	0	0.00625	1	0	0	1	0.38125	1	0	1	1	1	0.0125	0.29375	1	0	0.13125	0	1	0.01875	0	0	0.7	0	0.1125	1	1	0.33125	1	0	1	0.03125	0	0	1	0.5625	0.325	0.01875	0.075	0	0.6125	0.09375	0.1125	0.16875	0.0125	1	0.05625	0.125	0	0.25	1	0.6125	0.0625	0.51875	0.00625	0
Amphimedon_queenslandica	0.175	0	0	0	0.05	0.175		0	0.05625	0	0.05625	0	0	0.175	0.175	0.04375	0	0	0.175	0.175	0.13125	0.175	0.175	0	0.16875	0	0	0	0	0.175	0.10625	0.0625	0.175	0.175	0	0.05625	0.0375	0.175	0	0.175	0	0	0	0.175	0	0	0.175	0.01875	0.175	0	0.175	0.175	0.175	0	0.0375	0.175	0	0.06875	0	0.175	0.01875	0	0	0.175	0	0	0.175	0.175	0.1125	0.175	0	0.175	0	0	0	0.175	0.10625	0.06875	0.01875	0.0625	0	0.10625	0	0.0625	0.0625	0	0.175	0.05	0.0625	0	0.04375	0.175	0.10625	0.04375	0.16875	0	0
Antipathes_caribbeana	0	0	0	0	0	0	0		0	0	0	0	0	0	0	0	0	0	0	0	0	0	0	0	0	0	0	0	0	0	0	0	0	0	0	0	0	0	0	0	0	0	0	0	0	0	0	0	0	0	0	0	0	0	0	0	0	0	0	0	0	0	0	0	0	0	0	0	0	0	0	0	0	0	0	0	0	0	0	0	0	0	0	0	0	0	0	0	0	0	0	0	0	0	0	0	0
Aphrocallistes_vastus	0.05625	0	0	0	0.0375	0.05625	0.05625	0		0	0.0125	0	0	0.05625	0.05625	0.03125	0	0	0.05625	0.05625	0.05625	0.05625	0.05625	0	0.05	0	0	0	0	0.05625	0.05625	0	0.05625	0.05625	0	0.04375	0.03125	0.05625	0	0.05625	0	0	0	0.05625	0	0	0.05625	0	0.05625	0	0.05625	0.05625	0.05625	0	0.0375	0.05625	0	0.05625	0	0.05625	0.0125	0	0	0.05625	0	0	0.05625	0.05625	0.05625	0.05625	0	0.05625	0	0	0	0.05625	0	0.05625	0.0125	0.05	0	0	0	0.05	0.05	0	0.05625	0.0375	0	0	0.03125	0.05625	0	0.03125	0.05625	0	0
Aplysia_californica	0	0	0	0	0	0	0	0	0		0	0	0	0	0	0	0	0	0	0	0	0	0	0	0	0	0	0	0	0	0	0	0	0	0	0	0	0	0	0	0	0	0	0	0	0	0	0	0	0	0	0	0	0	0	0	0	0	0	0	0	0	0	0	0	0	0	0	0	0	0	0	0	0	0	0	0	0	0	0	0	0	0	0	0	0	0	0	0	0	0	0	0	0	0	0	0
Atolla_vanhoeffeni	0.6125	0.04375	0.08125	0	0	0.6125	0.05625	0	0.0125	0		0.0875	0	0.6125	0.6125	0	0.00625	0	0.6125	0.6125	0.1875	0.6125	0.6125	0.28125	0.36875	0.00625	0	0	0.09375	0.6125	0.05	0.0625	0.6125	0.6125	0	0.00625	0.14375	0.6125	0	0.6125	0.00625	0	0.00625	0.6125	0	0	0.6125	0.20625	0.6125	0	0.6125	0.6125	0.6125	0.0125	0.26875	0.6125	0	0.075	0	0.6125	0	0	0	0.3125	0	0	0.6125	0.6125	0.175	0.6125	0	0.6125	0.03125	0	0	0.6125	0.34375	0.26875	0	0.00625	0	0.35	0.09375	0.05625	0.1125	0.0125	0.6125	0.00625	0.10625	0	0.20625	0.6125	0.35625	0.0125	0.3125	0.00625	0
Aurelia_aurita	0.0875	0.04375	0.04375	0	0	0.0875	0	0	0	0	0.0875		0	0.0875	0.0875	0	0.00625	0	0.0875	0.0875	0.01875	0.0875	0.0875	0	0.01875	0	0	0	0.0875	0.0875	0.0375	0	0.0875	0.0875	0	0.00625	0.04375	0.0875	0	0.0875	0.00625	0	0	0.0875	0	0	0.0875	0.0875	0.0875	0	0.0875	0.0875	0.0875	0	0.0875	0.0875	0	0.05	0	0.0875	0	0	0	0.0875	0	0	0.0875	0.0875	0.0875	0.0875	0	0.0875	0	0	0	0.0875	0	0.0875	0	0	0	0.00625	0	0.05	0.0875	0.0125	0.0875	0.00625	0.05	0	0.0875	0.0875	0.0125	0.0125	0.05625	0.00625	0
Beroe_abyssicola	0.04375	0	0	0	0	0.04375	0	0	0	0	0	0		0.04375	0.04375	0	0	0	0.04375	0.04375	0	0.04375	0.04375	0	0.04375	0	0	0	0	0.04375	0	0	0.04375	0.04375	0	0	0	0.04375	0	0.04375	0	0	0	0.04375	0	0	0.04375	0.04375	0.04375	0	0.04375	0.04375	0.04375	0	0	0.04375	0	0	0	0.04375	0	0	0	0.04375	0	0.04375	0.04375	0.04375	0.04375	0.04375	0	0.04375	0	0	0	0.04375	0.04375	0	0	0	0	0.04375	0	0	0	0	0.04375	0	0	0	0	0.04375	0.04375	0	0.04375	0	0
Beroe_sp	1	0.04375	0.08125	0	0.09375	1	0.175	0	0.05625	0	0.6125	0.0875	0.04375		1	0.0625	0.00625	0	1	1	0.28125	1	1	0.28125	0.65	0.00625	0	0	0.09375	1	0.15	0.08125	1	1	0	0.0625	0.1875	1	0	1	0.00625	0	0.00625	1	0	0	1	0.38125	1	0	1	1	1	0.0125	0.29375	1	0	0.13125	0	1	0.01875	0	0	0.7	0	0.1125	1	1	0.33125	1	0	1	0.03125	0	0	1	0.5625	0.325	0.01875	0.075	0	0.6125	0.09375	0.1125	0.16875	0.0125	1	0.05625	0.125	0	0.25	1	0.6125	0.0625	0.51875	0.00625	0
Bolinopsis_infundibulum	1	0.04375	0.08125	0	0.09375	1	0.175	0	0.05625	0	0.6125	0.0875	0.04375	1		0.0625	0.00625	0	1	1	0.28125	1	1	0.28125	0.65	0.00625	0	0	0.09375	1	0.15	0.08125	1	1	0	0.0625	0.1875	1	0	1	0.00625	0	0.00625	1	0	0	1	0.38125	1	0	1	1	1	0.0125	0.29375	1	0	0.13125	0	1	0.01875	0	0	0.7	0	0.1125	1	1	0.33125	1	0	1	0.03125	0	0	1	0.5625	0.325	0.01875	0.075	0	0.6125	0.09375	0.1125	0.16875	0.0125	1	0.05625	0.125	0	0.25	1	0.6125	0.0625	0.51875	0.00625	0
Bolocera_tuedia	0.0625	0	0	0	0.0625	0.0625	0.04375	0	0.03125	0	0	0	0	0.0625	0.0625		0	0	0.0625	0.0625	0.0625	0.0625	0.0625	0	0.05	0	0	0	0	0.0625	0.05	0	0.0625	0.0625	0	0.04375	0.0375	0.0625	0	0.0625	0	0	0	0.0625	0	0	0.0625	0	0.0625	0	0.0625	0.0625	0.0625	0	0.0125	0.0625	0	0.04375	0	0.0625	0.01875	0	0	0.0625	0	0	0.0625	0.0625	0.04375	0.0625	0	0.0625	0	0	0	0.0625	0	0.04375	0.01875	0.05625	0	0	0	0.04375	0.04375	0	0.0625	0.04375	0	0	0.04375	0.0625	0	0.05	0.0375	0	0
Branchiostoma_floridae	0.00625	0.00625	0.00625	0	0	0.00625	0	0	0	0	0.00625	0.00625	0	0.00625	0.00625	0		0	0.00625	0.00625	0.00625	0.00625	0.00625	0	0.00625	0	0	0	0.00625	0.00625	0.00625	0	0.00625	0.00625	0	0.00625	0.00625	0.00625	0	0.00625	0.00625	0	0	0.00625	0	0	0.00625	0.00625	0.00625	0	0.00625	0.00625	0.00625	0	0.00625	0.00625	0	0.00625	0	0.00625	0	0	0	0.00625	0	0	0.00625	0.00625	0.00625	0.00625	0	0.00625	0	0	0	0.00625	0	0.00625	0	0	0	0.00625	0	0.00625	0.00625	0.00625	0.00625	0.00625	0.00625	0	0.00625	0.00625	0.00625	0.00625	0.00625	0.00625	0
Capitella_teleta	0	0	0	0	0	0	0	0	0	0	0	0	0	0	0	0	0		0	0	0	0	0	0	0	0	0	0	0	0	0	0	0	0	0	0	0	0	0	0	0	0	0	0	0	0	0	0	0	0	0	0	0	0	0	0	0	0	0	0	0	0	0	0	0	0	0	0	0	0	0	0	0	0	0	0	0	0	0	0	0	0	0	0	0	0	0	0	0	0	0	0	0	0	0	0	0
Capsaspora_owczarzaki_atcc30864	1	0.04375	0.08125	0	0.09375	1	0.175	0	0.05625	0	0.6125	0.0875	0.04375	1	1	0.0625	0.00625	0		1	0.28125	1	1	0.28125	0.65	0.00625	0	0	0.09375	1	0.15	0.08125	1	1	0	0.0625	0.1875	1	0	1	0.00625	0	0.00625	1	0	0	1	0.38125	1	0	1	1	1	0.0125	0.29375	1	0	0.13125	0	1	0.01875	0	0	0.7	0	0.1125	1	1	0.33125	1	0	1	0.03125	0	0	1	0.5625	0.325	0.01875	0.075	0	0.6125	0.09375	0.1125	0.16875	0.0125	1	0.05625	0.125	0	0.25	1	0.6125	0.0625	0.51875	0.00625	0
Cestum_veneris	1	0.04375	0.08125	0	0.09375	1	0.175	0	0.05625	0	0.6125	0.0875	0.04375	1	1	0.0625	0.00625	0	1		0.28125	1	1	0.28125	0.65	0.00625	0	0	0.09375	1	0.15	0.08125	1	1	0	0.0625	0.1875	1	0	1	0.00625	0	0.00625	1	0	0	1	0.38125	1	0	1	1	1	0.0125	0.29375	1	0	0.13125	0	1	0.01875	0	0	0.7	0	0.1125	1	1	0.33125	1	0	1	0.03125	0	0	1	0.5625	0.325	0.01875	0.075	0	0.6125	0.09375	0.1125	0.16875	0.0125	1	0.05625	0.125	0	0.25	1	0.6125	0.0625	0.51875	0.00625	0
Choanoeca_perplexa_11	0.28125	0.01875	0.05625	0	0.06875	0.28125	0.13125	0	0.05625	0	0.1875	0.01875	0	0.28125	0.28125	0.0625	0.00625	0	0.28125	0.28125		0.28125	0.28125	0.09375	0.2625	0.00625	0	0	0.01875	0.28125	0.09375	0.08125	0.28125	0.28125	0	0.0625	0.14375	0.28125	0	0.28125	0.00625	0	0	0.28125	0	0	0.28125	0.01875	0.28125	0	0.28125	0.28125	0.28125	0	0.05625	0.28125	0	0.0875	0	0.28125	0.01875	0	0	0.16875	0	0	0.28125	0.28125	0.0875	0.28125	0	0.28125	0.03125	0	0	0.28125	0.175	0.0875	0.01875	0.075	0	0.18125	0.0875	0.08125	0.0875	0.0125	0.28125	0.05625	0.09375	0	0.0625	0.28125	0.1875	0.0625	0.16875	0.00625	0
Chondrilla_nucula	1	0.04375	0.08125	0	0.09375	1	0.175	0	0.05625	0	0.6125	0.0875	0.04375	1	1	0.0625	0.00625	0	1	1	0.28125		1	0.28125	0.65	0.00625	0	0	0.09375	1	0.15	0.08125	1	1	0	0.0625	0.1875	1	0	1	0.00625	0	0.00625	1	0	0	1	0.38125	1	0	1	1	1	0.0125	0.29375	1	0	0.13125	0	1	0.01875	0	0	0.7	0	0.1125	1	1	0.33125	1	0	1	0.03125	0	0	1	0.5625	0.325	0.01875	0.075	0	0.6125	0.09375	0.1125	0.16875	0.0125	1	0.05625	0.125	0	0.25	1	0.6125	0.0625	0.51875	0.00625	0
Clathrina_coriacea	1	0.04375	0.08125	0	0.09375	1	0.175	0	0.05625	0	0.6125	0.0875	0.04375	1	1	0.0625	0.00625	0	1	1	0.28125	1		0.28125	0.65	0.00625	0	0	0.09375	1	0.15	0.08125	1	1	0	0.0625	0.1875	1	0	1	0.00625	0	0.00625	1	0	0	1	0.38125	1	0	1	1	1	0.0125	0.29375	1	0	0.13125	0	1	0.01875	0	0	0.7	0	0.1125	1	1	0.33125	1	0	1	0.03125	0	0	1	0.5625	0.325	0.01875	0.075	0	0.6125	0.09375	0.1125	0.16875	0.0125	1	0.05625	0.125	0	0.25	1	0.6125	0.0625	0.51875	0.00625	0
Clytia_hemisphaerica	0.28125	0	0.0375	0	0	0.28125	0	0	0	0	0.28125	0	0	0.28125	0.28125	0	0	0	0.28125	0.28125	0.09375	0.28125	0.28125		0.28125	0.00625	0	0	0	0.28125	0	0.00625	0.28125	0.28125	0	0	0.09375	0.28125	0	0.28125	0	0	0.00625	0.28125	0	0	0.28125	0	0.28125	0	0.28125	0.28125	0.28125	0	0	0.28125	0	0	0	0.28125	0	0	0	0	0	0	0.28125	0.28125	0	0.28125	0	0.28125	0.03125	0	0	0.28125	0.28125	0	0	0	0	0.28125	0.09375	0	0.00625	0	0.28125	0	0.00625	0	0	0.28125	0.28125	0	0.15625	0	0
Codosiga_hollandica_17	0.65	0.01875	0.05625	0	0.05625	0.65	0.16875	0	0.05	0	0.36875	0.01875	0.04375	0.65	0.65	0.05	0.00625	0	0.65	0.65	0.2625	0.65	0.65	0.28125		0.00625	0	0	0.01875	0.65	0.125	0.08125	0.65	0.65	0	0.0625	0.15625	0.65	0	0.65	0.00625	0	0.00625	0.65	0	0	0.65	0.19375	0.65	0	0.65	0.65	0.65	0	0.05	0.65	0	0.08125	0	0.65	0.01875	0	0	0.35	0	0.1125	0.65	0.65	0.18125	0.65	0	0.65	0.03125	0	0	0.65	0.5625	0.08125	0.01875	0.06875	0	0.56875	0.09375	0.08125	0.0875	0.0125	0.65	0.05625	0.09375	0	0.0625	0.65	0.575	0.0625	0.45	0.00625	0
Coeloplana_species	0.00625	0	0.00625	0	0	0.00625	0	0	0	0	0.00625	0	0	0.00625	0.00625	0	0	0	0.00625	0.00625	0.00625	0.00625	0.00625	0.00625	0.00625		0	0	0	0.00625	0	0	0.00625	0.00625	0	0	0.00625	0.00625	0	0.00625	0	0	0	0.00625	0	0	0.00625	0	0.00625	0	0.00625	0.00625	0.00625	0	0	0.00625	0	0	0	0.00625	0	0	0	0	0	0	0.00625	0.00625	0	0.00625	0	0.00625	0.00625	0	0	0.00625	0.00625	0	0	0	0	0.00625	0.00625	0	0.00625	0	0.00625	0	0	0	0	0.00625	0.00625	0	0	0	0
Corticium_candelabrum	0	0	0	0	0	0	0	0	0	0	0	0	0	0	0	0	0	0	0	0	0	0	0	0	0	0		0	0	0	0	0	0	0	0	0	0	0	0	0	0	0	0	0	0	0	0	0	0	0	0	0	0	0	0	0	0	0	0	0	0	0	0	0	0	0	0	0	0	0	0	0	0	0	0	0	0	0	0	0	0	0	0	0	0	0	0	0	0	0	0	0	0	0	0	0	0
Craspedacusta_sowerbyi	0	0	0	0	0	0	0	0	0	0	0	0	0	0	0	0	0	0	0	0	0	0	0	0	0	0	0		0	0	0	0	0	0	0	0	0	0	0	0	0	0	0	0	0	0	0	0	0	0	0	0	0	0	0	0	0	0	0	0	0	0	0	0	0	0	0	0	0	0	0	0	0	0	0	0	0	0	0	0	0	0	0	0	0	0	0	0	0	0	0	0	0	0	0	0	0
Crassostrea_gigas	0.09375	0.04375	0.04375	0	0	0.09375	0	0	0	0	0.09375	0.0875	0	0.09375	0.09375	0	0.00625	0	0.09375	0.09375	0.01875	0.09375	0.09375	0	0.01875	0	0	0		0.09375	0.0375	0	0.09375	0.09375	0	0.00625	0.04375	0.09375	0	0.09375	0.00625	0	0	0.09375	0	0	0.09375	0.09375	0.09375	0	0.09375	0.09375	0.09375	0	0.09375	0.09375	0	0.05625	0	0.09375	0	0	0	0.09375	0	0	0.09375	0.09375	0.09375	0.09375	0	0.09375	0	0	0	0.09375	0	0.09375	0	0	0	0.00625	0	0.05	0.09375	0.0125	0.09375	0.00625	0.05	0	0.09375	0.09375	0.0125	0.0125	0.0625	0.00625	0
Creolimax_fragrantissima	1	0.04375	0.08125	0	0.09375	1	0.175	0	0.05625	0	0.6125	0.0875	0.04375	1	1	0.0625	0.00625	0	1	1	0.28125	1	1	0.28125	0.65	0.00625	0	0	0.09375		0.15	0.08125	1	1	0	0.0625	0.1875	1	0	1	0.00625	0	0.00625	1	0	0	1	0.38125	1	0	1	1	1	0.0125	0.29375	1	0	0.13125	0	1	0.01875	0	0	0.7	0	0.1125	1	1	0.33125	1	0	1	0.03125	0	0	1	0.5625	0.325	0.01875	0.075	0	0.6125	0.09375	0.1125	0.16875	0.0125	1	0.05625	0.125	0	0.25	1	0.6125	0.0625	0.51875	0.00625	0
Daphnia_pulex	0.15	0.0375	0.0375	0	0.05625	0.15	0.10625	0	0.05625	0	0.05	0.0375	0	0.15	0.15	0.05	0.00625	0	0.15	0.15	0.09375	0.15	0.15	0	0.125	0	0	0	0.0375	0.15		0	0.15	0.15	0	0.0625	0.075	0.15	0	0.15	0.00625	0	0	0.15	0	0	0.15	0.05625	0.15	0	0.15	0.15	0.15	0	0.075	0.15	0	0.0875	0	0.15	0.01875	0	0	0.15	0	0	0.15	0.15	0.14375	0.15	0	0.15	0	0	0	0.15	0.0375	0.10625	0.01875	0.06875	0	0.04375	0	0.1	0.1	0.0125	0.15	0.05625	0.0375	0	0.08125	0.15	0.05	0.0625	0.1375	0.00625	0
Diaphanoeca_grandis_RI_01	0.08125	0	0	0	0	0.08125	0.0625	0	0	0	0.0625	0	0	0.08125	0.08125	0	0	0	0.08125	0.08125	0.08125	0.08125	0.08125	0.00625	0.08125	0	0	0	0	0.08125	0		0.08125	0.08125	0	0	0	0.08125	0	0.08125	0	0	0	0.08125	0	0	0.08125	0	0.08125	0	0.08125	0.08125	0.08125	0	0	0.08125	0	0	0	0.08125	0	0	0	0.0625	0	0	0.08125	0.08125	0	0.08125	0	0.08125	0	0	0	0.08125	0.08125	0	0	0	0	0.08125	0	0	0	0	0.08125	0	0.075	0	0	0.08125	0.08125	0	0.08125	0	0
Didymoeca_costata_10	1	0.04375	0.08125	0	0.09375	1	0.175	0	0.05625	0	0.6125	0.0875	0.04375	1	1	0.0625	0.00625	0	1	1	0.28125	1	1	0.28125	0.65	0.00625	0	0	0.09375	1	0.15	0.08125		1	0	0.0625	0.1875	1	0	1	0.00625	0	0.00625	1	0	0	1	0.38125	1	0	1	1	1	0.0125	0.29375	1	0	0.13125	0	1	0.01875	0	0	0.7	0	0.1125	1	1	0.33125	1	0	1	0.03125	0	0	1	0.5625	0.325	0.01875	0.075	0	0.6125	0.09375	0.1125	0.16875	0.0125	1	0.05625	0.125	0	0.25	1	0.6125	0.0625	0.51875	0.00625	0
Dryodora_glandiformis	1	0.04375	0.08125	0	0.09375	1	0.175	0	0.05625	0	0.6125	0.0875	0.04375	1	1	0.0625	0.00625	0	1	1	0.28125	1	1	0.28125	0.65	0.00625	0	0	0.09375	1	0.15	0.08125	1		0	0.0625	0.1875	1	0	1	0.00625	0	0.00625	1	0	0	1	0.38125	1	0	1	1	1	0.0125	0.29375	1	0	0.13125	0	1	0.01875	0	0	0.7	0	0.1125	1	1	0.33125	1	0	1	0.03125	0	0	1	0.5625	0.325	0.01875	0.075	0	0.6125	0.09375	0.1125	0.16875	0.0125	1	0.05625	0.125	0	0.25	1	0.6125	0.0625	0.51875	0.00625	0
Edwardsiella_lineata	0	0	0	0	0	0	0	0	0	0	0	0	0	0	0	0	0	0	0	0	0	0	0	0	0	0	0	0	0	0	0	0	0	0		0	0	0	0	0	0	0	0	0	0	0	0	0	0	0	0	0	0	0	0	0	0	0	0	0	0	0	0	0	0	0	0	0	0	0	0	0	0	0	0	0	0	0	0	0	0	0	0	0	0	0	0	0	0	0	0	0	0	0	0	0	0
Ephydatia_muelleri	0.0625	0.00625	0.00625	0	0.05	0.0625	0.05625	0	0.04375	0	0.00625	0.00625	0	0.0625	0.0625	0.04375	0.00625	0	0.0625	0.0625	0.0625	0.0625	0.0625	0	0.0625	0	0	0	0.00625	0.0625	0.0625	0	0.0625	0.0625	0		0.04375	0.0625	0	0.0625	0.00625	0	0	0.0625	0	0	0.0625	0.00625	0.0625	0	0.0625	0.0625	0.0625	0	0.03125	0.0625	0	0.0625	0	0.0625	0.01875	0	0	0.0625	0	0	0.0625	0.0625	0.0625	0.0625	0	0.0625	0	0	0	0.0625	0	0.0625	0.01875	0.05625	0	0.00625	0	0.0625	0.0625	0.00625	0.0625	0.05625	0.00625	0	0.05	0.0625	0.00625	0.05	0.05625	0.00625	0
Euplectella_aspergillum	0.1875	0.04375	0.08125	0	0.0375	0.1875	0.0375	0	0.03125	0	0.14375	0.04375	0	0.1875	0.1875	0.0375	0.00625	0	0.1875	0.1875	0.14375	0.1875	0.1875	0.09375	0.15625	0.00625	0	0	0.04375	0.1875	0.075	0	0.1875	0.1875	0	0.04375		0.1875	0	0.1875	0.00625	0	0	0.1875	0	0	0.1875	0.05625	0.1875	0	0.1875	0.1875	0.1875	0	0.0625	0.1875	0	0.05625	0	0.1875	0.01875	0	0	0.09375	0	0	0.1875	0.1875	0.08125	0.1875	0	0.1875	0.03125	0	0	0.1875	0.1	0.0875	0.01875	0.0375	0	0.10625	0.09375	0.08125	0.0875	0.0125	0.1875	0.04375	0.04375	0	0.0875	0.1875	0.1125	0.05	0.08125	0.00625	0
Euplokamis_dunlapae	1	0.04375	0.08125	0	0.09375	1	0.175	0	0.05625	0	0.6125	0.0875	0.04375	1	1	0.0625	0.00625	0	1	1	0.28125	1	1	0.28125	0.65	0.00625	0	0	0.09375	1	0.15	0.08125	1	1	0	0.0625	0.1875		0	1	0.00625	0	0.00625	1	0	0	1	0.38125	1	0	1	1	1	0.0125	0.29375	1	0	0.13125	0	1	0.01875	0	0	0.7	0	0.1125	1	1	0.33125	1	0	1	0.03125	0	0	1	0.5625	0.325	0.01875	0.075	0	0.6125	0.09375	0.1125	0.16875	0.0125	1	0.05625	0.125	0	0.25	1	0.6125	0.0625	0.51875	0.00625	0
Gorgonia_ventalina	0	0	0	0	0	0	0	0	0	0	0	0	0	0	0	0	0	0	0	0	0	0	0	0	0	0	0	0	0	0	0	0	0	0	0	0	0	0		0	0	0	0	0	0	0	0	0	0	0	0	0	0	0	0	0	0	0	0	0	0	0	0	0	0	0	0	0	0	0	0	0	0	0	0	0	0	0	0	0	0	0	0	0	0	0	0	0	0	0	0	0	0	0	0	0	0
Grantia_compressa	1	0.04375	0.08125	0	0.09375	1	0.175	0	0.05625	0	0.6125	0.0875	0.04375	1	1	0.0625	0.00625	0	1	1	0.28125	1	1	0.28125	0.65	0.00625	0	0	0.09375	1	0.15	0.08125	1	1	0	0.0625	0.1875	1	0		0.00625	0	0.00625	1	0	0	1	0.38125	1	0	1	1	1	0.0125	0.29375	1	0	0.13125	0	1	0.01875	0	0	0.7	0	0.1125	1	1	0.33125	1	0	1	0.03125	0	0	1	0.5625	0.325	0.01875	0.075	0	0.6125	0.09375	0.1125	0.16875	0.0125	1	0.05625	0.125	0	0.25	1	0.6125	0.0625	0.51875	0.00625	0
Helobdella_robusta	0.00625	0.00625	0.00625	0	0	0.00625	0	0	0	0	0.00625	0.00625	0	0.00625	0.00625	0	0.00625	0	0.00625	0.00625	0.00625	0.00625	0.00625	0	0.00625	0	0	0	0.00625	0.00625	0.00625	0	0.00625	0.00625	0	0.00625	0.00625	0.00625	0	0.00625		0	0	0.00625	0	0	0.00625	0.00625	0.00625	0	0.00625	0.00625	0.00625	0	0.00625	0.00625	0	0.00625	0	0.00625	0	0	0	0.00625	0	0	0.00625	0.00625	0.00625	0.00625	0	0.00625	0	0	0	0.00625	0	0.00625	0	0	0	0.00625	0	0.00625	0.00625	0.00625	0.00625	0.00625	0.00625	0	0.00625	0.00625	0.00625	0.00625	0.00625	0.00625	0
Homo_sapiens	0	0	0	0	0	0	0	0	0	0	0	0	0	0	0	0	0	0	0	0	0	0	0	0	0	0	0	0	0	0	0	0	0	0	0	0	0	0	0	0	0		0	0	0	0	0	0	0	0	0	0	0	0	0	0	0	0	0	0	0	0	0	0	0	0	0	0	0	0	0	0	0	0	0	0	0	0	0	0	0	0	0	0	0	0	0	0	0	0	0	0	0	0	0	0	0
Hormiphora_californensis	0.00625	0	0	0	0	0.00625	0	0	0	0	0.00625	0	0	0.00625	0.00625	0	0	0	0.00625	0.00625	0	0.00625	0.00625	0.00625	0.00625	0	0	0	0	0.00625	0	0	0.00625	0.00625	0	0	0	0.00625	0	0.00625	0	0		0.00625	0	0	0.00625	0	0.00625	0	0.00625	0.00625	0.00625	0	0	0.00625	0	0	0	0.00625	0	0	0	0	0	0	0.00625	0.00625	0	0.00625	0	0.00625	0	0	0	0.00625	0.00625	0	0	0	0	0.00625	0	0	0	0	0.00625	0	0	0	0	0.00625	0.00625	0	0.00625	0	0
Hyalonema_populiferum	1	0.04375	0.08125	0	0.09375	1	0.175	0	0.05625	0	0.6125	0.0875	0.04375	1	1	0.0625	0.00625	0	1	1	0.28125	1	1	0.28125	0.65	0.00625	0	0	0.09375	1	0.15	0.08125	1	1	0	0.0625	0.1875	1	0	1	0.00625	0	0.00625		0	0	1	0.38125	1	0	1	1	1	0.0125	0.29375	1	0	0.13125	0	1	0.01875	0	0	0.7	0	0.1125	1	1	0.33125	1	0	1	0.03125	0	0	1	0.5625	0.325	0.01875	0.075	0	0.6125	0.09375	0.1125	0.16875	0.0125	1	0.05625	0.125	0	0.25	1	0.6125	0.0625	0.51875	0.00625	0
Hydra_magnipapillata	0	0	0	0	0	0	0	0	0	0	0	0	0	0	0	0	0	0	0	0	0	0	0	0	0	0	0	0	0	0	0	0	0	0	0	0	0	0	0	0	0	0	0	0		0	0	0	0	0	0	0	0	0	0	0	0	0	0	0	0	0	0	0	0	0	0	0	0	0	0	0	0	0	0	0	0	0	0	0	0	0	0	0	0	0	0	0	0	0	0	0	0	0	0	0	0
Hydractinia_polyclina	0	0	0	0	0	0	0	0	0	0	0	0	0	0	0	0	0	0	0	0	0	0	0	0	0	0	0	0	0	0	0	0	0	0	0	0	0	0	0	0	0	0	0	0	0		0	0	0	0	0	0	0	0	0	0	0	0	0	0	0	0	0	0	0	0	0	0	0	0	0	0	0	0	0	0	0	0	0	0	0	0	0	0	0	0	0	0	0	0	0	0	0	0	0	0	0
Ircinia_fasciculata	1	0.04375	0.08125	0	0.09375	1	0.175	0	0.05625	0	0.6125	0.0875	0.04375	1	1	0.0625	0.00625	0	1	1	0.28125	1	1	0.28125	0.65	0.00625	0	0	0.09375	1	0.15	0.08125	1	1	0	0.0625	0.1875	1	0	1	0.00625	0	0.00625	1	0	0		0.38125	1	0	1	1	1	0.0125	0.29375	1	0	0.13125	0	1	0.01875	0	0	0.7	0	0.1125	1	1	0.33125	1	0	1	0.03125	0	0	1	0.5625	0.325	0.01875	0.075	0	0.6125	0.09375	0.1125	0.16875	0.0125	1	0.05625	0.125	0	0.25	1	0.6125	0.0625	0.51875	0.00625	0
Ixodes_scapularis	0.38125	0.04375	0.04375	0	0	0.38125	0.01875	0	0	0	0.20625	0.0875	0.04375	0.38125	0.38125	0	0.00625	0	0.38125	0.38125	0.01875	0.38125	0.38125	0	0.19375	0	0	0	0.09375	0.38125	0.05625	0	0.38125	0.38125	0	0.00625	0.05625	0.38125	0	0.38125	0.00625	0	0	0.38125	0	0	0.38125		0.38125	0	0.38125	0.38125	0.38125	0.0125	0.20625	0.38125	0	0.0625	0	0.38125	0	0	0	0.38125	0	0.1125	0.38125	0.38125	0.2375	0.38125	0	0.38125	0	0	0	0.38125	0.175	0.20625	0	0	0	0.18125	0	0.05	0.1	0.0125	0.38125	0.00625	0.05	0	0.20625	0.38125	0.1875	0.0125	0.19375	0.00625	0
Kirkpatrickia_variolosa	1	0.04375	0.08125	0	0.09375	1	0.175	0	0.05625	0	0.6125	0.0875	0.04375	1	1	0.0625	0.00625	0	1	1	0.28125	1	1	0.28125	0.65	0.00625	0	0	0.09375	1	0.15	0.08125	1	1	0	0.0625	0.1875	1	0	1	0.00625	0	0.00625	1	0	0	1	0.38125		0	1	1	1	0.0125	0.29375	1	0	0.13125	0	1	0.01875	0	0	0.7	0	0.1125	1	1	0.33125	1	0	1	0.03125	0	0	1	0.5625	0.325	0.01875	0.075	0	0.6125	0.09375	0.1125	0.16875	0.0125	1	0.05625	0.125	0	0.25	1	0.6125	0.0625	0.51875	0.00625	0
Lampea_pancerina	0	0	0	0	0	0	0	0	0	0	0	0	0	0	0	0	0	0	0	0	0	0	0	0	0	0	0	0	0	0	0	0	0	0	0	0	0	0	0	0	0	0	0	0	0	0	0	0	0		0	0	0	0	0	0	0	0	0	0	0	0	0	0	0	0	0	0	0	0	0	0	0	0	0	0	0	0	0	0	0	0	0	0	0	0	0	0	0	0	0	0	0	0	0	0	0
Latrunculia_apicalis	1	0.04375	0.08125	0	0.09375	1	0.175	0	0.05625	0	0.6125	0.0875	0.04375	1	1	0.0625	0.00625	0	1	1	0.28125	1	1	0.28125	0.65	0.00625	0	0	0.09375	1	0.15	0.08125	1	1	0	0.0625	0.1875	1	0	1	0.00625	0	0.00625	1	0	0	1	0.38125	1	0		1	1	0.0125	0.29375	1	0	0.13125	0	1	0.01875	0	0	0.7	0	0.1125	1	1	0.33125	1	0	1	0.03125	0	0	1	0.5625	0.325	0.01875	0.075	0	0.6125	0.09375	0.1125	0.16875	0.0125	1	0.05625	0.125	0	0.25	1	0.6125	0.0625	0.51875	0.00625	0
Leuconia_nivea	1	0.04375	0.08125	0	0.09375	1	0.175	0	0.05625	0	0.6125	0.0875	0.04375	1	1	0.0625	0.00625	0	1	1	0.28125	1	1	0.28125	0.65	0.00625	0	0	0.09375	1	0.15	0.08125	1	1	0	0.0625	0.1875	1	0	1	0.00625	0	0.00625	1	0	0	1	0.38125	1	0	1		1	0.0125	0.29375	1	0	0.13125	0	1	0.01875	0	0	0.7	0	0.1125	1	1	0.33125	1	0	1	0.03125	0	0	1	0.5625	0.325	0.01875	0.075	0	0.6125	0.09375	0.1125	0.16875	0.0125	1	0.05625	0.125	0	0.25	1	0.6125	0.0625	0.51875	0.00625	0
Leucosolenia_complicata	1	0.04375	0.08125	0	0.09375	1	0.175	0	0.05625	0	0.6125	0.0875	0.04375	1	1	0.0625	0.00625	0	1	1	0.28125	1	1	0.28125	0.65	0.00625	0	0	0.09375	1	0.15	0.08125	1	1	0	0.0625	0.1875	1	0	1	0.00625	0	0.00625	1	0	0	1	0.38125	1	0	1	1		0.0125	0.29375	1	0	0.13125	0	1	0.01875	0	0	0.7	0	0.1125	1	1	0.33125	1	0	1	0.03125	0	0	1	0.5625	0.325	0.01875	0.075	0	0.6125	0.09375	0.1125	0.16875	0.0125	1	0.05625	0.125	0	0.25	1	0.6125	0.0625	0.51875	0.00625	0
Liriope_tetraphylla	0.0125	0	0	0	0	0.0125	0	0	0	0	0.0125	0	0	0.0125	0.0125	0	0	0	0.0125	0.0125	0	0.0125	0.0125	0	0	0	0	0	0	0.0125	0	0	0.0125	0.0125	0	0	0	0.0125	0	0.0125	0	0	0	0.0125	0	0	0.0125	0.0125	0.0125	0	0.0125	0.0125	0.0125		0.0125	0.0125	0	0	0	0.0125	0	0	0	0.0125	0	0	0.0125	0.0125	0.0125	0.0125	0	0.0125	0	0	0	0.0125	0	0.0125	0	0	0	0	0	0	0	0	0.0125	0	0	0	0.0125	0.0125	0	0	0.0125	0	0
Lucernariopsis_campanulata	0.29375	0.04375	0.04375	0	0.01875	0.29375	0.0375	0	0.0375	0	0.26875	0.0875	0	0.29375	0.29375	0.0125	0.00625	0	0.29375	0.29375	0.05625	0.29375	0.29375	0	0.05	0	0	0	0.09375	0.29375	0.075	0	0.29375	0.29375	0	0.03125	0.0625	0.29375	0	0.29375	0.00625	0	0	0.29375	0	0	0.29375	0.20625	0.29375	0	0.29375	0.29375	0.29375	0.0125		0.29375	0	0.1	0	0.29375	0	0	0	0.29375	0	0	0.29375	0.29375	0.2	0.29375	0	0.29375	0	0	0	0.29375	0	0.29375	0	0.03125	0	0.00625	0	0.08125	0.13125	0.0125	0.29375	0.025	0.05	0	0.21875	0.29375	0.0125	0.025	0.11875	0.00625	0
Ministeria_vibrans	1	0.04375	0.08125	0	0.09375	1	0.175	0	0.05625	0	0.6125	0.0875	0.04375	1	1	0.0625	0.00625	0	1	1	0.28125	1	1	0.28125	0.65	0.00625	0	0	0.09375	1	0.15	0.08125	1	1	0	0.0625	0.1875	1	0	1	0.00625	0	0.00625	1	0	0	1	0.38125	1	0	1	1	1	0.0125	0.29375		0	0.13125	0	1	0.01875	0	0	0.7	0	0.1125	1	1	0.33125	1	0	1	0.03125	0	0	1	0.5625	0.325	0.01875	0.075	0	0.6125	0.09375	0.1125	0.16875	0.0125	1	0.05625	0.125	0	0.25	1	0.6125	0.0625	0.51875	0.00625	0
Mnemiopsis_leidyi	0	0	0	0	0	0	0	0	0	0	0	0	0	0	0	0	0	0	0	0	0	0	0	0	0	0	0	0	0	0	0	0	0	0	0	0	0	0	0	0	0	0	0	0	0	0	0	0	0	0	0	0	0	0	0	0		0	0	0	0	0	0	0	0	0	0	0	0	0	0	0	0	0	0	0	0	0	0	0	0	0	0	0	0	0	0	0	0	0	0	0	0	0	0	0	0
Monosiga_brevicollis_mx1	0.13125	0.01875	0.01875	0	0.05	0.13125	0.06875	0	0.05625	0	0.075	0.05	0	0.13125	0.13125	0.04375	0.00625	0	0.13125	0.13125	0.0875	0.13125	0.13125	0	0.08125	0	0	0	0.05625	0.13125	0.0875	0	0.13125	0.13125	0	0.0625	0.05625	0.13125	0	0.13125	0.00625	0	0	0.13125	0	0	0.13125	0.0625	0.13125	0	0.13125	0.13125	0.13125	0	0.1	0.13125	0		0	0.13125	0.01875	0	0	0.13125	0	0	0.13125	0.13125	0.13125	0.13125	0	0.13125	0	0	0	0.13125	0	0.13125	0.01875	0.0625	0	0.00625	0	0.08125	0.125	0.0125	0.13125	0.05625	0.01875	0	0.10625	0.13125	0.0125	0.05625	0.1	0.00625	0
Montastraea_faveolata	0	0	0	0	0	0	0	0	0	0	0	0	0	0	0	0	0	0	0	0	0	0	0	0	0	0	0	0	0	0	0	0	0	0	0	0	0	0	0	0	0	0	0	0	0	0	0	0	0	0	0	0	0	0	0	0	0	0		0	0	0	0	0	0	0	0	0	0	0	0	0	0	0	0	0	0	0	0	0	0	0	0	0	0	0	0	0	0	0	0	0	0	0	0	0	0
Mycale_phyllophila	1	0.04375	0.08125	0	0.09375	1	0.175	0	0.05625	0	0.6125	0.0875	0.04375	1	1	0.0625	0.00625	0	1	1	0.28125	1	1	0.28125	0.65	0.00625	0	0	0.09375	1	0.15	0.08125	1	1	0	0.0625	0.1875	1	0	1	0.00625	0	0.00625	1	0	0	1	0.38125	1	0	1	1	1	0.0125	0.29375	1	0	0.13125	0		0.01875	0	0	0.7	0	0.1125	1	1	0.33125	1	0	1	0.03125	0	0	1	0.5625	0.325	0.01875	0.075	0	0.6125	0.09375	0.1125	0.16875	0.0125	1	0.05625	0.125	0	0.25	1	0.6125	0.0625	0.51875	0.00625	0
Mylnosiga_fluctuans_19	0.01875	0	0	0	0.01875	0.01875	0.01875	0	0.0125	0	0	0	0	0.01875	0.01875	0.01875	0	0	0.01875	0.01875	0.01875	0.01875	0.01875	0	0.01875	0	0	0	0	0.01875	0.01875	0	0.01875	0.01875	0	0.01875	0.01875	0.01875	0	0.01875	0	0	0	0.01875	0	0	0.01875	0	0.01875	0	0.01875	0.01875	0.01875	0	0	0.01875	0	0.01875	0	0.01875		0	0	0.01875	0	0	0.01875	0.01875	0.01875	0.01875	0	0.01875	0	0	0	0.01875	0	0.01875	0.01875	0.01875	0	0	0	0.01875	0.01875	0	0.01875	0.01875	0	0	0.01875	0.01875	0	0.01875	0.01875	0	0
Nanomia_bijuga	0	0	0	0	0	0	0	0	0	0	0	0	0	0	0	0	0	0	0	0	0	0	0	0	0	0	0	0	0	0	0	0	0	0	0	0	0	0	0	0	0	0	0	0	0	0	0	0	0	0	0	0	0	0	0	0	0	0	0	0	0		0	0	0	0	0	0	0	0	0	0	0	0	0	0	0	0	0	0	0	0	0	0	0	0	0	0	0	0	0	0	0	0	0	0	0
Nematostella_vectensis	0	0	0	0	0	0	0	0	0	0	0	0	0	0	0	0	0	0	0	0	0	0	0	0	0	0	0	0	0	0	0	0	0	0	0	0	0	0	0	0	0	0	0	0	0	0	0	0	0	0	0	0	0	0	0	0	0	0	0	0	0	0		0	0	0	0	0	0	0	0	0	0	0	0	0	0	0	0	0	0	0	0	0	0	0	0	0	0	0	0	0	0	0	0	0	0
Oscarella_carmela	0.7	0.04375	0.04375	0	0.09375	0.7	0.175	0	0.05625	0	0.3125	0.0875	0.04375	0.7	0.7	0.0625	0.00625	0	0.7	0.7	0.16875	0.7	0.7	0	0.35	0	0	0	0.09375	0.7	0.15	0.0625	0.7	0.7	0	0.0625	0.09375	0.7	0	0.7	0.00625	0	0	0.7	0	0	0.7	0.38125	0.7	0	0.7	0.7	0.7	0.0125	0.29375	0.7	0	0.13125	0	0.7	0.01875	0	0		0	0.1125	0.7	0.7	0.33125	0.7	0	0.7	0	0	0	0.7	0.2625	0.325	0.01875	0.075	0	0.3125	0	0.1125	0.1625	0.0125	0.7	0.05625	0.1125	0	0.25	0.7	0.3125	0.0625	0.34375	0.00625	0
Oscarella_species	0	0	0	0	0	0	0	0	0	0	0	0	0	0	0	0	0	0	0	0	0	0	0	0	0	0	0	0	0	0	0	0	0	0	0	0	0	0	0	0	0	0	0	0	0	0	0	0	0	0	0	0	0	0	0	0	0	0	0	0	0	0	0	0		0	0	0	0	0	0	0	0	0	0	0	0	0	0	0	0	0	0	0	0	0	0	0	0	0	0	0	0	0	0	0	0
Pelagia_noctiluca	0.1125	0	0	0	0	0.1125	0	0	0	0	0	0	0.04375	0.1125	0.1125	0	0	0	0.1125	0.1125	0	0.1125	0.1125	0	0.1125	0	0	0	0	0.1125	0	0	0.1125	0.1125	0	0	0	0.1125	0	0.1125	0	0	0	0.1125	0	0	0.1125	0.1125	0.1125	0	0.1125	0.1125	0.1125	0	0	0.1125	0	0	0	0.1125	0	0	0	0.1125	0		0.1125	0.1125	0.05625	0.1125	0	0.1125	0	0	0	0.1125	0.1125	0	0	0	0	0.1125	0	0	0	0	0.1125	0	0	0	0	0.1125	0.1125	0	0.09375	0	0
Pennatula_rubra	1	0.04375	0.08125	0	0.09375	1	0.175	0	0.05625	0	0.6125	0.0875	0.04375	1	1	0.0625	0.00625	0	1	1	0.28125	1	1	0.28125	0.65	0.00625	0	0	0.09375	1	0.15	0.08125	1	1	0	0.0625	0.1875	1	0	1	0.00625	0	0.00625	1	0	0	1	0.38125	1	0	1	1	1	0.0125	0.29375	1	0	0.13125	0	1	0.01875	0	0	0.7	0	0.1125		1	0.33125	1	0	1	0.03125	0	0	1	0.5625	0.325	0.01875	0.075	0	0.6125	0.09375	0.1125	0.16875	0.0125	1	0.05625	0.125	0	0.25	1	0.6125	0.0625	0.51875	0.00625	0
Periphylla_periphylla	1	0.04375	0.08125	0	0.09375	1	0.175	0	0.05625	0	0.6125	0.0875	0.04375	1	1	0.0625	0.00625	0	1	1	0.28125	1	1	0.28125	0.65	0.00625	0	0	0.09375	1	0.15	0.08125	1	1	0	0.0625	0.1875	1	0	1	0.00625	0	0.00625	1	0	0	1	0.38125	1	0	1	1	1	0.0125	0.29375	1	0	0.13125	0	1	0.01875	0	0	0.7	0	0.1125	1		0.33125	1	0	1	0.03125	0	0	1	0.5625	0.325	0.01875	0.075	0	0.6125	0.09375	0.1125	0.16875	0.0125	1	0.05625	0.125	0	0.25	1	0.6125	0.0625	0.51875	0.00625	0
Petrosia_ficiformis	0.33125	0.04375	0.04375	0	0.05	0.33125	0.1125	0	0.05625	0	0.175	0.0875	0.04375	0.33125	0.33125	0.04375	0.00625	0	0.33125	0.33125	0.0875	0.33125	0.33125	0	0.18125	0	0	0	0.09375	0.33125	0.14375	0	0.33125	0.33125	0	0.0625	0.08125	0.33125	0	0.33125	0.00625	0	0	0.33125	0	0	0.33125	0.2375	0.33125	0	0.33125	0.33125	0.33125	0.0125	0.2	0.33125	0	0.13125	0	0.33125	0.01875	0	0	0.33125	0	0.05625	0.33125	0.33125		0.33125	0	0.33125	0	0	0	0.33125	0.1	0.23125	0.01875	0.0625	0	0.10625	0	0.1125	0.1625	0.0125	0.33125	0.05625	0.05	0	0.20625	0.33125	0.1125	0.05625	0.24375	0.00625	0
Pirum_gemmata	1	0.04375	0.08125	0	0.09375	1	0.175	0	0.05625	0	0.6125	0.0875	0.04375	1	1	0.0625	0.00625	0	1	1	0.28125	1	1	0.28125	0.65	0.00625	0	0	0.09375	1	0.15	0.08125	1	1	0	0.0625	0.1875	1	0	1	0.00625	0	0.00625	1	0	0	1	0.38125	1	0	1	1	1	0.0125	0.29375	1	0	0.13125	0	1	0.01875	0	0	0.7	0	0.1125	1	1	0.33125		0	1	0.03125	0	0	1	0.5625	0.325	0.01875	0.075	0	0.6125	0.09375	0.1125	0.16875	0.0125	1	0.05625	0.125	0	0.25	1	0.6125	0.0625	0.51875	0.00625	0
Plakina_jani	0	0	0	0	0	0	0	0	0	0	0	0	0	0	0	0	0	0	0	0	0	0	0	0	0	0	0	0	0	0	0	0	0	0	0	0	0	0	0	0	0	0	0	0	0	0	0	0	0	0	0	0	0	0	0	0	0	0	0	0	0	0	0	0	0	0	0	0	0	0		0	0	0	0	0	0	0	0	0	0	0	0	0	0	0	0	0	0	0	0	0	0	0	0	0	0
Pleraplysilla_spinifera	1	0.04375	0.08125	0	0.09375	1	0.175	0	0.05625	0	0.6125	0.0875	0.04375	1	1	0.0625	0.00625	0	1	1	0.28125	1	1	0.28125	0.65	0.00625	0	0	0.09375	1	0.15	0.08125	1	1	0	0.0625	0.1875	1	0	1	0.00625	0	0.00625	1	0	0	1	0.38125	1	0	1	1	1	0.0125	0.29375	1	0	0.13125	0	1	0.01875	0	0	0.7	0	0.1125	1	1	0.33125	1	0		0.03125	0	0	1	0.5625	0.325	0.01875	0.075	0	0.6125	0.09375	0.1125	0.16875	0.0125	1	0.05625	0.125	0	0.25	1	0.6125	0.0625	0.51875	0.00625	0
Pleurobrachia_species	0.03125	0	0.03125	0	0	0.03125	0	0	0	0	0.03125	0	0	0.03125	0.03125	0	0	0	0.03125	0.03125	0.03125	0.03125	0.03125	0.03125	0.03125	0.00625	0	0	0	0.03125	0	0	0.03125	0.03125	0	0	0.03125	0.03125	0	0.03125	0	0	0	0.03125	0	0	0.03125	0	0.03125	0	0.03125	0.03125	0.03125	0	0	0.03125	0	0	0	0.03125	0	0	0	0	0	0	0.03125	0.03125	0	0.03125	0	0.03125		0	0	0.03125	0.03125	0	0	0	0	0.03125	0.03125	0	0.00625	0	0.03125	0	0	0	0	0.03125	0.03125	0	0	0	0
Plumapathes_pennacea	0	0	0	0	0	0	0	0	0	0	0	0	0	0	0	0	0	0	0	0	0	0	0	0	0	0	0	0	0	0	0	0	0	0	0	0	0	0	0	0	0	0	0	0	0	0	0	0	0	0	0	0	0	0	0	0	0	0	0	0	0	0	0	0	0	0	0	0	0	0	0	0	0		0	0	0	0	0	0	0	0	0	0	0	0	0	0	0	0	0	0	0	0	0	0	0
Porites_australiensis	0	0	0	0	0	0	0	0	0	0	0	0	0	0	0	0	0	0	0	0	0	0	0	0	0	0	0	0	0	0	0	0	0	0	0	0	0	0	0	0	0	0	0	0	0	0	0	0	0	0	0	0	0	0	0	0	0	0	0	0	0	0	0	0	0	0	0	0	0	0	0	0	0	0		0	0	0	0	0	0	0	0	0	0	0	0	0	0	0	0	0	0	0	0	0	0
Rossella_fibulata	1	0.04375	0.08125	0	0.09375	1	0.175	0	0.05625	0	0.6125	0.0875	0.04375	1	1	0.0625	0.00625	0	1	1	0.28125	1	1	0.28125	0.65	0.00625	0	0	0.09375	1	0.15	0.08125	1	1	0	0.0625	0.1875	1	0	1	0.00625	0	0.00625	1	0	0	1	0.38125	1	0	1	1	1	0.0125	0.29375	1	0	0.13125	0	1	0.01875	0	0	0.7	0	0.1125	1	1	0.33125	1	0	1	0.03125	0	0		0.5625	0.325	0.01875	0.075	0	0.6125	0.09375	0.1125	0.16875	0.0125	1	0.05625	0.125	0	0.25	1	0.6125	0.0625	0.51875	0.00625	0
Saccoglossus_kowalevskii	0.5625	0	0.0375	0	0	0.5625	0.10625	0	0	0	0.34375	0	0.04375	0.5625	0.5625	0	0	0	0.5625	0.5625	0.175	0.5625	0.5625	0.28125	0.5625	0.00625	0	0	0	0.5625	0.0375	0.08125	0.5625	0.5625	0	0	0.1	0.5625	0	0.5625	0	0	0.00625	0.5625	0	0	0.5625	0.175	0.5625	0	0.5625	0.5625	0.5625	0	0	0.5625	0	0	0	0.5625	0	0	0	0.2625	0	0.1125	0.5625	0.5625	0.1	0.5625	0	0.5625	0.03125	0	0	0.5625		0	0	0	0	0.5625	0.09375	0	0.00625	0	0.5625	0	0.075	0	0	0.5625	0.5625	0	0.375	0	0
Salpingoeca_dolichothecata_16	0.325	0.04375	0.04375	0	0.05	0.325	0.06875	0	0.05625	0	0.26875	0.0875	0	0.325	0.325	0.04375	0.00625	0	0.325	0.325	0.0875	0.325	0.325	0	0.08125	0	0	0	0.09375	0.325	0.10625	0	0.325	0.325	0	0.0625	0.0875	0.325	0	0.325	0.00625	0	0	0.325	0	0	0.325	0.20625	0.325	0	0.325	0.325	0.325	0.0125	0.29375	0.325	0	0.13125	0	0.325	0.01875	0	0	0.325	0	0	0.325	0.325	0.23125	0.325	0	0.325	0	0	0	0.325	0		0.01875	0.0625	0	0.00625	0	0.1125	0.1625	0.0125	0.325	0.05625	0.05	0	0.25	0.325	0.0125	0.05625	0.14375	0.00625	0
Salpingoeca_helianthica_18	0.01875	0	0	0	0.01875	0.01875	0.01875	0	0.0125	0	0	0	0	0.01875	0.01875	0.01875	0	0	0.01875	0.01875	0.01875	0.01875	0.01875	0	0.01875	0	0	0	0	0.01875	0.01875	0	0.01875	0.01875	0	0.01875	0.01875	0.01875	0	0.01875	0	0	0	0.01875	0	0	0.01875	0	0.01875	0	0.01875	0.01875	0.01875	0	0	0.01875	0	0.01875	0	0.01875	0.01875	0	0	0.01875	0	0	0.01875	0.01875	0.01875	0.01875	0	0.01875	0	0	0	0.01875	0	0.01875		0.01875	0	0	0	0.01875	0.01875	0	0.01875	0.01875	0	0	0.01875	0.01875	0	0.01875	0.01875	0	0
Salpingoeca_infusionum_12	0.075	0	0	0	0.0625	0.075	0.0625	0	0.05	0	0.00625	0	0	0.075	0.075	0.05625	0	0	0.075	0.075	0.075	0.075	0.075	0	0.06875	0	0	0	0	0.075	0.06875	0	0.075	0.075	0	0.05625	0.0375	0.075	0	0.075	0	0	0	0.075	0	0	0.075	0	0.075	0	0.075	0.075	0.075	0	0.03125	0.075	0	0.0625	0	0.075	0.01875	0	0	0.075	0	0	0.075	0.075	0.0625	0.075	0	0.075	0	0	0	0.075	0	0.0625	0.01875		0	0	0	0.0625	0.0625	0	0.075	0.05	0	0	0.04375	0.075	0	0.05	0.05625	0	0
Salpingoeca_macrocollata_06	0	0	0	0	0	0	0	0	0	0	0	0	0	0	0	0	0	0	0	0	0	0	0	0	0	0	0	0	0	0	0	0	0	0	0	0	0	0	0	0	0	0	0	0	0	0	0	0	0	0	0	0	0	0	0	0	0	0	0	0	0	0	0	0	0	0	0	0	0	0	0	0	0	0	0	0	0	0	0	0		0	0	0	0	0	0	0	0	0	0	0	0	0	0	0	0
Salpingoeca_punica_03	0.6125	0.00625	0.04375	0	0	0.6125	0.10625	0	0	0	0.35	0.00625	0.04375	0.6125	0.6125	0	0.00625	0	0.6125	0.6125	0.18125	0.6125	0.6125	0.28125	0.56875	0.00625	0	0	0.00625	0.6125	0.04375	0.08125	0.6125	0.6125	0	0.00625	0.10625	0.6125	0	0.6125	0.00625	0	0.00625	0.6125	0	0	0.6125	0.18125	0.6125	0	0.6125	0.6125	0.6125	0	0.00625	0.6125	0	0.00625	0	0.6125	0	0	0	0.3125	0	0.1125	0.6125	0.6125	0.10625	0.6125	0	0.6125	0.03125	0	0	0.6125	0.5625	0.00625	0	0	0		0.09375	0.00625	0.0125	0.00625	0.6125	0.00625	0.08125	0	0.00625	0.6125	0.60625	0.00625	0.38125	0.00625	0
Salpingoeca_qvevrii_09	0.09375	0	0.0375	0	0	0.09375	0	0	0	0	0.09375	0	0	0.09375	0.09375	0	0	0	0.09375	0.09375	0.0875	0.09375	0.09375	0.09375	0.09375	0.00625	0	0	0	0.09375	0	0	0.09375	0.09375	0	0	0.09375	0.09375	0	0.09375	0	0	0	0.09375	0	0	0.09375	0	0.09375	0	0.09375	0.09375	0.09375	0	0	0.09375	0	0	0	0.09375	0	0	0	0	0	0	0.09375	0.09375	0	0.09375	0	0.09375	0.03125	0	0	0.09375	0.09375	0	0	0	0	0.09375		0	0.00625	0	0.09375	0	0	0	0	0.09375	0.09375	0	0	0	0
Salpingoeca_roanoka_13	0.1125	0.04375	0.04375	0	0.05	0.1125	0.0625	0	0.05	0	0.05625	0.05	0	0.1125	0.1125	0.04375	0.00625	0	0.1125	0.1125	0.08125	0.1125	0.1125	0	0.08125	0	0	0	0.05	0.1125	0.1	0	0.1125	0.1125	0	0.0625	0.08125	0.1125	0	0.1125	0.00625	0	0	0.1125	0	0	0.1125	0.05	0.1125	0	0.1125	0.1125	0.1125	0	0.08125	0.1125	0	0.08125	0	0.1125	0.01875	0	0	0.1125	0	0	0.1125	0.1125	0.1125	0.1125	0	0.1125	0	0	0	0.1125	0	0.1125	0.01875	0.0625	0	0.00625	0		0.1125	0.0125	0.1125	0.05625	0.05	0	0.09375	0.1125	0.0125	0.05625	0.10625	0.00625	0
Salpingoeca_rosetta	0.16875	0.04375	0.05	0	0.05	0.16875	0.0625	0	0.05	0	0.1125	0.0875	0	0.16875	0.16875	0.04375	0.00625	0	0.16875	0.16875	0.0875	0.16875	0.16875	0.00625	0.0875	0.00625	0	0	0.09375	0.16875	0.1	0	0.16875	0.16875	0	0.0625	0.0875	0.16875	0	0.16875	0.00625	0	0	0.16875	0	0	0.16875	0.1	0.16875	0	0.16875	0.16875	0.16875	0	0.13125	0.16875	0	0.125	0	0.16875	0.01875	0	0	0.1625	0	0	0.16875	0.16875	0.1625	0.16875	0	0.16875	0.00625	0	0	0.16875	0.00625	0.1625	0.01875	0.0625	0	0.0125	0.00625	0.1125		0.0125	0.16875	0.05625	0.05	0	0.14375	0.16875	0.01875	0.05625	0.125	0.00625	0
Salpingoeca_urceolata_04	0.0125	0.0125	0.0125	0	0	0.0125	0	0	0	0	0.0125	0.0125	0	0.0125	0.0125	0	0.00625	0	0.0125	0.0125	0.0125	0.0125	0.0125	0	0.0125	0	0	0	0.0125	0.0125	0.0125	0	0.0125	0.0125	0	0.00625	0.0125	0.0125	0	0.0125	0.00625	0	0	0.0125	0	0	0.0125	0.0125	0.0125	0	0.0125	0.0125	0.0125	0	0.0125	0.0125	0	0.0125	0	0.0125	0	0	0	0.0125	0	0	0.0125	0.0125	0.0125	0.0125	0	0.0125	0	0	0	0.0125	0	0.0125	0	0	0	0.00625	0	0.0125	0.0125		0.0125	0.00625	0.0125	0	0.0125	0.0125	0.0125	0.0125	0.0125	0.00625	0
Sphaeroforma_arctica_JP610	1	0.04375	0.08125	0	0.09375	1	0.175	0	0.05625	0	0.6125	0.0875	0.04375	1	1	0.0625	0.00625	0	1	1	0.28125	1	1	0.28125	0.65	0.00625	0	0	0.09375	1	0.15	0.08125	1	1	0	0.0625	0.1875	1	0	1	0.00625	0	0.00625	1	0	0	1	0.38125	1	0	1	1	1	0.0125	0.29375	1	0	0.13125	0	1	0.01875	0	0	0.7	0	0.1125	1	1	0.33125	1	0	1	0.03125	0	0	1	0.5625	0.325	0.01875	0.075	0	0.6125	0.09375	0.1125	0.16875	0.0125		0.05625	0.125	0	0.25	1	0.6125	0.0625	0.51875	0.00625	0
Spongilla_lacustris	0.05625	0.00625	0.00625	0	0.05	0.05625	0.05	0	0.0375	0	0.00625	0.00625	0	0.05625	0.05625	0.04375	0.00625	0	0.05625	0.05625	0.05625	0.05625	0.05625	0	0.05625	0	0	0	0.00625	0.05625	0.05625	0	0.05625	0.05625	0	0.05625	0.04375	0.05625	0	0.05625	0.00625	0	0	0.05625	0	0	0.05625	0.00625	0.05625	0	0.05625	0.05625	0.05625	0	0.025	0.05625	0	0.05625	0	0.05625	0.01875	0	0	0.05625	0	0	0.05625	0.05625	0.05625	0.05625	0	0.05625	0	0	0	0.05625	0	0.05625	0.01875	0.05	0	0.00625	0	0.05625	0.05625	0.00625	0.05625		0.00625	0	0.05	0.05625	0.00625	0.05	0.05	0.00625	0
Stephanoeca_diplocostata_AUFR	0.125	0.04375	0.04375	0	0	0.125	0.0625	0	0	0	0.10625	0.05	0	0.125	0.125	0	0.00625	0	0.125	0.125	0.09375	0.125	0.125	0.00625	0.09375	0	0	0	0.05	0.125	0.0375	0.075	0.125	0.125	0	0.00625	0.04375	0.125	0	0.125	0.00625	0	0	0.125	0	0	0.125	0.05	0.125	0	0.125	0.125	0.125	0	0.05	0.125	0	0.01875	0	0.125	0	0	0	0.1125	0	0	0.125	0.125	0.05	0.125	0	0.125	0	0	0	0.125	0.075	0.05	0	0	0	0.08125	0	0.05	0.05	0.0125	0.125	0.00625		0	0.05	0.125	0.0875	0.0125	0.125	0.00625	0
Stomolophus_meleagris	0	0	0	0	0	0	0	0	0	0	0	0	0	0	0	0	0	0	0	0	0	0	0	0	0	0	0	0	0	0	0	0	0	0	0	0	0	0	0	0	0	0	0	0	0	0	0	0	0	0	0	0	0	0	0	0	0	0	0	0	0	0	0	0	0	0	0	0	0	0	0	0	0	0	0	0	0	0	0	0	0	0	0	0	0	0	0	0	0		0	0	0	0	0	0	0
Strongylocentrotus_purpuratus	0.25	0.04375	0.04375	0	0.04375	0.25	0.04375	0	0.03125	0	0.20625	0.0875	0	0.25	0.25	0.04375	0.00625	0	0.25	0.25	0.0625	0.25	0.25	0	0.0625	0	0	0	0.09375	0.25	0.08125	0	0.25	0.25	0	0.05	0.0875	0.25	0	0.25	0.00625	0	0	0.25	0	0	0.25	0.20625	0.25	0	0.25	0.25	0.25	0.0125	0.21875	0.25	0	0.10625	0	0.25	0.01875	0	0	0.25	0	0	0.25	0.25	0.20625	0.25	0	0.25	0	0	0	0.25	0	0.25	0.01875	0.04375	0	0.00625	0	0.09375	0.14375	0.0125	0.25	0.05	0.05	0		0.25	0.0125	0.05625	0.11875	0.00625	0
Sycon_ciliatum	1	0.04375	0.08125	0	0.09375	1	0.175	0	0.05625	0	0.6125	0.0875	0.04375	1	1	0.0625	0.00625	0	1	1	0.28125	1	1	0.28125	0.65	0.00625	0	0	0.09375	1	0.15	0.08125	1	1	0	0.0625	0.1875	1	0	1	0.00625	0	0.00625	1	0	0	1	0.38125	1	0	1	1	1	0.0125	0.29375	1	0	0.13125	0	1	0.01875	0	0	0.7	0	0.1125	1	1	0.33125	1	0	1	0.03125	0	0	1	0.5625	0.325	0.01875	0.075	0	0.6125	0.09375	0.1125	0.16875	0.0125	1	0.05625	0.125	0	0.25		0.6125	0.0625	0.51875	0.00625	0
Sycon_coactum	0.6125	0.0125	0.05	0	0	0.6125	0.10625	0	0	0	0.35625	0.0125	0.04375	0.6125	0.6125	0	0.00625	0	0.6125	0.6125	0.1875	0.6125	0.6125	0.28125	0.575	0.00625	0	0	0.0125	0.6125	0.05	0.08125	0.6125	0.6125	0	0.00625	0.1125	0.6125	0	0.6125	0.00625	0	0.00625	0.6125	0	0	0.6125	0.1875	0.6125	0	0.6125	0.6125	0.6125	0	0.0125	0.6125	0	0.0125	0	0.6125	0	0	0	0.3125	0	0.1125	0.6125	0.6125	0.1125	0.6125	0	0.6125	0.03125	0	0	0.6125	0.5625	0.0125	0	0	0	0.60625	0.09375	0.0125	0.01875	0.0125	0.6125	0.00625	0.0875	0	0.0125	0.6125		0.0125	0.3875	0.00625	0
Sympagella_nux	0.0625	0.0125	0.0125	0	0.05	0.0625	0.04375	0	0.03125	0	0.0125	0.0125	0	0.0625	0.0625	0.05	0.00625	0	0.0625	0.0625	0.0625	0.0625	0.0625	0	0.0625	0	0	0	0.0125	0.0625	0.0625	0	0.0625	0.0625	0	0.05	0.05	0.0625	0	0.0625	0.00625	0	0	0.0625	0	0	0.0625	0.0125	0.0625	0	0.0625	0.0625	0.0625	0	0.025	0.0625	0	0.05625	0	0.0625	0.01875	0	0	0.0625	0	0	0.0625	0.0625	0.05625	0.0625	0	0.0625	0	0	0	0.0625	0	0.05625	0.01875	0.05	0	0.00625	0	0.05625	0.05625	0.0125	0.0625	0.05	0.0125	0	0.05625	0.0625	0.0125		0.05	0.00625	0
Tribolium_castaneum	0.51875	0.04375	0.04375	0	0.04375	0.51875	0.16875	0	0.05625	0	0.3125	0.05625	0.04375	0.51875	0.51875	0.0375	0.00625	0	0.51875	0.51875	0.16875	0.51875	0.51875	0.15625	0.45	0	0	0	0.0625	0.51875	0.1375	0.08125	0.51875	0.51875	0	0.05625	0.08125	0.51875	0	0.51875	0.00625	0	0.00625	0.51875	0	0	0.51875	0.19375	0.51875	0	0.51875	0.51875	0.51875	0.0125	0.11875	0.51875	0	0.1	0	0.51875	0.01875	0	0	0.34375	0	0.09375	0.51875	0.51875	0.24375	0.51875	0	0.51875	0	0	0	0.51875	0.375	0.14375	0.01875	0.05625	0	0.38125	0	0.10625	0.125	0.0125	0.51875	0.05	0.125	0	0.11875	0.51875	0.3875	0.05		0.00625	0
Trichoplax_adhaerens	0.00625	0.00625	0.00625	0	0	0.00625	0	0	0	0	0.00625	0.00625	0	0.00625	0.00625	0	0.00625	0	0.00625	0.00625	0.00625	0.00625	0.00625	0	0.00625	0	0	0	0.00625	0.00625	0.00625	0	0.00625	0.00625	0	0.00625	0.00625	0.00625	0	0.00625	0.00625	0	0	0.00625	0	0	0.00625	0.00625	0.00625	0	0.00625	0.00625	0.00625	0	0.00625	0.00625	0	0.00625	0	0.00625	0	0	0	0.00625	0	0	0.00625	0.00625	0.00625	0.00625	0	0.00625	0	0	0	0.00625	0	0.00625	0	0	0	0.00625	0	0.00625	0.00625	0.00625	0.00625	0.00625	0.00625	0	0.00625	0.00625	0.00625	0.00625	0.00625		0
Vallicula_multiformis	0	0	0	0	0	0	0	0	0	0	0	0	0	0	0	0	0	0	0	0	0	0	0	0	0	0	0	0	0	0	0	0	0	0	0	0	0	0	0	0	0	0	0	0	0	0	0	0	0	0	0	0	0	0	0	0	0	0	0	0	0	0	0	0	0	0	0	0	0	0	0	0	0	0	0	0	0	0	0	0	0	0	0	0	0	0	0	0	0	0	0	0	0	0	0	0	
