	Abeoforma_whisleri	Acanthoeca_sp_10tr	Acanthoeca_spectabilis_VA_02	Aiptasia_pallida	Alatina_alata	Amoebidium_parasiticum_JAP72	Amphimedon_queenslandica	Antipathes_caribbeana	Aphrocallistes_vastus	Aplysia_californica	Atolla_vanhoeffeni	Aurelia_aurita	Beroe_abyssicola	Beroe_sp	Bolinopsis_infundibulum	Bolocera_tuedia	Branchiostoma_floridae	Capitella_teleta	Capsaspora_owczarzaki_atcc30864	Cestum_veneris	Choanoeca_perplexa_11	Chondrilla_nucula	Clathrina_coriacea	Clytia_hemisphaerica	Codosiga_hollandica_17	Coeloplana_species	Corticium_candelabrum	Craspedacusta_sowerbyi	Crassostrea_gigas	Creolimax_fragrantissima	Daphnia_pulex	Diaphanoeca_grandis_RI_01	Didymoeca_costata_10	Dryodora_glandiformis	Edwardsiella_lineata	Ephydatia_muelleri	Euplectella_aspergillum	Euplokamis_dunlapae	Gorgonia_ventalina	Grantia_compressa	Helobdella_robusta	Homo_sapiens	Hormiphora_californensis	Hyalonema_populiferum	Hydra_magnipapillata	Hydractinia_polyclina	Ircinia_fasciculata	Ixodes_scapularis	Kirkpatrickia_variolosa	Lampea_pancerina	Latrunculia_apicalis	Leuconia_nivea	Leucosolenia_complicata	Liriope_tetraphylla	Lucernariopsis_campanulata	Ministeria_vibrans	Mnemiopsis_leidyi	Monosiga_brevicollis_mx1	Montastraea_faveolata	Mycale_phyllophila	Mylnosiga_fluctuans_19	Nanomia_bijuga	Nematostella_vectensis	Oscarella_carmela	Oscarella_species	Pelagia_noctiluca	Pennatula_rubra	Periphylla_periphylla	Petrosia_ficiformis	Pirum_gemmata	Plakina_jani	Pleraplysilla_spinifera	Pleurobrachia_species	Plumapathes_pennacea	Porites_australiensis	Rossella_fibulata	Saccoglossus_kowalevskii	Salpingoeca_dolichothecata_16	Salpingoeca_helianthica_18	Salpingoeca_infusionum_12	Salpingoeca_macrocollata_06	Salpingoeca_punica_03	Salpingoeca_qvevrii_09	Salpingoeca_roanoka_13	Salpingoeca_rosetta	Salpingoeca_urceolata_04	Sphaeroforma_arctica_JP610	Spongilla_lacustris	Stephanoeca_diplocostata_AUFR	Stomolophus_meleagris	Strongylocentrotus_purpuratus	Sycon_ciliatum	Sycon_coactum	Sympagella_nux	Tribolium_castaneum	Trichoplax_adhaerens	Vallicula_multiformis
Abeoforma_whisleri		0.232	0.32	0	0	0.336	0.408	1	1	0.016	0	0	1	1	1	0.44	0.496	0	0.128	1	0.4	0.384	0.624	0.008	0.264	0.08	1	0	0	1	0	0.192	0.4	1	1	1	0.432	1	1	0.04	0.392	0.104	0	1	0	0	1	0.104	0.128	0	1	0.6	0.064	0	0.4	1	1	0.12	0	1	0.128	0.016	1	1	0.504	0.032	1	0.776	1	1	1	0.04	0.6	1	0	0.416	0.232	1	0.2	0.376	0.048	1	0.432	0.128	0.2	0.136	0.608	1	0.272	0	0.016	0	0.4	0.424	0.48	0.024	0
Acanthoeca_sp_10tr	0.232		0.2	0	0	0.128	0.088	0.232	0.232	0	0	0	0.232	0.232	0.232	0.2	0.032	0	0.032	0.232	0.136	0.144	0.032	0	0.152	0.072	0.232	0	0	0.232	0	0.096	0.112	0.232	0.232	0.232	0.16	0.232	0.232	0	0.088	0.088	0	0.232	0	0	0.232	0.072	0.04	0	0.232	0.032	0	0	0.032	0.232	0.232	0.112	0	0.232	0.056	0	0.232	0.232	0.032	0	0.232	0.16	0.232	0.232	0.232	0.04	0.032	0.232	0	0.088	0.016	0.232	0.104	0.168	0.008	0.232	0.064	0.048	0.088	0.088	0.184	0.232	0.2	0	0	0	0.032	0.136	0.2	0	0
Acanthoeca_spectabilis_VA_02	0.32	0.2		0	0	0.152	0.208	0.32	0.32	0.016	0	0	0.32	0.32	0.32	0.296	0.088	0	0.064	0.32	0.256	0.24	0.112	0.008	0.184	0.072	0.32	0	0	0.32	0	0.16	0.168	0.32	0.32	0.32	0.272	0.32	0.32	0.024	0.208	0.088	0	0.32	0	0	0.32	0.08	0.128	0	0.32	0.096	0.064	0	0	0.32	0.32	0.12	0	0.32	0.04	0.008	0.32	0.32	0.088	0.032	0.32	0.216	0.32	0.32	0.32	0.04	0.096	0.32	0	0.2	0	0.32	0.088	0.16	0.04	0.32	0.032	0.088	0.128	0.12	0.264	0.32	0.248	0	0.016	0	0	0.256	0.272	0.008	0
Aiptasia_pallida	0	0	0		0	0	0	0	0	0	0	0	0	0	0	0	0	0	0	0	0	0	0	0	0	0	0	0	0	0	0	0	0	0	0	0	0	0	0	0	0	0	0	0	0	0	0	0	0	0	0	0	0	0	0	0	0	0	0	0	0	0	0	0	0	0	0	0	0	0	0	0	0	0	0	0	0	0	0	0	0	0	0	0	0	0	0	0	0	0	0	0	0	0	0	0	0
Alatina_alata	0	0	0	0		0	0	0	0	0	0	0	0	0	0	0	0	0	0	0	0	0	0	0	0	0	0	0	0	0	0	0	0	0	0	0	0	0	0	0	0	0	0	0	0	0	0	0	0	0	0	0	0	0	0	0	0	0	0	0	0	0	0	0	0	0	0	0	0	0	0	0	0	0	0	0	0	0	0	0	0	0	0	0	0	0	0	0	0	0	0	0	0	0	0	0	0
Amoebidium_parasiticum_JAP72	0.336	0.128	0.152	0	0		0.192	0.336	0.336	0	0	0	0.336	0.336	0.336	0.144	0.064	0	0.064	0.336	0.192	0.104	0.152	0	0.136	0.072	0.336	0	0	0.336	0	0.12	0.304	0.336	0.336	0.336	0.248	0.336	0.336	0	0.168	0.104	0	0.336	0	0	0.336	0.04	0.04	0	0.336	0.032	0	0	0.032	0.336	0.336	0.04	0	0.336	0.072	0	0.336	0.336	0.032	0	0.336	0.248	0.336	0.336	0.336	0.04	0.032	0.336	0	0.248	0.032	0.336	0.136	0.096	0.008	0.336	0.064	0.096	0.16	0.104	0.24	0.336	0.152	0	0.016	0	0.032	0.216	0.2	0.008	0
Amphimedon_queenslandica	0.408	0.088	0.208	0	0	0.192		0.408	0.408	0.016	0	0	0.408	0.408	0.408	0.304	0.128	0	0.064	0.408	0.352	0.304	0.208	0.008	0.096	0.072	0.408	0	0	0.408	0	0.168	0.264	0.408	0.408	0.408	0.224	0.408	0.408	0.04	0.36	0.104	0	0.408	0	0	0.408	0.008	0.128	0	0.408	0.232	0.064	0	0.032	0.408	0.408	0.008	0	0.408	0.056	0.008	0.408	0.408	0.136	0.032	0.408	0.184	0.408	0.408	0.408	0.04	0.232	0.408	0	0.288	0.032	0.408	0.136	0.08	0.048	0.408	0.064	0.064	0.168	0.136	0.216	0.408	0.16	0	0.016	0	0.032	0.376	0.28	0.008	0
Antipathes_caribbeana	1	0.232	0.32	0	0	0.336	0.408		1	0.016	0	0	1	1	1	0.44	0.496	0	0.128	1	0.4	0.384	0.624	0.008	0.264	0.08	1	0	0	1	0	0.192	0.4	1	1	1	0.432	1	1	0.04	0.392	0.104	0	1	0	0	1	0.104	0.128	0	1	0.6	0.064	0	0.4	1	1	0.12	0	1	0.128	0.016	1	1	0.504	0.032	1	0.776	1	1	1	0.04	0.6	1	0	0.416	0.232	1	0.2	0.376	0.048	1	0.432	0.128	0.2	0.136	0.608	1	0.272	0	0.016	0	0.4	0.424	0.48	0.024	0
Aphrocallistes_vastus	1	0.232	0.32	0	0	0.336	0.408	1		0.016	0	0	1	1	1	0.44	0.496	0	0.128	1	0.4	0.384	0.624	0.008	0.264	0.08	1	0	0	1	0	0.192	0.4	1	1	1	0.432	1	1	0.04	0.392	0.104	0	1	0	0	1	0.104	0.128	0	1	0.6	0.064	0	0.4	1	1	0.12	0	1	0.128	0.016	1	1	0.504	0.032	1	0.776	1	1	1	0.04	0.6	1	0	0.416	0.232	1	0.2	0.376	0.048	1	0.432	0.128	0.2	0.136	0.608	1	0.272	0	0.016	0	0.4	0.424	0.48	0.024	0
Aplysia_californica	0.016	0	0.016	0	0	0	0.016	0.016	0.016		0	0	0.016	0.016	0.016	0.016	0.016	0	0.016	0.016	0.016	0.016	0.016	0.008	0.008	0	0.016	0	0	0.016	0	0.008	0	0.016	0.016	0.016	0.016	0.016	0.016	0	0.016	0	0	0.016	0	0	0.016	0	0.016	0	0.016	0.016	0.016	0	0	0.016	0.016	0.008	0	0.016	0	0.008	0.016	0.016	0.016	0	0.016	0.016	0.016	0.016	0.016	0	0.016	0.016	0	0.016	0	0.016	0	0.008	0	0.016	0	0.008	0.008	0	0.016	0.016	0	0	0	0	0	0.016	0.016	0	0
Atolla_vanhoeffeni	0	0	0	0	0	0	0	0	0	0		0	0	0	0	0	0	0	0	0	0	0	0	0	0	0	0	0	0	0	0	0	0	0	0	0	0	0	0	0	0	0	0	0	0	0	0	0	0	0	0	0	0	0	0	0	0	0	0	0	0	0	0	0	0	0	0	0	0	0	0	0	0	0	0	0	0	0	0	0	0	0	0	0	0	0	0	0	0	0	0	0	0	0	0	0	0
Aurelia_aurita	0	0	0	0	0	0	0	0	0	0	0		0	0	0	0	0	0	0	0	0	0	0	0	0	0	0	0	0	0	0	0	0	0	0	0	0	0	0	0	0	0	0	0	0	0	0	0	0	0	0	0	0	0	0	0	0	0	0	0	0	0	0	0	0	0	0	0	0	0	0	0	0	0	0	0	0	0	0	0	0	0	0	0	0	0	0	0	0	0	0	0	0	0	0	0	0
Beroe_abyssicola	1	0.232	0.32	0	0	0.336	0.408	1	1	0.016	0	0		1	1	0.44	0.496	0	0.128	1	0.4	0.384	0.624	0.008	0.264	0.08	1	0	0	1	0	0.192	0.4	1	1	1	0.432	1	1	0.04	0.392	0.104	0	1	0	0	1	0.104	0.128	0	1	0.6	0.064	0	0.4	1	1	0.12	0	1	0.128	0.016	1	1	0.504	0.032	1	0.776	1	1	1	0.04	0.6	1	0	0.416	0.232	1	0.2	0.376	0.048	1	0.432	0.128	0.2	0.136	0.608	1	0.272	0	0.016	0	0.4	0.424	0.48	0.024	0
Beroe_sp	1	0.232	0.32	0	0	0.336	0.408	1	1	0.016	0	0	1		1	0.44	0.496	0	0.128	1	0.4	0.384	0.624	0.008	0.264	0.08	1	0	0	1	0	0.192	0.4	1	1	1	0.432	1	1	0.04	0.392	0.104	0	1	0	0	1	0.104	0.128	0	1	0.6	0.064	0	0.4	1	1	0.12	0	1	0.128	0.016	1	1	0.504	0.032	1	0.776	1	1	1	0.04	0.6	1	0	0.416	0.232	1	0.2	0.376	0.048	1	0.432	0.128	0.2	0.136	0.608	1	0.272	0	0.016	0	0.4	0.424	0.48	0.024	0
Bolinopsis_infundibulum	1	0.232	0.32	0	0	0.336	0.408	1	1	0.016	0	0	1	1		0.44	0.496	0	0.128	1	0.4	0.384	0.624	0.008	0.264	0.08	1	0	0	1	0	0.192	0.4	1	1	1	0.432	1	1	0.04	0.392	0.104	0	1	0	0	1	0.104	0.128	0	1	0.6	0.064	0	0.4	1	1	0.12	0	1	0.128	0.016	1	1	0.504	0.032	1	0.776	1	1	1	0.04	0.6	1	0	0.416	0.232	1	0.2	0.376	0.048	1	0.432	0.128	0.2	0.136	0.608	1	0.272	0	0.016	0	0.4	0.424	0.48	0.024	0
Bolocera_tuedia	0.44	0.2	0.296	0	0	0.144	0.304	0.44	0.44	0.016	0	0	0.44	0.44	0.44		0.064	0	0.064	0.44	0.352	0.384	0.104	0.008	0.184	0.08	0.44	0	0	0.44	0	0.168	0.184	0.44	0.44	0.44	0.264	0.44	0.44	0.04	0.304	0.104	0	0.44	0	0	0.44	0.104	0.128	0	0.44	0.2	0.064	0	0	0.44	0.44	0.12	0	0.44	0.04	0.008	0.44	0.44	0.104	0.032	0.44	0.216	0.44	0.44	0.44	0.04	0.2	0.44	0	0.256	0	0.44	0.104	0.16	0.048	0.44	0.032	0.064	0.12	0.136	0.28	0.44	0.248	0	0	0	0	0.352	0.408	0.008	0
Branchiostoma_floridae	0.496	0.032	0.088	0	0	0.064	0.128	0.496	0.496	0.016	0	0	0.496	0.496	0.496	0.064		0	0.088	0.496	0.096	0.064	0.496	0.008	0.088	0	0.496	0	0	0.496	0	0.032	0.088	0.496	0.496	0.496	0.104	0.496	0.496	0	0.152	0	0	0.496	0	0	0.496	0	0.064	0	0.496	0.464	0.064	0	0.4	0.496	0.496	0.008	0	0.496	0.088	0.016	0.496	0.496	0.464	0.032	0.496	0.496	0.496	0.496	0.496	0	0.464	0.496	0	0.096	0.232	0.496	0.096	0.224	0.008	0.496	0.4	0.072	0.088	0	0.264	0.496	0.024	0	0.016	0	0.4	0.096	0.104	0.008	0
Capitella_teleta	0	0	0	0	0	0	0	0	0	0	0	0	0	0	0	0	0		0	0	0	0	0	0	0	0	0	0	0	0	0	0	0	0	0	0	0	0	0	0	0	0	0	0	0	0	0	0	0	0	0	0	0	0	0	0	0	0	0	0	0	0	0	0	0	0	0	0	0	0	0	0	0	0	0	0	0	0	0	0	0	0	0	0	0	0	0	0	0	0	0	0	0	0	0	0	0
Capsaspora_owczarzaki_atcc30864	0.128	0.032	0.064	0	0	0.064	0.064	0.128	0.128	0.016	0	0	0.128	0.128	0.128	0.064	0.088	0		0.128	0.064	0.032	0.088	0.008	0.096	0	0.128	0	0	0.128	0	0.04	0.08	0.128	0.128	0.128	0.056	0.128	0.128	0	0.088	0	0	0.128	0	0	0.128	0.032	0.024	0	0.128	0.096	0.024	0	0.064	0.128	0.128	0.04	0	0.128	0.04	0.008	0.128	0.128	0.088	0	0.128	0.12	0.128	0.128	0.128	0	0.096	0.128	0	0.056	0.064	0.128	0.064	0.088	0	0.128	0.064	0.088	0.072	0.008	0.056	0.128	0.032	0	0	0	0.064	0.064	0.104	0.016	0
Cestum_veneris	1	0.232	0.32	0	0	0.336	0.408	1	1	0.016	0	0	1	1	1	0.44	0.496	0	0.128		0.4	0.384	0.624	0.008	0.264	0.08	1	0	0	1	0	0.192	0.4	1	1	1	0.432	1	1	0.04	0.392	0.104	0	1	0	0	1	0.104	0.128	0	1	0.6	0.064	0	0.4	1	1	0.12	0	1	0.128	0.016	1	1	0.504	0.032	1	0.776	1	1	1	0.04	0.6	1	0	0.416	0.232	1	0.2	0.376	0.048	1	0.432	0.128	0.2	0.136	0.608	1	0.272	0	0.016	0	0.4	0.424	0.48	0.024	0
Choanoeca_perplexa_11	0.4	0.136	0.256	0	0	0.192	0.352	0.4	0.4	0.016	0	0	0.4	0.4	0.4	0.352	0.096	0	0.064	0.4		0.304	0.152	0.008	0.12	0.072	0.4	0	0	0.4	0	0.192	0.232	0.4	0.4	0.4	0.248	0.4	0.4	0.04	0.336	0.104	0	0.4	0	0	0.4	0.056	0.128	0	0.4	0.2	0.064	0	0	0.4	0.4	0.056	0	0.4	0.04	0.008	0.4	0.4	0.104	0.032	0.4	0.176	0.4	0.4	0.4	0.04	0.2	0.4	0	0.304	0	0.4	0.104	0.096	0.048	0.4	0.032	0.088	0.144	0.136	0.24	0.4	0.208	0	0.016	0	0	0.4	0.32	0.008	0
Chondrilla_nucula	0.384	0.144	0.24	0	0	0.104	0.304	0.384	0.384	0.016	0	0	0.384	0.384	0.384	0.384	0.064	0	0.032	0.384	0.304		0.104	0.008	0.128	0.08	0.384	0	0	0.384	0	0.144	0.16	0.384	0.384	0.384	0.208	0.384	0.384	0.04	0.304	0.104	0	0.384	0	0	0.384	0.056	0.128	0	0.384	0.2	0.064	0	0	0.384	0.384	0.064	0	0.384	0.04	0.008	0.384	0.384	0.104	0.032	0.384	0.16	0.384	0.384	0.384	0.04	0.2	0.384	0	0.216	0	0.384	0.104	0.104	0.048	0.384	0.032	0.032	0.12	0.136	0.224	0.384	0.192	0	0	0	0	0.304	0.352	0.008	0
Clathrina_coriacea	0.624	0.032	0.112	0	0	0.152	0.208	0.624	0.624	0.016	0	0	0.624	0.624	0.624	0.104	0.496	0	0.088	0.624	0.152	0.104		0.008	0.088	0	0.624	0	0	0.624	0	0.072	0.216	0.624	0.624	0.624	0.232	0.624	0.624	0.04	0.192	0	0	0.624	0	0	0.624	0.008	0.088	0	0.624	0.504	0.064	0	0.4	0.624	0.624	0.008	0	0.624	0.088	0.016	0.624	0.624	0.504	0.032	0.624	0.584	0.624	0.624	0.624	0	0.504	0.624	0	0.224	0.232	0.624	0.096	0.224	0.04	0.624	0.4	0.072	0.088	0.024	0.392	0.624	0.064	0	0.016	0	0.4	0.176	0.128	0.016	0
Clytia_hemisphaerica	0.008	0	0.008	0	0	0	0.008	0.008	0.008	0.008	0	0	0.008	0.008	0.008	0.008	0.008	0	0.008	0.008	0.008	0.008	0.008		0.008	0	0.008	0	0	0.008	0	0.008	0	0.008	0.008	0.008	0.008	0.008	0.008	0	0.008	0	0	0.008	0	0	0.008	0	0.008	0	0.008	0.008	0.008	0	0	0.008	0.008	0.008	0	0.008	0	0.008	0.008	0.008	0.008	0	0.008	0.008	0.008	0.008	0.008	0	0.008	0.008	0	0.008	0	0.008	0	0.008	0	0.008	0	0.008	0.008	0	0.008	0.008	0	0	0	0	0	0.008	0.008	0	0
Codosiga_hollandica_17	0.264	0.152	0.184	0	0	0.136	0.096	0.264	0.264	0.008	0	0	0.264	0.264	0.264	0.184	0.088	0	0.096	0.264	0.12	0.128	0.088	0.008		0.032	0.264	0	0	0.264	0	0.08	0.128	0.264	0.264	0.264	0.184	0.264	0.264	0	0.128	0.04	0	0.264	0	0	0.264	0.096	0.032	0	0.264	0.064	0.008	0	0.056	0.264	0.264	0.12	0	0.264	0.08	0.008	0.264	0.264	0.064	0	0.264	0.24	0.264	0.264	0.264	0.024	0.064	0.264	0	0.112	0.056	0.264	0.096	0.184	0.008	0.264	0.088	0.12	0.128	0.04	0.208	0.264	0.176	0	0.016	0	0.056	0.12	0.224	0.008	0
Coeloplana_species	0.08	0.072	0.072	0	0	0.072	0.072	0.08	0.08	0	0	0	0.08	0.08	0.08	0.08	0	0	0	0.08	0.072	0.08	0	0	0.032		0.08	0	0	0.08	0	0.072	0.072	0.08	0.08	0.08	0.032	0.08	0.08	0	0.072	0.072	0	0.08	0	0	0.08	0.008	0.04	0	0.08	0	0	0	0	0.08	0.08	0	0	0.08	0.024	0	0.08	0.08	0	0	0.08	0.008	0.08	0.08	0.08	0.04	0	0.08	0	0.032	0	0.08	0.072	0.016	0	0.08	0.016	0	0.072	0.072	0.032	0.08	0.072	0	0	0	0	0.072	0.08	0	0
Corticium_candelabrum	1	0.232	0.32	0	0	0.336	0.408	1	1	0.016	0	0	1	1	1	0.44	0.496	0	0.128	1	0.4	0.384	0.624	0.008	0.264	0.08		0	0	1	0	0.192	0.4	1	1	1	0.432	1	1	0.04	0.392	0.104	0	1	0	0	1	0.104	0.128	0	1	0.6	0.064	0	0.4	1	1	0.12	0	1	0.128	0.016	1	1	0.504	0.032	1	0.776	1	1	1	0.04	0.6	1	0	0.416	0.232	1	0.2	0.376	0.048	1	0.432	0.128	0.2	0.136	0.608	1	0.272	0	0.016	0	0.4	0.424	0.48	0.024	0
Craspedacusta_sowerbyi	0	0	0	0	0	0	0	0	0	0	0	0	0	0	0	0	0	0	0	0	0	0	0	0	0	0	0		0	0	0	0	0	0	0	0	0	0	0	0	0	0	0	0	0	0	0	0	0	0	0	0	0	0	0	0	0	0	0	0	0	0	0	0	0	0	0	0	0	0	0	0	0	0	0	0	0	0	0	0	0	0	0	0	0	0	0	0	0	0	0	0	0	0	0	0	0
Crassostrea_gigas	0	0	0	0	0	0	0	0	0	0	0	0	0	0	0	0	0	0	0	0	0	0	0	0	0	0	0	0		0	0	0	0	0	0	0	0	0	0	0	0	0	0	0	0	0	0	0	0	0	0	0	0	0	0	0	0	0	0	0	0	0	0	0	0	0	0	0	0	0	0	0	0	0	0	0	0	0	0	0	0	0	0	0	0	0	0	0	0	0	0	0	0	0	0	0	0
Creolimax_fragrantissima	1	0.232	0.32	0	0	0.336	0.408	1	1	0.016	0	0	1	1	1	0.44	0.496	0	0.128	1	0.4	0.384	0.624	0.008	0.264	0.08	1	0	0		0	0.192	0.4	1	1	1	0.432	1	1	0.04	0.392	0.104	0	1	0	0	1	0.104	0.128	0	1	0.6	0.064	0	0.4	1	1	0.12	0	1	0.128	0.016	1	1	0.504	0.032	1	0.776	1	1	1	0.04	0.6	1	0	0.416	0.232	1	0.2	0.376	0.048	1	0.432	0.128	0.2	0.136	0.608	1	0.272	0	0.016	0	0.4	0.424	0.48	0.024	0
Daphnia_pulex	0	0	0	0	0	0	0	0	0	0	0	0	0	0	0	0	0	0	0	0	0	0	0	0	0	0	0	0	0	0		0	0	0	0	0	0	0	0	0	0	0	0	0	0	0	0	0	0	0	0	0	0	0	0	0	0	0	0	0	0	0	0	0	0	0	0	0	0	0	0	0	0	0	0	0	0	0	0	0	0	0	0	0	0	0	0	0	0	0	0	0	0	0	0	0	0
Diaphanoeca_grandis_RI_01	0.192	0.096	0.16	0	0	0.12	0.168	0.192	0.192	0.008	0	0	0.192	0.192	0.192	0.168	0.032	0	0.04	0.192	0.192	0.144	0.072	0.008	0.08	0.072	0.192	0	0	0.192	0		0.184	0.192	0.192	0.192	0.128	0.192	0.192	0.04	0.168	0.072	0	0.192	0	0	0.192	0.032	0.072	0	0.192	0.072	0.008	0	0	0.192	0.192	0.032	0	0.192	0.024	0.008	0.192	0.192	0.048	0	0.192	0.056	0.192	0.192	0.192	0.04	0.072	0.192	0	0.144	0	0.192	0.072	0.056	0.032	0.192	0.016	0.064	0.112	0.104	0.12	0.192	0.168	0	0.016	0	0	0.192	0.136	0.008	0
Didymoeca_costata_10	0.4	0.112	0.168	0	0	0.304	0.264	0.4	0.4	0	0	0	0.4	0.4	0.4	0.184	0.088	0	0.08	0.4	0.232	0.16	0.216	0	0.128	0.072	0.4	0	0	0.4	0	0.184		0.4	0.4	0.4	0.272	0.4	0.4	0.04	0.232	0.088	0	0.4	0	0	0.4	0.032	0.064	0	0.4	0.128	0	0	0.056	0.4	0.4	0.024	0	0.4	0.072	0	0.4	0.4	0.096	0	0.4	0.256	0.4	0.4	0.4	0.04	0.128	0.4	0	0.296	0.056	0.4	0.136	0.112	0.04	0.4	0.088	0.096	0.16	0.12	0.264	0.4	0.184	0	0.016	0	0.056	0.256	0.208	0.016	0
Dryodora_glandiformis	1	0.232	0.32	0	0	0.336	0.408	1	1	0.016	0	0	1	1	1	0.44	0.496	0	0.128	1	0.4	0.384	0.624	0.008	0.264	0.08	1	0	0	1	0	0.192	0.4		1	1	0.432	1	1	0.04	0.392	0.104	0	1	0	0	1	0.104	0.128	0	1	0.6	0.064	0	0.4	1	1	0.12	0	1	0.128	0.016	1	1	0.504	0.032	1	0.776	1	1	1	0.04	0.6	1	0	0.416	0.232	1	0.2	0.376	0.048	1	0.432	0.128	0.2	0.136	0.608	1	0.272	0	0.016	0	0.4	0.424	0.48	0.024	0
Edwardsiella_lineata	1	0.232	0.32	0	0	0.336	0.408	1	1	0.016	0	0	1	1	1	0.44	0.496	0	0.128	1	0.4	0.384	0.624	0.008	0.264	0.08	1	0	0	1	0	0.192	0.4	1		1	0.432	1	1	0.04	0.392	0.104	0	1	0	0	1	0.104	0.128	0	1	0.6	0.064	0	0.4	1	1	0.12	0	1	0.128	0.016	1	1	0.504	0.032	1	0.776	1	1	1	0.04	0.6	1	0	0.416	0.232	1	0.2	0.376	0.048	1	0.432	0.128	0.2	0.136	0.608	1	0.272	0	0.016	0	0.4	0.424	0.48	0.024	0
Ephydatia_muelleri	1	0.232	0.32	0	0	0.336	0.408	1	1	0.016	0	0	1	1	1	0.44	0.496	0	0.128	1	0.4	0.384	0.624	0.008	0.264	0.08	1	0	0	1	0	0.192	0.4	1	1		0.432	1	1	0.04	0.392	0.104	0	1	0	0	1	0.104	0.128	0	1	0.6	0.064	0	0.4	1	1	0.12	0	1	0.128	0.016	1	1	0.504	0.032	1	0.776	1	1	1	0.04	0.6	1	0	0.416	0.232	1	0.2	0.376	0.048	1	0.432	0.128	0.2	0.136	0.608	1	0.272	0	0.016	0	0.4	0.424	0.48	0.024	0
Euplectella_aspergillum	0.432	0.16	0.272	0	0	0.248	0.224	0.432	0.432	0.016	0	0	0.432	0.432	0.432	0.264	0.104	0	0.056	0.432	0.248	0.208	0.232	0.008	0.184	0.032	0.432	0	0	0.432	0	0.128	0.272	0.432	0.432	0.432		0.432	0.432	0.04	0.184	0.048	0	0.432	0	0	0.432	0.08	0.12	0	0.432	0.112	0.064	0	0.008	0.432	0.432	0.12	0	0.432	0.04	0.016	0.432	0.432	0.112	0.032	0.432	0.36	0.432	0.432	0.432	0.032	0.112	0.432	0	0.352	0	0.432	0.048	0.152	0.048	0.432	0.04	0.08	0.08	0.072	0.416	0.432	0.224	0	0.016	0	0.008	0.272	0.264	0.008	0
Euplokamis_dunlapae	1	0.232	0.32	0	0	0.336	0.408	1	1	0.016	0	0	1	1	1	0.44	0.496	0	0.128	1	0.4	0.384	0.624	0.008	0.264	0.08	1	0	0	1	0	0.192	0.4	1	1	1	0.432		1	0.04	0.392	0.104	0	1	0	0	1	0.104	0.128	0	1	0.6	0.064	0	0.4	1	1	0.12	0	1	0.128	0.016	1	1	0.504	0.032	1	0.776	1	1	1	0.04	0.6	1	0	0.416	0.232	1	0.2	0.376	0.048	1	0.432	0.128	0.2	0.136	0.608	1	0.272	0	0.016	0	0.4	0.424	0.48	0.024	0
Gorgonia_ventalina	1	0.232	0.32	0	0	0.336	0.408	1	1	0.016	0	0	1	1	1	0.44	0.496	0	0.128	1	0.4	0.384	0.624	0.008	0.264	0.08	1	0	0	1	0	0.192	0.4	1	1	1	0.432	1		0.04	0.392	0.104	0	1	0	0	1	0.104	0.128	0	1	0.6	0.064	0	0.4	1	1	0.12	0	1	0.128	0.016	1	1	0.504	0.032	1	0.776	1	1	1	0.04	0.6	1	0	0.416	0.232	1	0.2	0.376	0.048	1	0.432	0.128	0.2	0.136	0.608	1	0.272	0	0.016	0	0.4	0.424	0.48	0.024	0
Grantia_compressa	0.04	0	0.024	0	0	0	0.04	0.04	0.04	0	0	0	0.04	0.04	0.04	0.04	0	0	0	0.04	0.04	0.04	0.04	0	0	0	0.04	0	0	0.04	0	0.04	0.04	0.04	0.04	0.04	0.04	0.04	0.04		0.04	0	0	0.04	0	0	0.04	0.008	0.024	0	0.04	0.04	0	0	0	0.04	0.04	0	0	0.04	0	0	0.04	0.04	0.04	0	0.04	0	0.04	0.04	0.04	0	0.04	0.04	0	0.04	0	0.04	0	0	0.032	0.04	0	0	0	0.024	0.04	0.04	0.04	0	0	0	0	0.04	0.008	0	0
Helobdella_robusta	0.392	0.088	0.208	0	0	0.168	0.36	0.392	0.392	0.016	0	0	0.392	0.392	0.392	0.304	0.152	0	0.088	0.392	0.336	0.304	0.192	0.008	0.128	0.072	0.392	0	0	0.392	0	0.168	0.232	0.392	0.392	0.392	0.184	0.392	0.392	0.04		0.104	0	0.392	0	0	0.392	0.008	0.128	0	0.392	0.256	0.064	0	0.056	0.392	0.392	0.008	0	0.392	0.08	0.008	0.392	0.392	0.16	0.032	0.392	0.168	0.392	0.392	0.392	0.04	0.256	0.392	0	0.248	0.056	0.392	0.16	0.08	0.048	0.392	0.088	0.096	0.2	0.136	0.176	0.392	0.16	0	0.016	0	0.056	0.336	0.312	0.016	0
Homo_sapiens	0.104	0.088	0.088	0	0	0.104	0.104	0.104	0.104	0	0	0	0.104	0.104	0.104	0.104	0	0	0	0.104	0.104	0.104	0	0	0.04	0.072	0.104	0	0	0.104	0	0.072	0.088	0.104	0.104	0.104	0.048	0.104	0.104	0	0.104		0	0.104	0	0	0.104	0	0.04	0	0.104	0	0	0	0	0.104	0.104	0	0	0.104	0.04	0	0.104	0.104	0	0	0.104	0.016	0.104	0.104	0.104	0.04	0	0.104	0	0.048	0	0.104	0.104	0.032	0.008	0.104	0.032	0.016	0.104	0.104	0.04	0.104	0.088	0	0	0	0	0.104	0.104	0	0
Hormiphora_californensis	0	0	0	0	0	0	0	0	0	0	0	0	0	0	0	0	0	0	0	0	0	0	0	0	0	0	0	0	0	0	0	0	0	0	0	0	0	0	0	0	0	0		0	0	0	0	0	0	0	0	0	0	0	0	0	0	0	0	0	0	0	0	0	0	0	0	0	0	0	0	0	0	0	0	0	0	0	0	0	0	0	0	0	0	0	0	0	0	0	0	0	0	0	0	0	0
Hyalonema_populiferum	1	0.232	0.32	0	0	0.336	0.408	1	1	0.016	0	0	1	1	1	0.44	0.496	0	0.128	1	0.4	0.384	0.624	0.008	0.264	0.08	1	0	0	1	0	0.192	0.4	1	1	1	0.432	1	1	0.04	0.392	0.104	0		0	0	1	0.104	0.128	0	1	0.6	0.064	0	0.4	1	1	0.12	0	1	0.128	0.016	1	1	0.504	0.032	1	0.776	1	1	1	0.04	0.6	1	0	0.416	0.232	1	0.2	0.376	0.048	1	0.432	0.128	0.2	0.136	0.608	1	0.272	0	0.016	0	0.4	0.424	0.48	0.024	0
Hydra_magnipapillata	0	0	0	0	0	0	0	0	0	0	0	0	0	0	0	0	0	0	0	0	0	0	0	0	0	0	0	0	0	0	0	0	0	0	0	0	0	0	0	0	0	0	0	0		0	0	0	0	0	0	0	0	0	0	0	0	0	0	0	0	0	0	0	0	0	0	0	0	0	0	0	0	0	0	0	0	0	0	0	0	0	0	0	0	0	0	0	0	0	0	0	0	0	0	0	0
Hydractinia_polyclina	0	0	0	0	0	0	0	0	0	0	0	0	0	0	0	0	0	0	0	0	0	0	0	0	0	0	0	0	0	0	0	0	0	0	0	0	0	0	0	0	0	0	0	0	0		0	0	0	0	0	0	0	0	0	0	0	0	0	0	0	0	0	0	0	0	0	0	0	0	0	0	0	0	0	0	0	0	0	0	0	0	0	0	0	0	0	0	0	0	0	0	0	0	0	0	0
Ircinia_fasciculata	1	0.232	0.32	0	0	0.336	0.408	1	1	0.016	0	0	1	1	1	0.44	0.496	0	0.128	1	0.4	0.384	0.624	0.008	0.264	0.08	1	0	0	1	0	0.192	0.4	1	1	1	0.432	1	1	0.04	0.392	0.104	0	1	0	0		0.104	0.128	0	1	0.6	0.064	0	0.4	1	1	0.12	0	1	0.128	0.016	1	1	0.504	0.032	1	0.776	1	1	1	0.04	0.6	1	0	0.416	0.232	1	0.2	0.376	0.048	1	0.432	0.128	0.2	0.136	0.608	1	0.272	0	0.016	0	0.4	0.424	0.48	0.024	0
Ixodes_scapularis	0.104	0.072	0.08	0	0	0.04	0.008	0.104	0.104	0	0	0	0.104	0.104	0.104	0.104	0	0	0.032	0.104	0.056	0.056	0.008	0	0.096	0.008	0.104	0	0	0.104	0	0.032	0.032	0.104	0.104	0.104	0.08	0.104	0.104	0.008	0.008	0	0	0.104	0	0	0.104		0.008	0	0.104	0.008	0	0	0	0.104	0.104	0.072	0	0.104	0	0	0.104	0.104	0.008	0	0.104	0.096	0.104	0.104	0.104	0	0.008	0.104	0	0.048	0	0.104	0	0.072	0.008	0.104	0	0.032	0	0.008	0.104	0.104	0.08	0	0	0	0	0.056	0.096	0	0
Kirkpatrickia_variolosa	0.128	0.04	0.128	0	0	0.04	0.128	0.128	0.128	0.016	0	0	0.128	0.128	0.128	0.128	0.064	0	0.024	0.128	0.128	0.128	0.088	0.008	0.032	0.04	0.128	0	0	0.128	0	0.072	0.064	0.128	0.128	0.128	0.12	0.128	0.128	0.024	0.128	0.04	0	0.128	0	0	0.128	0.008		0	0.128	0.088	0.064	0	0	0.128	0.128	0.008	0	0.128	0.024	0.008	0.128	0.128	0.088	0.032	0.128	0.064	0.128	0.128	0.128	0.04	0.088	0.128	0	0.12	0	0.128	0.04	0.024	0.032	0.128	0.016	0.008	0.048	0.064	0.112	0.128	0.064	0	0	0	0	0.128	0.104	0	0
Lampea_pancerina	0	0	0	0	0	0	0	0	0	0	0	0	0	0	0	0	0	0	0	0	0	0	0	0	0	0	0	0	0	0	0	0	0	0	0	0	0	0	0	0	0	0	0	0	0	0	0	0	0		0	0	0	0	0	0	0	0	0	0	0	0	0	0	0	0	0	0	0	0	0	0	0	0	0	0	0	0	0	0	0	0	0	0	0	0	0	0	0	0	0	0	0	0	0	0	0
Latrunculia_apicalis	1	0.232	0.32	0	0	0.336	0.408	1	1	0.016	0	0	1	1	1	0.44	0.496	0	0.128	1	0.4	0.384	0.624	0.008	0.264	0.08	1	0	0	1	0	0.192	0.4	1	1	1	0.432	1	1	0.04	0.392	0.104	0	1	0	0	1	0.104	0.128	0		0.6	0.064	0	0.4	1	1	0.12	0	1	0.128	0.016	1	1	0.504	0.032	1	0.776	1	1	1	0.04	0.6	1	0	0.416	0.232	1	0.2	0.376	0.048	1	0.432	0.128	0.2	0.136	0.608	1	0.272	0	0.016	0	0.4	0.424	0.48	0.024	0
Leuconia_nivea	0.6	0.032	0.096	0	0	0.032	0.232	0.6	0.6	0.016	0	0	0.6	0.6	0.6	0.2	0.464	0	0.096	0.6	0.2	0.2	0.504	0.008	0.064	0	0.6	0	0	0.6	0	0.072	0.128	0.6	0.6	0.6	0.112	0.6	0.6	0.04	0.256	0	0	0.6	0	0	0.6	0.008	0.088	0	0.6		0.064	0	0.4	0.6	0.6	0.008	0	0.6	0.088	0.016	0.6	0.6	0.504	0.032	0.6	0.464	0.6	0.6	0.6	0	0.6	0.6	0	0.168	0.232	0.6	0.096	0.232	0.04	0.6	0.4	0.056	0.072	0.032	0.272	0.6	0.048	0	0	0	0.4	0.2	0.208	0.016	0
Leucosolenia_complicata	0.064	0	0.064	0	0	0	0.064	0.064	0.064	0.016	0	0	0.064	0.064	0.064	0.064	0.064	0	0.024	0.064	0.064	0.064	0.064	0.008	0.008	0	0.064	0	0	0.064	0	0.008	0	0.064	0.064	0.064	0.064	0.064	0.064	0	0.064	0	0	0.064	0	0	0.064	0	0.064	0	0.064	0.064		0	0	0.064	0.064	0.008	0	0.064	0	0.008	0.064	0.064	0.064	0.032	0.064	0.064	0.064	0.064	0.064	0	0.064	0.064	0	0.064	0	0.064	0	0.008	0.008	0.064	0	0.008	0.008	0	0.064	0.064	0	0	0	0	0	0.064	0.064	0	0
Liriope_tetraphylla	0	0	0	0	0	0	0	0	0	0	0	0	0	0	0	0	0	0	0	0	0	0	0	0	0	0	0	0	0	0	0	0	0	0	0	0	0	0	0	0	0	0	0	0	0	0	0	0	0	0	0	0	0		0	0	0	0	0	0	0	0	0	0	0	0	0	0	0	0	0	0	0	0	0	0	0	0	0	0	0	0	0	0	0	0	0	0	0	0	0	0	0	0	0	0	0
Lucernariopsis_campanulata	0.4	0.032	0	0	0	0.032	0.032	0.4	0.4	0	0	0	0.4	0.4	0.4	0	0.4	0	0.064	0.4	0	0	0.4	0	0.056	0	0.4	0	0	0.4	0	0	0.056	0.4	0.4	0.4	0.008	0.4	0.4	0	0.056	0	0	0.4	0	0	0.4	0	0	0	0.4	0.4	0	0		0.4	0.4	0	0	0.4	0.088	0.008	0.4	0.4	0.4	0	0.4	0.4	0.4	0.4	0.4	0	0.4	0.4	0	0	0.232	0.4	0.096	0.216	0	0.4	0.4	0.04	0.056	0	0.168	0.4	0	0	0	0	0.4	0	0.04	0.008	0
Ministeria_vibrans	1	0.232	0.32	0	0	0.336	0.408	1	1	0.016	0	0	1	1	1	0.44	0.496	0	0.128	1	0.4	0.384	0.624	0.008	0.264	0.08	1	0	0	1	0	0.192	0.4	1	1	1	0.432	1	1	0.04	0.392	0.104	0	1	0	0	1	0.104	0.128	0	1	0.6	0.064	0	0.4		1	0.12	0	1	0.128	0.016	1	1	0.504	0.032	1	0.776	1	1	1	0.04	0.6	1	0	0.416	0.232	1	0.2	0.376	0.048	1	0.432	0.128	0.2	0.136	0.608	1	0.272	0	0.016	0	0.4	0.424	0.48	0.024	0
Mnemiopsis_leidyi	1	0.232	0.32	0	0	0.336	0.408	1	1	0.016	0	0	1	1	1	0.44	0.496	0	0.128	1	0.4	0.384	0.624	0.008	0.264	0.08	1	0	0	1	0	0.192	0.4	1	1	1	0.432	1	1	0.04	0.392	0.104	0	1	0	0	1	0.104	0.128	0	1	0.6	0.064	0	0.4	1		0.12	0	1	0.128	0.016	1	1	0.504	0.032	1	0.776	1	1	1	0.04	0.6	1	0	0.416	0.232	1	0.2	0.376	0.048	1	0.432	0.128	0.2	0.136	0.608	1	0.272	0	0.016	0	0.4	0.424	0.48	0.024	0
Monosiga_brevicollis_mx1	0.12	0.112	0.12	0	0	0.04	0.008	0.12	0.12	0.008	0	0	0.12	0.12	0.12	0.12	0.008	0	0.04	0.12	0.056	0.064	0.008	0.008	0.12	0	0.12	0	0	0.12	0	0.032	0.024	0.12	0.12	0.12	0.12	0.12	0.12	0	0.008	0	0	0.12	0	0	0.12	0.072	0.008	0	0.12	0.008	0.008	0	0	0.12	0.12		0	0.12	0	0.008	0.12	0.12	0.008	0	0.12	0.12	0.12	0.12	0.12	0	0.008	0.12	0	0.048	0	0.12	0	0.12	0	0.12	0	0.04	0.008	0	0.12	0.12	0.112	0	0	0	0	0.056	0.12	0	0
Montastraea_faveolata	0	0	0	0	0	0	0	0	0	0	0	0	0	0	0	0	0	0	0	0	0	0	0	0	0	0	0	0	0	0	0	0	0	0	0	0	0	0	0	0	0	0	0	0	0	0	0	0	0	0	0	0	0	0	0	0	0	0		0	0	0	0	0	0	0	0	0	0	0	0	0	0	0	0	0	0	0	0	0	0	0	0	0	0	0	0	0	0	0	0	0	0	0	0	0	0
Mycale_phyllophila	1	0.232	0.32	0	0	0.336	0.408	1	1	0.016	0	0	1	1	1	0.44	0.496	0	0.128	1	0.4	0.384	0.624	0.008	0.264	0.08	1	0	0	1	0	0.192	0.4	1	1	1	0.432	1	1	0.04	0.392	0.104	0	1	0	0	1	0.104	0.128	0	1	0.6	0.064	0	0.4	1	1	0.12	0		0.128	0.016	1	1	0.504	0.032	1	0.776	1	1	1	0.04	0.6	1	0	0.416	0.232	1	0.2	0.376	0.048	1	0.432	0.128	0.2	0.136	0.608	1	0.272	0	0.016	0	0.4	0.424	0.48	0.024	0
Mylnosiga_fluctuans_19	0.128	0.056	0.04	0	0	0.072	0.056	0.128	0.128	0	0	0	0.128	0.128	0.128	0.04	0.088	0	0.04	0.128	0.04	0.04	0.088	0	0.08	0.024	0.128	0	0	0.128	0	0.024	0.072	0.128	0.128	0.128	0.04	0.128	0.128	0	0.08	0.04	0	0.128	0	0	0.128	0	0.024	0	0.128	0.088	0	0	0.088	0.128	0.128	0	0	0.128		0	0.128	0.128	0.088	0	0.128	0.104	0.128	0.128	0.128	0.024	0.088	0.128	0	0.04	0.088	0.128	0.112	0.104	0.008	0.128	0.12	0.048	0.08	0.04	0.088	0.128	0.04	0	0	0	0.088	0.04	0.072	0	0
Nanomia_bijuga	0.016	0	0.008	0	0	0	0.008	0.016	0.016	0.008	0	0	0.016	0.016	0.016	0.008	0.016	0	0.008	0.016	0.008	0.008	0.016	0.008	0.008	0	0.016	0	0	0.016	0	0.008	0	0.016	0.016	0.016	0.016	0.016	0.016	0	0.008	0	0	0.016	0	0	0.016	0	0.008	0	0.016	0.016	0.008	0	0.008	0.016	0.016	0.008	0	0.016	0		0.016	0.016	0.016	0	0.016	0.016	0.016	0.016	0.016	0	0.016	0.016	0	0.008	0	0.016	0	0.008	0	0.016	0.008	0.008	0.008	0	0.008	0.016	0	0	0	0	0.008	0.008	0.008	0	0
Nematostella_vectensis	1	0.232	0.32	0	0	0.336	0.408	1	1	0.016	0	0	1	1	1	0.44	0.496	0	0.128	1	0.4	0.384	0.624	0.008	0.264	0.08	1	0	0	1	0	0.192	0.4	1	1	1	0.432	1	1	0.04	0.392	0.104	0	1	0	0	1	0.104	0.128	0	1	0.6	0.064	0	0.4	1	1	0.12	0	1	0.128	0.016		1	0.504	0.032	1	0.776	1	1	1	0.04	0.6	1	0	0.416	0.232	1	0.2	0.376	0.048	1	0.432	0.128	0.2	0.136	0.608	1	0.272	0	0.016	0	0.4	0.424	0.48	0.024	0
Oscarella_carmela	1	0.232	0.32	0	0	0.336	0.408	1	1	0.016	0	0	1	1	1	0.44	0.496	0	0.128	1	0.4	0.384	0.624	0.008	0.264	0.08	1	0	0	1	0	0.192	0.4	1	1	1	0.432	1	1	0.04	0.392	0.104	0	1	0	0	1	0.104	0.128	0	1	0.6	0.064	0	0.4	1	1	0.12	0	1	0.128	0.016	1		0.504	0.032	1	0.776	1	1	1	0.04	0.6	1	0	0.416	0.232	1	0.2	0.376	0.048	1	0.432	0.128	0.2	0.136	0.608	1	0.272	0	0.016	0	0.4	0.424	0.48	0.024	0
Oscarella_species	0.504	0.032	0.088	0	0	0.032	0.136	0.504	0.504	0.016	0	0	0.504	0.504	0.504	0.104	0.464	0	0.088	0.504	0.104	0.104	0.504	0.008	0.064	0	0.504	0	0	0.504	0	0.048	0.096	0.504	0.504	0.504	0.112	0.504	0.504	0.04	0.16	0	0	0.504	0	0	0.504	0.008	0.088	0	0.504	0.504	0.064	0	0.4	0.504	0.504	0.008	0	0.504	0.088	0.016	0.504	0.504		0.032	0.504	0.464	0.504	0.504	0.504	0	0.504	0.504	0	0.104	0.232	0.504	0.096	0.224	0.04	0.504	0.4	0.048	0.064	0.024	0.272	0.504	0.04	0	0	0	0.4	0.104	0.112	0.008	0
Pelagia_noctiluca	0.032	0	0.032	0	0	0	0.032	0.032	0.032	0	0	0	0.032	0.032	0.032	0.032	0.032	0	0	0.032	0.032	0.032	0.032	0	0	0	0.032	0	0	0.032	0	0	0	0.032	0.032	0.032	0.032	0.032	0.032	0	0.032	0	0	0.032	0	0	0.032	0	0.032	0	0.032	0.032	0.032	0	0	0.032	0.032	0	0	0.032	0	0	0.032	0.032	0.032		0.032	0.032	0.032	0.032	0.032	0	0.032	0.032	0	0.032	0	0.032	0	0	0.008	0.032	0	0	0	0	0.032	0.032	0	0	0	0	0	0.032	0.032	0	0
Pennatula_rubra	1	0.232	0.32	0	0	0.336	0.408	1	1	0.016	0	0	1	1	1	0.44	0.496	0	0.128	1	0.4	0.384	0.624	0.008	0.264	0.08	1	0	0	1	0	0.192	0.4	1	1	1	0.432	1	1	0.04	0.392	0.104	0	1	0	0	1	0.104	0.128	0	1	0.6	0.064	0	0.4	1	1	0.12	0	1	0.128	0.016	1	1	0.504	0.032		0.776	1	1	1	0.04	0.6	1	0	0.416	0.232	1	0.2	0.376	0.048	1	0.432	0.128	0.2	0.136	0.608	1	0.272	0	0.016	0	0.4	0.424	0.48	0.024	0
Periphylla_periphylla	0.776	0.16	0.216	0	0	0.248	0.184	0.776	0.776	0.016	0	0	0.776	0.776	0.776	0.216	0.496	0	0.12	0.776	0.176	0.16	0.584	0.008	0.24	0.008	0.776	0	0	0.776	0	0.056	0.256	0.776	0.776	0.776	0.36	0.776	0.776	0	0.168	0.016	0	0.776	0	0	0.776	0.096	0.064	0	0.776	0.464	0.064	0	0.4	0.776	0.776	0.12	0	0.776	0.104	0.016	0.776	0.776	0.464	0.032	0.776		0.776	0.776	0.776	0	0.464	0.776	0	0.28	0.232	0.776	0.112	0.352	0.016	0.776	0.416	0.12	0.104	0.016	0.544	0.776	0.152	0	0.016	0	0.4	0.2	0.288	0.016	0
Petrosia_ficiformis	1	0.232	0.32	0	0	0.336	0.408	1	1	0.016	0	0	1	1	1	0.44	0.496	0	0.128	1	0.4	0.384	0.624	0.008	0.264	0.08	1	0	0	1	0	0.192	0.4	1	1	1	0.432	1	1	0.04	0.392	0.104	0	1	0	0	1	0.104	0.128	0	1	0.6	0.064	0	0.4	1	1	0.12	0	1	0.128	0.016	1	1	0.504	0.032	1	0.776		1	1	0.04	0.6	1	0	0.416	0.232	1	0.2	0.376	0.048	1	0.432	0.128	0.2	0.136	0.608	1	0.272	0	0.016	0	0.4	0.424	0.48	0.024	0
Pirum_gemmata	1	0.232	0.32	0	0	0.336	0.408	1	1	0.016	0	0	1	1	1	0.44	0.496	0	0.128	1	0.4	0.384	0.624	0.008	0.264	0.08	1	0	0	1	0	0.192	0.4	1	1	1	0.432	1	1	0.04	0.392	0.104	0	1	0	0	1	0.104	0.128	0	1	0.6	0.064	0	0.4	1	1	0.12	0	1	0.128	0.016	1	1	0.504	0.032	1	0.776	1		1	0.04	0.6	1	0	0.416	0.232	1	0.2	0.376	0.048	1	0.432	0.128	0.2	0.136	0.608	1	0.272	0	0.016	0	0.4	0.424	0.48	0.024	0
Plakina_jani	1	0.232	0.32	0	0	0.336	0.408	1	1	0.016	0	0	1	1	1	0.44	0.496	0	0.128	1	0.4	0.384	0.624	0.008	0.264	0.08	1	0	0	1	0	0.192	0.4	1	1	1	0.432	1	1	0.04	0.392	0.104	0	1	0	0	1	0.104	0.128	0	1	0.6	0.064	0	0.4	1	1	0.12	0	1	0.128	0.016	1	1	0.504	0.032	1	0.776	1	1		0.04	0.6	1	0	0.416	0.232	1	0.2	0.376	0.048	1	0.432	0.128	0.2	0.136	0.608	1	0.272	0	0.016	0	0.4	0.424	0.48	0.024	0
Pleraplysilla_spinifera	0.04	0.04	0.04	0	0	0.04	0.04	0.04	0.04	0	0	0	0.04	0.04	0.04	0.04	0	0	0	0.04	0.04	0.04	0	0	0.024	0.04	0.04	0	0	0.04	0	0.04	0.04	0.04	0.04	0.04	0.032	0.04	0.04	0	0.04	0.04	0	0.04	0	0	0.04	0	0.04	0	0.04	0	0	0	0	0.04	0.04	0	0	0.04	0.024	0	0.04	0.04	0	0	0.04	0	0.04	0.04	0.04		0	0.04	0	0.032	0	0.04	0.04	0.016	0	0.04	0.016	0	0.04	0.04	0.024	0.04	0.04	0	0	0	0	0.04	0.04	0	0
Pleurobrachia_species	0.6	0.032	0.096	0	0	0.032	0.232	0.6	0.6	0.016	0	0	0.6	0.6	0.6	0.2	0.464	0	0.096	0.6	0.2	0.2	0.504	0.008	0.064	0	0.6	0	0	0.6	0	0.072	0.128	0.6	0.6	0.6	0.112	0.6	0.6	0.04	0.256	0	0	0.6	0	0	0.6	0.008	0.088	0	0.6	0.6	0.064	0	0.4	0.6	0.6	0.008	0	0.6	0.088	0.016	0.6	0.6	0.504	0.032	0.6	0.464	0.6	0.6	0.6	0		0.6	0	0.168	0.232	0.6	0.096	0.232	0.04	0.6	0.4	0.056	0.072	0.032	0.272	0.6	0.048	0	0	0	0.4	0.2	0.208	0.016	0
Plumapathes_pennacea	1	0.232	0.32	0	0	0.336	0.408	1	1	0.016	0	0	1	1	1	0.44	0.496	0	0.128	1	0.4	0.384	0.624	0.008	0.264	0.08	1	0	0	1	0	0.192	0.4	1	1	1	0.432	1	1	0.04	0.392	0.104	0	1	0	0	1	0.104	0.128	0	1	0.6	0.064	0	0.4	1	1	0.12	0	1	0.128	0.016	1	1	0.504	0.032	1	0.776	1	1	1	0.04	0.6		0	0.416	0.232	1	0.2	0.376	0.048	1	0.432	0.128	0.2	0.136	0.608	1	0.272	0	0.016	0	0.4	0.424	0.48	0.024	0
Porites_australiensis	0	0	0	0	0	0	0	0	0	0	0	0	0	0	0	0	0	0	0	0	0	0	0	0	0	0	0	0	0	0	0	0	0	0	0	0	0	0	0	0	0	0	0	0	0	0	0	0	0	0	0	0	0	0	0	0	0	0	0	0	0	0	0	0	0	0	0	0	0	0	0	0	0	0		0	0	0	0	0	0	0	0	0	0	0	0	0	0	0	0	0	0	0	0	0	0
Rossella_fibulata	0.416	0.088	0.2	0	0	0.248	0.288	0.416	0.416	0.016	0	0	0.416	0.416	0.416	0.256	0.096	0	0.056	0.416	0.304	0.216	0.224	0.008	0.112	0.032	0.416	0	0	0.416	0	0.144	0.296	0.416	0.416	0.416	0.352	0.416	0.416	0.04	0.248	0.048	0	0.416	0	0	0.416	0.048	0.12	0	0.416	0.168	0.064	0	0	0.416	0.416	0.048	0	0.416	0.04	0.008	0.416	0.416	0.104	0.032	0.416	0.28	0.416	0.416	0.416	0.032	0.168	0.416	0		0	0.416	0.048	0.08	0.048	0.416	0.032	0.08	0.08	0.072	0.344	0.416	0.16	0	0.016	0	0	0.328	0.256	0.008	0
Saccoglossus_kowalevskii	0.232	0.016	0	0	0	0.032	0.032	0.232	0.232	0	0	0	0.232	0.232	0.232	0	0.232	0	0.064	0.232	0	0	0.232	0	0.056	0	0.232	0	0	0.232	0	0	0.056	0.232	0.232	0.232	0	0.232	0.232	0	0.056	0	0	0.232	0	0	0.232	0	0	0	0.232	0.232	0	0	0.232	0.232	0.232	0	0	0.232	0.088	0	0.232	0.232	0.232	0	0.232	0.232	0.232	0.232	0.232	0	0.232	0.232	0	0		0.232	0.096	0.208	0	0.232	0.232	0.04	0.056	0	0.08	0.232	0	0	0	0	0.232	0	0.04	0.008	0
Salpingoeca_dolichothecata_16	1	0.232	0.32	0	0	0.336	0.408	1	1	0.016	0	0	1	1	1	0.44	0.496	0	0.128	1	0.4	0.384	0.624	0.008	0.264	0.08	1	0	0	1	0	0.192	0.4	1	1	1	0.432	1	1	0.04	0.392	0.104	0	1	0	0	1	0.104	0.128	0	1	0.6	0.064	0	0.4	1	1	0.12	0	1	0.128	0.016	1	1	0.504	0.032	1	0.776	1	1	1	0.04	0.6	1	0	0.416	0.232		0.2	0.376	0.048	1	0.432	0.128	0.2	0.136	0.608	1	0.272	0	0.016	0	0.4	0.424	0.48	0.024	0
Salpingoeca_helianthica_18	0.2	0.104	0.088	0	0	0.136	0.136	0.2	0.2	0	0	0	0.2	0.2	0.2	0.104	0.096	0	0.064	0.2	0.104	0.104	0.096	0	0.096	0.072	0.2	0	0	0.2	0	0.072	0.136	0.2	0.2	0.2	0.048	0.2	0.2	0	0.16	0.104	0	0.2	0	0	0.2	0	0.04	0	0.2	0.096	0	0	0.096	0.2	0.2	0	0	0.2	0.112	0	0.2	0.2	0.096	0	0.2	0.112	0.2	0.2	0.2	0.04	0.096	0.2	0	0.048	0.096	0.2		0.104	0.008	0.2	0.128	0.056	0.16	0.104	0.072	0.2	0.088	0	0	0	0.096	0.104	0.144	0.008	0
Salpingoeca_infusionum_12	0.376	0.168	0.16	0	0	0.096	0.08	0.376	0.376	0.008	0	0	0.376	0.376	0.376	0.16	0.224	0	0.088	0.376	0.096	0.104	0.224	0.008	0.184	0.016	0.376	0	0	0.376	0	0.056	0.112	0.376	0.376	0.376	0.152	0.376	0.376	0	0.08	0.032	0	0.376	0	0	0.376	0.072	0.024	0	0.376	0.232	0.008	0	0.216	0.376	0.376	0.12	0	0.376	0.104	0.008	0.376	0.376	0.224	0	0.376	0.352	0.376	0.376	0.376	0.016	0.232	0.376	0	0.08	0.208	0.376	0.104		0.008	0.376	0.248	0.08	0.08	0.04	0.24	0.376	0.144	0	0	0	0.216	0.096	0.176	0.008	0
Salpingoeca_macrocollata_06	0.048	0.008	0.04	0	0	0.008	0.048	0.048	0.048	0	0	0	0.048	0.048	0.048	0.048	0.008	0	0	0.048	0.048	0.048	0.04	0	0.008	0	0.048	0	0	0.048	0	0.032	0.04	0.048	0.048	0.048	0.048	0.048	0.048	0.032	0.048	0.008	0	0.048	0	0	0.048	0.008	0.032	0	0.048	0.04	0.008	0	0	0.048	0.048	0	0	0.048	0.008	0	0.048	0.048	0.04	0.008	0.048	0.016	0.048	0.048	0.048	0	0.04	0.048	0	0.048	0	0.048	0.008	0.008		0.048	0.008	0.008	0.008	0.032	0.048	0.048	0.04	0	0	0	0	0.048	0.016	0	0
Salpingoeca_punica_03	1	0.232	0.32	0	0	0.336	0.408	1	1	0.016	0	0	1	1	1	0.44	0.496	0	0.128	1	0.4	0.384	0.624	0.008	0.264	0.08	1	0	0	1	0	0.192	0.4	1	1	1	0.432	1	1	0.04	0.392	0.104	0	1	0	0	1	0.104	0.128	0	1	0.6	0.064	0	0.4	1	1	0.12	0	1	0.128	0.016	1	1	0.504	0.032	1	0.776	1	1	1	0.04	0.6	1	0	0.416	0.232	1	0.2	0.376	0.048		0.432	0.128	0.2	0.136	0.608	1	0.272	0	0.016	0	0.4	0.424	0.48	0.024	0
Salpingoeca_qvevrii_09	0.432	0.064	0.032	0	0	0.064	0.064	0.432	0.432	0	0	0	0.432	0.432	0.432	0.032	0.4	0	0.064	0.432	0.032	0.032	0.4	0	0.088	0.016	0.432	0	0	0.432	0	0.016	0.088	0.432	0.432	0.432	0.04	0.432	0.432	0	0.088	0.032	0	0.432	0	0	0.432	0	0.016	0	0.432	0.4	0	0	0.4	0.432	0.432	0	0	0.432	0.12	0.008	0.432	0.432	0.4	0	0.432	0.416	0.432	0.432	0.432	0.016	0.4	0.432	0	0.032	0.232	0.432	0.128	0.248	0.008	0.432		0.056	0.088	0.032	0.2	0.432	0.032	0	0	0	0.4	0.032	0.072	0.008	0
Salpingoeca_roanoka_13	0.128	0.048	0.088	0	0	0.096	0.064	0.128	0.128	0.008	0	0	0.128	0.128	0.128	0.064	0.072	0	0.088	0.128	0.088	0.032	0.072	0.008	0.12	0	0.128	0	0	0.128	0	0.064	0.096	0.128	0.128	0.128	0.08	0.128	0.128	0	0.096	0.016	0	0.128	0	0	0.128	0.032	0.008	0	0.128	0.056	0.008	0	0.04	0.128	0.128	0.04	0	0.128	0.048	0.008	0.128	0.128	0.048	0	0.128	0.12	0.128	0.128	0.128	0	0.056	0.128	0	0.08	0.04	0.128	0.056	0.08	0.008	0.128	0.056		0.096	0.024	0.08	0.128	0.072	0	0.016	0	0.04	0.088	0.104	0.016	0
Salpingoeca_rosetta	0.2	0.088	0.128	0	0	0.16	0.168	0.2	0.2	0.008	0	0	0.2	0.2	0.2	0.12	0.088	0	0.072	0.2	0.144	0.12	0.088	0.008	0.128	0.072	0.2	0	0	0.2	0	0.112	0.16	0.2	0.2	0.2	0.08	0.2	0.2	0	0.2	0.104	0	0.2	0	0	0.2	0	0.048	0	0.2	0.072	0.008	0	0.056	0.2	0.2	0.008	0	0.2	0.08	0.008	0.2	0.2	0.064	0	0.2	0.104	0.2	0.2	0.2	0.04	0.072	0.2	0	0.08	0.056	0.2	0.16	0.08	0.008	0.2	0.088	0.096		0.112	0.072	0.2	0.112	0	0.016	0	0.056	0.144	0.16	0.016	0
Salpingoeca_urceolata_04	0.136	0.088	0.12	0	0	0.104	0.136	0.136	0.136	0	0	0	0.136	0.136	0.136	0.136	0	0	0.008	0.136	0.136	0.136	0.024	0	0.04	0.072	0.136	0	0	0.136	0	0.104	0.12	0.136	0.136	0.136	0.072	0.136	0.136	0.024	0.136	0.104	0	0.136	0	0	0.136	0.008	0.064	0	0.136	0.032	0	0	0	0.136	0.136	0	0	0.136	0.04	0	0.136	0.136	0.024	0	0.136	0.016	0.136	0.136	0.136	0.04	0.032	0.136	0	0.072	0	0.136	0.104	0.04	0.032	0.136	0.032	0.024	0.112		0.064	0.136	0.112	0	0	0	0	0.136	0.112	0.008	0
Sphaeroforma_arctica_JP610	0.608	0.184	0.264	0	0	0.24	0.216	0.608	0.608	0.016	0	0	0.608	0.608	0.608	0.28	0.264	0	0.056	0.608	0.24	0.224	0.392	0.008	0.208	0.032	0.608	0	0	0.608	0	0.12	0.264	0.608	0.608	0.608	0.416	0.608	0.608	0.04	0.176	0.04	0	0.608	0	0	0.608	0.104	0.112	0	0.608	0.272	0.064	0	0.168	0.608	0.608	0.12	0	0.608	0.088	0.008	0.608	0.608	0.272	0.032	0.608	0.544	0.608	0.608	0.608	0.024	0.272	0.608	0	0.344	0.08	0.608	0.072	0.24	0.048	0.608	0.2	0.08	0.072	0.064		0.608	0.216	0	0.016	0	0.168	0.264	0.28	0.008	0
Spongilla_lacustris	1	0.232	0.32	0	0	0.336	0.408	1	1	0.016	0	0	1	1	1	0.44	0.496	0	0.128	1	0.4	0.384	0.624	0.008	0.264	0.08	1	0	0	1	0	0.192	0.4	1	1	1	0.432	1	1	0.04	0.392	0.104	0	1	0	0	1	0.104	0.128	0	1	0.6	0.064	0	0.4	1	1	0.12	0	1	0.128	0.016	1	1	0.504	0.032	1	0.776	1	1	1	0.04	0.6	1	0	0.416	0.232	1	0.2	0.376	0.048	1	0.432	0.128	0.2	0.136	0.608		0.272	0	0.016	0	0.4	0.424	0.48	0.024	0
Stephanoeca_diplocostata_AUFR	0.272	0.2	0.248	0	0	0.152	0.16	0.272	0.272	0	0	0	0.272	0.272	0.272	0.248	0.024	0	0.032	0.272	0.208	0.192	0.064	0	0.176	0.072	0.272	0	0	0.272	0	0.168	0.184	0.272	0.272	0.272	0.224	0.272	0.272	0.04	0.16	0.088	0	0.272	0	0	0.272	0.08	0.064	0	0.272	0.048	0	0	0	0.272	0.272	0.112	0	0.272	0.04	0	0.272	0.272	0.04	0	0.272	0.152	0.272	0.272	0.272	0.04	0.048	0.272	0	0.16	0	0.272	0.088	0.144	0.04	0.272	0.032	0.072	0.112	0.112	0.216	0.272		0	0.016	0	0	0.208	0.216	0	0
Stomolophus_meleagris	0	0	0	0	0	0	0	0	0	0	0	0	0	0	0	0	0	0	0	0	0	0	0	0	0	0	0	0	0	0	0	0	0	0	0	0	0	0	0	0	0	0	0	0	0	0	0	0	0	0	0	0	0	0	0	0	0	0	0	0	0	0	0	0	0	0	0	0	0	0	0	0	0	0	0	0	0	0	0	0	0	0	0	0	0	0	0	0	0		0	0	0	0	0	0	0
Strongylocentrotus_purpuratus	0.016	0	0.016	0	0	0.016	0.016	0.016	0.016	0	0	0	0.016	0.016	0.016	0	0.016	0	0	0.016	0.016	0	0.016	0	0.016	0	0.016	0	0	0.016	0	0.016	0.016	0.016	0.016	0.016	0.016	0.016	0.016	0	0.016	0	0	0.016	0	0	0.016	0	0	0	0.016	0	0	0	0	0.016	0.016	0	0	0.016	0	0	0.016	0.016	0	0	0.016	0.016	0.016	0.016	0.016	0	0	0.016	0	0.016	0	0.016	0	0	0	0.016	0	0.016	0.016	0	0.016	0.016	0.016	0		0	0	0.016	0	0	0
Sycon_ciliatum	0	0	0	0	0	0	0	0	0	0	0	0	0	0	0	0	0	0	0	0	0	0	0	0	0	0	0	0	0	0	0	0	0	0	0	0	0	0	0	0	0	0	0	0	0	0	0	0	0	0	0	0	0	0	0	0	0	0	0	0	0	0	0	0	0	0	0	0	0	0	0	0	0	0	0	0	0	0	0	0	0	0	0	0	0	0	0	0	0	0	0		0	0	0	0	0
Sycon_coactum	0.4	0.032	0	0	0	0.032	0.032	0.4	0.4	0	0	0	0.4	0.4	0.4	0	0.4	0	0.064	0.4	0	0	0.4	0	0.056	0	0.4	0	0	0.4	0	0	0.056	0.4	0.4	0.4	0.008	0.4	0.4	0	0.056	0	0	0.4	0	0	0.4	0	0	0	0.4	0.4	0	0	0.4	0.4	0.4	0	0	0.4	0.088	0.008	0.4	0.4	0.4	0	0.4	0.4	0.4	0.4	0.4	0	0.4	0.4	0	0	0.232	0.4	0.096	0.216	0	0.4	0.4	0.04	0.056	0	0.168	0.4	0	0	0	0		0	0.04	0.008	0
Sympagella_nux	0.424	0.136	0.256	0	0	0.216	0.376	0.424	0.424	0.016	0	0	0.424	0.424	0.424	0.352	0.096	0	0.064	0.424	0.4	0.304	0.176	0.008	0.12	0.072	0.424	0	0	0.424	0	0.192	0.256	0.424	0.424	0.424	0.272	0.424	0.424	0.04	0.336	0.104	0	0.424	0	0	0.424	0.056	0.128	0	0.424	0.2	0.064	0	0	0.424	0.424	0.056	0	0.424	0.04	0.008	0.424	0.424	0.104	0.032	0.424	0.2	0.424	0.424	0.424	0.04	0.2	0.424	0	0.328	0	0.424	0.104	0.096	0.048	0.424	0.032	0.088	0.144	0.136	0.264	0.424	0.208	0	0.016	0	0		0.32	0.008	0
Tribolium_castaneum	0.48	0.2	0.272	0	0	0.2	0.28	0.48	0.48	0.016	0	0	0.48	0.48	0.48	0.408	0.104	0	0.104	0.48	0.32	0.352	0.128	0.008	0.224	0.08	0.48	0	0	0.48	0	0.136	0.208	0.48	0.48	0.48	0.264	0.48	0.48	0.008	0.312	0.104	0	0.48	0	0	0.48	0.096	0.104	0	0.48	0.208	0.064	0	0.04	0.48	0.48	0.12	0	0.48	0.072	0.008	0.48	0.48	0.112	0.032	0.48	0.288	0.48	0.48	0.48	0.04	0.208	0.48	0	0.256	0.04	0.48	0.144	0.176	0.016	0.48	0.072	0.104	0.16	0.112	0.28	0.48	0.216	0	0	0	0.04	0.32		0.024	0
Trichoplax_adhaerens	0.024	0	0.008	0	0	0.008	0.008	0.024	0.024	0	0	0	0.024	0.024	0.024	0.008	0.008	0	0.016	0.024	0.008	0.008	0.016	0	0.008	0	0.024	0	0	0.024	0	0.008	0.016	0.024	0.024	0.024	0.008	0.024	0.024	0	0.016	0	0	0.024	0	0	0.024	0	0	0	0.024	0.016	0	0	0.008	0.024	0.024	0	0	0.024	0	0	0.024	0.024	0.008	0	0.024	0.016	0.024	0.024	0.024	0	0.016	0.024	0	0.008	0.008	0.024	0.008	0.008	0	0.024	0.008	0.016	0.016	0.008	0.008	0.024	0	0	0	0	0.008	0.008	0.024		0
Vallicula_multiformis	0	0	0	0	0	0	0	0	0	0	0	0	0	0	0	0	0	0	0	0	0	0	0	0	0	0	0	0	0	0	0	0	0	0	0	0	0	0	0	0	0	0	0	0	0	0	0	0	0	0	0	0	0	0	0	0	0	0	0	0	0	0	0	0	0	0	0	0	0	0	0	0	0	0	0	0	0	0	0	0	0	0	0	0	0	0	0	0	0	0	0	0	0	0	0	0	
