	Abeoforma_whisleri	Acanthoeca_sp_10tr	Acanthoeca_spectabilis_VA_02	Aiptasia_pallida	Alatina_alata	Amoebidium_parasiticum_JAP72	Amphimedon_queenslandica	Antipathes_caribbeana	Aphrocallistes_vastus	Aplysia_californica	Atolla_vanhoeffeni	Aurelia_aurita	Beroe_abyssicola	Beroe_sp	Bolinopsis_infundibulum	Bolocera_tuedia	Branchiostoma_floridae	Capitella_teleta	Capsaspora_owczarzaki_atcc30864	Cestum_veneris	Choanoeca_perplexa_11	Chondrilla_nucula	Clathrina_coriacea	Clytia_hemisphaerica	Codosiga_hollandica_17	Coeloplana_species	Corticium_candelabrum	Craspedacusta_sowerbyi	Crassostrea_gigas	Creolimax_fragrantissima	Daphnia_pulex	Diaphanoeca_grandis_RI_01	Didymoeca_costata_10	Dryodora_glandiformis	Edwardsiella_lineata	Ephydatia_muelleri	Euplectella_aspergillum	Euplokamis_dunlapae	Gorgonia_ventalina	Grantia_compressa	Helobdella_robusta	Homo_sapiens	Hormiphora_californensis	Hyalonema_populiferum	Hydra_magnipapillata	Hydractinia_polyclina	Ircinia_fasciculata	Ixodes_scapularis	Kirkpatrickia_variolosa	Lampea_pancerina	Latrunculia_apicalis	Leuconia_nivea	Leucosolenia_complicata	Liriope_tetraphylla	Lucernariopsis_campanulata	Ministeria_vibrans	Mnemiopsis_leidyi	Monosiga_brevicollis_mx1	Montastraea_faveolata	Mycale_phyllophila	Mylnosiga_fluctuans_19	Nanomia_bijuga	Nematostella_vectensis	Oscarella_carmela	Oscarella_species	Pelagia_noctiluca	Pennatula_rubra	Periphylla_periphylla	Petrosia_ficiformis	Pirum_gemmata	Plakina_jani	Pleraplysilla_spinifera	Pleurobrachia_species	Plumapathes_pennacea	Porites_australiensis	Rossella_fibulata	Saccoglossus_kowalevskii	Salpingoeca_dolichothecata_16	Salpingoeca_helianthica_18	Salpingoeca_infusionum_12	Salpingoeca_macrocollata_06	Salpingoeca_punica_03	Salpingoeca_qvevrii_09	Salpingoeca_roanoka_13	Salpingoeca_rosetta	Salpingoeca_urceolata_04	Sphaeroforma_arctica_JP610	Spongilla_lacustris	Stephanoeca_diplocostata_AUFR	Stomolophus_meleagris	Strongylocentrotus_purpuratus	Sycon_ciliatum	Sycon_coactum	Sympagella_nux	Tribolium_castaneum	Trichoplax_adhaerens	Vallicula_multiformis
Abeoforma_whisleri		0	0	0	0	0.0689655172413793	0	0	0.0689655172413793	0	0	0	0	0	0	0	0	0	0.0344827586206897	0	0	0	0	0	0.0431034482758621	0	0.0431034482758621	0	0	0	0	0	0	0	0	0	0	0	0	0.0474137931034483	0	0	0	0	0	0	0	0	0.0646551724137931	0	0	0	0.0431034482758621	0	0	0.0344827586206897	0	0	0	0.0689655172413793	0.0344827586206897	0	0	0.0689655172413793	0	0	0.021551724137931	0.0689655172413793	0	0.0689655172413793	0.0689655172413793	0	0	0	0	0	0	0	0.0387931034482759	0	0.0344827586206897	0	0.0344827586206897	0	0	0	0	0.0689655172413793	0	0	0	0	0	0	0	0	0
Acanthoeca_sp_10tr	0		0	0	0	0	0	0	0	0	0	0	0	0	0	0	0	0	0	0	0	0	0	0	0	0	0	0	0	0	0	0	0	0	0	0	0	0	0	0	0	0	0	0	0	0	0	0	0	0	0	0	0	0	0	0	0	0	0	0	0	0	0	0	0	0	0	0	0	0	0	0	0	0	0	0	0	0	0	0	0	0	0	0	0	0	0	0	0	0	0	0	0	0	0	0	0
Acanthoeca_spectabilis_VA_02	0	0		0	0	0	0	0	0	0	0	0	0	0	0	0	0	0	0	0	0	0	0	0	0	0	0	0	0	0	0	0	0	0	0	0	0	0	0	0	0	0	0	0	0	0	0	0	0	0	0	0	0	0	0	0	0	0	0	0	0	0	0	0	0	0	0	0	0	0	0	0	0	0	0	0	0	0	0	0	0	0	0	0	0	0	0	0	0	0	0	0	0	0	0	0	0
Aiptasia_pallida	0	0	0		0	0	0	0	0	0	0	0	0	0	0	0	0	0	0	0	0	0	0	0	0	0	0	0	0	0	0	0	0	0	0	0	0	0	0	0	0	0	0	0	0	0	0	0	0	0	0	0	0	0	0	0	0	0	0	0	0	0	0	0	0	0	0	0	0	0	0	0	0	0	0	0	0	0	0	0	0	0	0	0	0	0	0	0	0	0	0	0	0	0	0	0	0
Alatina_alata	0	0	0	0		0	0	0	0	0	0	0	0	0	0	0	0	0	0	0	0	0	0	0	0	0	0	0	0	0	0	0	0	0	0	0	0	0	0	0	0	0	0	0	0	0	0	0	0	0	0	0	0	0	0	0	0	0	0	0	0	0	0	0	0	0	0	0	0	0	0	0	0	0	0	0	0	0	0	0	0	0	0	0	0	0	0	0	0	0	0	0	0	0	0	0	0
Amoebidium_parasiticum_JAP72	0.0689655172413793	0	0	0	0		0	0	1	0	0	0.00431034482758621	0	0.224137931034483	0.120689655172414	0	0	0	0.112068965517241	0.0387931034482759	0	0.0603448275862069	0.0646551724137931	0.0560344827586207	0.0646551724137931	0.00862068965517241	0.5	0	0	0	0.00431034482758621	0	0	0	0	0.21551724137931	0.0517241379310345	0	0.0129310344827586	0.0732758620689655	0	0	0.181034482758621	0.0344827586206897	0.271551724137931	0.0387931034482759	0	0	0.0905172413793103	0	0	0.0129310344827586	0.0689655172413793	0.0732758620689655	0.0689655172413793	0.637931034482759	0	0.288793103448276	0	0.392241379310345	0.0560344827586207	0.0603448275862069	0.0474137931034483	0.357758620689655	0	0.00431034482758621	0.0646551724137931	0.353448275862069	0	1	1	0.392241379310345	0	0	0.0474137931034483	0.0775862068965517	0	0	0.0387931034482759	0	0.0344827586206897	0	0.0517241379310345	0	0	0	0	0.202586206896552	0	0.00431034482758621	0.0474137931034483	0.0948275862068965	0.0301724137931034	0.0775862068965517	0	0.0560344827586207	0.0646551724137931
Amphimedon_queenslandica	0	0	0	0	0	0		0	0	0	0	0	0	0	0	0	0	0	0	0	0	0	0	0	0	0	0	0	0	0	0	0	0	0	0	0	0	0	0	0	0	0	0	0	0	0	0	0	0	0	0	0	0	0	0	0	0	0	0	0	0	0	0	0	0	0	0	0	0	0	0	0	0	0	0	0	0	0	0	0	0	0	0	0	0	0	0	0	0	0	0	0	0	0	0	0	0
Antipathes_caribbeana	0	0	0	0	0	0	0		0	0	0	0	0	0	0	0	0	0	0	0	0	0	0	0	0	0	0	0	0	0	0	0	0	0	0	0	0	0	0	0	0	0	0	0	0	0	0	0	0	0	0	0	0	0	0	0	0	0	0	0	0	0	0	0	0	0	0	0	0	0	0	0	0	0	0	0	0	0	0	0	0	0	0	0	0	0	0	0	0	0	0	0	0	0	0	0	0
Aphrocallistes_vastus	0.0689655172413793	0	0	0	0	1	0	0		0	0	0.00431034482758621	0	0.224137931034483	0.120689655172414	0	0	0	0.112068965517241	0.0387931034482759	0	0.0603448275862069	0.0646551724137931	0.0560344827586207	0.0646551724137931	0.00862068965517241	0.5	0	0	0	0.00431034482758621	0	0	0	0	0.21551724137931	0.0517241379310345	0	0.0129310344827586	0.0732758620689655	0	0	0.181034482758621	0.0344827586206897	0.271551724137931	0.0387931034482759	0	0	0.0905172413793103	0	0	0.0129310344827586	0.0689655172413793	0.0732758620689655	0.0689655172413793	0.637931034482759	0	0.288793103448276	0	0.392241379310345	0.0560344827586207	0.0603448275862069	0.0474137931034483	0.357758620689655	0	0.00431034482758621	0.0646551724137931	0.353448275862069	0	1	1	0.392241379310345	0	0	0.0474137931034483	0.0775862068965517	0	0	0.0387931034482759	0	0.0344827586206897	0	0.0517241379310345	0	0	0	0	0.202586206896552	0	0.00431034482758621	0.0474137931034483	0.0948275862068965	0.0301724137931034	0.0775862068965517	0	0.0560344827586207	0.0646551724137931
Aplysia_californica	0	0	0	0	0	0	0	0	0		0	0	0	0	0	0	0	0	0	0	0	0	0	0	0	0	0	0	0	0	0	0	0	0	0	0	0	0	0	0	0	0	0	0	0	0	0	0	0	0	0	0	0	0	0	0	0	0	0	0	0	0	0	0	0	0	0	0	0	0	0	0	0	0	0	0	0	0	0	0	0	0	0	0	0	0	0	0	0	0	0	0	0	0	0	0	0
Atolla_vanhoeffeni	0	0	0	0	0	0	0	0	0	0		0	0	0	0	0	0	0	0	0	0	0	0	0	0	0	0	0	0	0	0	0	0	0	0	0	0	0	0	0	0	0	0	0	0	0	0	0	0	0	0	0	0	0	0	0	0	0	0	0	0	0	0	0	0	0	0	0	0	0	0	0	0	0	0	0	0	0	0	0	0	0	0	0	0	0	0	0	0	0	0	0	0	0	0	0	0
Aurelia_aurita	0	0	0	0	0	0.00431034482758621	0	0	0.00431034482758621	0	0		0	0.00431034482758621	0.00431034482758621	0	0	0	0	0	0	0	0	0	0	0	0.00431034482758621	0	0	0	0	0	0	0	0	0.00431034482758621	0.00431034482758621	0	0	0.00431034482758621	0	0	0.00431034482758621	0	0.00431034482758621	0	0	0	0	0	0	0.00431034482758621	0.00431034482758621	0	0	0.00431034482758621	0	0	0	0	0	0.00431034482758621	0	0	0	0.00431034482758621	0	0	0	0.00431034482758621	0.00431034482758621	0.00431034482758621	0	0	0	0.00431034482758621	0	0	0	0	0	0	0	0	0	0	0	0	0	0.00431034482758621	0	0.00431034482758621	0.00431034482758621	0.00431034482758621	0	0	0
Beroe_abyssicola	0	0	0	0	0	0	0	0	0	0	0	0		0	0	0	0	0	0	0	0	0	0	0	0	0	0	0	0	0	0	0	0	0	0	0	0	0	0	0	0	0	0	0	0	0	0	0	0	0	0	0	0	0	0	0	0	0	0	0	0	0	0	0	0	0	0	0	0	0	0	0	0	0	0	0	0	0	0	0	0	0	0	0	0	0	0	0	0	0	0	0	0	0	0	0	0
Beroe_sp	0	0	0	0	0	0.224137931034483	0	0	0.224137931034483	0	0	0.00431034482758621	0		0.00431034482758621	0	0	0	0	0	0	0	0	0	0	0	0.00431034482758621	0	0	0	0	0	0	0	0	0.00431034482758621	0.00431034482758621	0	0.00862068965517241	0.00431034482758621	0	0	0.00431034482758621	0	0.00431034482758621	0	0	0	0	0	0	0.00431034482758621	0.00431034482758621	0	0	0.0474137931034483	0	0	0	0.0775862068965517	0	0.00431034482758621	0	0.0301724137931034	0	0.00431034482758621	0	0.0818965517241379	0	0.224137931034483	0.224137931034483	0.00431034482758621	0	0	0	0.00431034482758621	0	0	0	0	0	0	0	0	0	0	0	0	0	0.00431034482758621	0	0.00431034482758621	0.00431034482758621	0.00431034482758621	0	0	0
Bolinopsis_infundibulum	0	0	0	0	0	0.120689655172414	0	0	0.120689655172414	0	0	0.00431034482758621	0	0.00431034482758621		0	0	0	0.0560344827586207	0	0	0.0560344827586207	0.0560344827586207	0.0560344827586207	0	0	0.120689655172414	0	0	0	0	0	0	0	0	0.120689655172414	0.0431034482758621	0	0.00431034482758621	0.00431034482758621	0	0	0.120689655172414	0.0344827586206897	0.120689655172414	0	0	0	0	0	0	0.0129310344827586	0.00431034482758621	0.0129310344827586	0	0.120689655172414	0	0	0	0.0431034482758621	0	0.0603448275862069	0.0474137931034483	0.0517241379310345	0	0.00431034482758621	0	0	0	0.120689655172414	0.120689655172414	0.120689655172414	0	0	0.0474137931034483	0.0775862068965517	0	0	0	0	0	0	0	0	0	0	0	0	0	0.00431034482758621	0.0474137931034483	0.0948275862068965	0.0301724137931034	0.0775862068965517	0	0.0474137931034483	0
Bolocera_tuedia	0	0	0	0	0	0	0	0	0	0	0	0	0	0	0		0	0	0	0	0	0	0	0	0	0	0	0	0	0	0	0	0	0	0	0	0	0	0	0	0	0	0	0	0	0	0	0	0	0	0	0	0	0	0	0	0	0	0	0	0	0	0	0	0	0	0	0	0	0	0	0	0	0	0	0	0	0	0	0	0	0	0	0	0	0	0	0	0	0	0	0	0	0	0	0	0
Branchiostoma_floridae	0	0	0	0	0	0	0	0	0	0	0	0	0	0	0	0		0	0	0	0	0	0	0	0	0	0	0	0	0	0	0	0	0	0	0	0	0	0	0	0	0	0	0	0	0	0	0	0	0	0	0	0	0	0	0	0	0	0	0	0	0	0	0	0	0	0	0	0	0	0	0	0	0	0	0	0	0	0	0	0	0	0	0	0	0	0	0	0	0	0	0	0	0	0	0	0
Capitella_teleta	0	0	0	0	0	0	0	0	0	0	0	0	0	0	0	0	0		0	0	0	0	0	0	0	0	0	0	0	0	0	0	0	0	0	0	0	0	0	0	0	0	0	0	0	0	0	0	0	0	0	0	0	0	0	0	0	0	0	0	0	0	0	0	0	0	0	0	0	0	0	0	0	0	0	0	0	0	0	0	0	0	0	0	0	0	0	0	0	0	0	0	0	0	0	0	0
Capsaspora_owczarzaki_atcc30864	0.0344827586206897	0	0	0	0	0.112068965517241	0	0	0.112068965517241	0	0	0	0	0	0.0560344827586207	0	0	0		0.0172413793103448	0	0.0560344827586207	0.0560344827586207	0.0560344827586207	0.0560344827586207	0	0.112068965517241	0	0	0	0	0	0	0	0	0.0560344827586207	0.0387931034482759	0	0.00431034482758621	0.0560344827586207	0	0	0.0560344827586207	0.0344827586206897	0.0560344827586207	0	0	0	0.0301724137931034	0	0	0.00862068965517241	0.0560344827586207	0.0129310344827586	0	0.112068965517241	0	0	0	0.0991379310344828	0.0560344827586207	0.0560344827586207	0.0474137931034483	0.107758620689655	0	0	0.0431034482758621	0.0560344827586207	0	0.112068965517241	0.112068965517241	0.0560344827586207	0	0	0.0474137931034483	0.0560344827586207	0	0	0.0172413793103448	0	0.0344827586206897	0	0.0517241379310345	0	0	0	0	0.0560344827586207	0	0	0.0474137931034483	0.0560344827586207	0.00862068965517241	0.0560344827586207	0	0.0474137931034483	0
Cestum_veneris	0	0	0	0	0	0.0387931034482759	0	0	0.0387931034482759	0	0	0	0	0	0	0	0	0	0.0172413793103448		0	0.00431034482758621	0.00862068965517241	0	0.0172413793103448	0.00862068965517241	0.0387931034482759	0	0	0	0.00431034482758621	0	0	0	0	0	0.00862068965517241	0	0	0.0172413793103448	0	0	0	0	0	0	0	0	0	0	0	0	0.0172413793103448	0	0	0.0387931034482759	0	0	0	0.0387931034482759	0.0172413793103448	0	0	0.0387931034482759	0	0	0.0387931034482759	0.0387931034482759	0	0.0387931034482759	0.0387931034482759	0	0	0	0	0	0	0	0	0	0	0	0.0129310344827586	0	0	0	0	0.0387931034482759	0	0	0	0	0	0	0	0.00862068965517241	0
Choanoeca_perplexa_11	0	0	0	0	0	0	0	0	0	0	0	0	0	0	0	0	0	0	0	0		0	0	0	0	0	0	0	0	0	0	0	0	0	0	0	0	0	0	0	0	0	0	0	0	0	0	0	0	0	0	0	0	0	0	0	0	0	0	0	0	0	0	0	0	0	0	0	0	0	0	0	0	0	0	0	0	0	0	0	0	0	0	0	0	0	0	0	0	0	0	0	0	0	0	0	0
Chondrilla_nucula	0	0	0	0	0	0.0603448275862069	0	0	0.0603448275862069	0	0	0	0	0	0.0560344827586207	0	0	0	0.0560344827586207	0.00431034482758621	0		0.0603448275862069	0.0560344827586207	0	0.00431034482758621	0.0603448275862069	0	0	0	0.00431034482758621	0	0	0	0	0.0560344827586207	0.0431034482758621	0	0.00431034482758621	0	0	0	0.0560344827586207	0.0344827586206897	0.0560344827586207	0	0	0	0	0	0	0.00862068965517241	0	0.0129310344827586	0	0.0603448275862069	0	0	0	0.0474137931034483	0	0.0560344827586207	0.0474137931034483	0.0560344827586207	0	0	0.00431034482758621	0.00431034482758621	0	0.0603448275862069	0.0603448275862069	0.0560344827586207	0	0	0.0474137931034483	0.0560344827586207	0	0	0	0	0	0	0	0	0	0	0	0.00431034482758621	0	0	0.0474137931034483	0.0560344827586207	0.00862068965517241	0.0560344827586207	0	0.0517241379310345	0
Clathrina_coriacea	0	0	0	0	0	0.0646551724137931	0	0	0.0646551724137931	0	0	0	0	0	0.0560344827586207	0	0	0	0.0560344827586207	0.00862068965517241	0	0.0603448275862069		0.0560344827586207	0	0.00862068965517241	0.0646551724137931	0	0	0	0.00431034482758621	0	0	0	0	0.0560344827586207	0.0474137931034483	0	0.00431034482758621	0	0	0	0.0560344827586207	0.0344827586206897	0.0560344827586207	0	0	0	0	0	0	0.00862068965517241	0	0.0129310344827586	0	0.0646551724137931	0	0	0	0.0517241379310345	0	0.0560344827586207	0.0474137931034483	0.0603448275862069	0	0	0.00862068965517241	0.00862068965517241	0	0.0646551724137931	0.0646551724137931	0.0560344827586207	0	0	0.0474137931034483	0.0560344827586207	0	0	0	0	0	0	0	0	0	0	0	0.00862068965517241	0	0	0.0474137931034483	0.0560344827586207	0.00862068965517241	0.0560344827586207	0	0.0560344827586207	0
Clytia_hemisphaerica	0	0	0	0	0	0.0560344827586207	0	0	0.0560344827586207	0	0	0	0	0	0.0560344827586207	0	0	0	0.0560344827586207	0	0	0.0560344827586207	0.0560344827586207		0	0	0.0560344827586207	0	0	0	0	0	0	0	0	0.0560344827586207	0.0387931034482759	0	0.00431034482758621	0	0	0	0.0560344827586207	0.0344827586206897	0.0560344827586207	0	0	0	0	0	0	0.00862068965517241	0	0.0129310344827586	0	0.0560344827586207	0	0	0	0.0431034482758621	0	0.0560344827586207	0.0474137931034483	0.0517241379310345	0	0	0	0	0	0.0560344827586207	0.0560344827586207	0.0560344827586207	0	0	0.0474137931034483	0.0560344827586207	0	0	0	0	0	0	0	0	0	0	0	0	0	0	0.0474137931034483	0.0560344827586207	0.00862068965517241	0.0560344827586207	0	0.0474137931034483	0
Codosiga_hollandica_17	0.0431034482758621	0	0	0	0	0.0646551724137931	0	0	0.0646551724137931	0	0	0	0	0	0	0	0	0	0.0560344827586207	0.0172413793103448	0	0	0	0		0	0.0646551724137931	0	0	0	0	0	0	0	0	0	0	0	0	0.0646551724137931	0	0	0	0	0	0	0	0	0.0387931034482759	0	0	0	0.0646551724137931	0	0	0.0560344827586207	0	0	0	0.0646551724137931	0.0560344827586207	0	0	0.0646551724137931	0	0	0.0431034482758621	0.0646551724137931	0	0.0646551724137931	0.0646551724137931	0	0	0	0	0	0	0	0.0258620689655172	0	0.0344827586206897	0	0.0517241379310345	0	0	0	0	0.0646551724137931	0	0	0	0	0	0	0	0	0
Coeloplana_species	0	0	0	0	0	0.00862068965517241	0	0	0.00862068965517241	0	0	0	0	0	0	0	0	0	0	0.00862068965517241	0	0.00431034482758621	0.00862068965517241	0	0		0.00862068965517241	0	0	0	0.00431034482758621	0	0	0	0	0	0.00862068965517241	0	0	0	0	0	0	0	0	0	0	0	0	0	0	0	0	0	0	0.00862068965517241	0	0	0	0.00862068965517241	0	0	0	0.00862068965517241	0	0	0.00862068965517241	0.00862068965517241	0	0.00862068965517241	0.00862068965517241	0	0	0	0	0	0	0	0	0	0	0	0	0	0	0	0	0.00862068965517241	0	0	0	0	0	0	0	0.00862068965517241	0
Corticium_candelabrum	0.0431034482758621	0	0	0	0	0.5	0	0	0.5	0	0	0.00431034482758621	0	0.00431034482758621	0.120689655172414	0	0	0	0.112068965517241	0.0387931034482759	0	0.0603448275862069	0.0646551724137931	0.0560344827586207	0.0646551724137931	0.00862068965517241		0	0	0	0.00431034482758621	0	0	0	0	0.21551724137931	0.0517241379310345	0	0.00431034482758621	0.0689655172413793	0	0	0.181034482758621	0.0344827586206897	0.271551724137931	0.0387931034482759	0	0	0.0387931034482759	0	0	0.0129310344827586	0.0689655172413793	0.0129310344827586	0	0.491379310344828	0	0.232758620689655	0	0.129310344827586	0.0560344827586207	0.0603448275862069	0.0474137931034483	0.142241379310345	0	0.00431034482758621	0.0646551724137931	0.0862068965517241	0	0.5	0.5	0.392241379310345	0	0	0.0474137931034483	0.0775862068965517	0	0	0.0258620689655172	0	0.0344827586206897	0	0.0517241379310345	0	0	0	0	0.0862068965517241	0	0.00431034482758621	0.0474137931034483	0.0948275862068965	0.0301724137931034	0.0775862068965517	0	0.0560344827586207	0.0646551724137931
Craspedacusta_sowerbyi	0	0	0	0	0	0	0	0	0	0	0	0	0	0	0	0	0	0	0	0	0	0	0	0	0	0	0		0	0	0	0	0	0	0	0	0	0	0	0	0	0	0	0	0	0	0	0	0	0	0	0	0	0	0	0	0	0	0	0	0	0	0	0	0	0	0	0	0	0	0	0	0	0	0	0	0	0	0	0	0	0	0	0	0	0	0	0	0	0	0	0	0	0	0	0	0
Crassostrea_gigas	0	0	0	0	0	0	0	0	0	0	0	0	0	0	0	0	0	0	0	0	0	0	0	0	0	0	0	0		0	0	0	0	0	0	0	0	0	0	0	0	0	0	0	0	0	0	0	0	0	0	0	0	0	0	0	0	0	0	0	0	0	0	0	0	0	0	0	0	0	0	0	0	0	0	0	0	0	0	0	0	0	0	0	0	0	0	0	0	0	0	0	0	0	0	0	0
Creolimax_fragrantissima	0	0	0	0	0	0	0	0	0	0	0	0	0	0	0	0	0	0	0	0	0	0	0	0	0	0	0	0	0		0	0	0	0	0	0	0	0	0	0	0	0	0	0	0	0	0	0	0	0	0	0	0	0	0	0	0	0	0	0	0	0	0	0	0	0	0	0	0	0	0	0	0	0	0	0	0	0	0	0	0	0	0	0	0	0	0	0	0	0	0	0	0	0	0	0	0
Daphnia_pulex	0	0	0	0	0	0.00431034482758621	0	0	0.00431034482758621	0	0	0	0	0	0	0	0	0	0	0.00431034482758621	0	0.00431034482758621	0.00431034482758621	0	0	0.00431034482758621	0.00431034482758621	0	0	0		0	0	0	0	0	0.00431034482758621	0	0	0	0	0	0	0	0	0	0	0	0	0	0	0	0	0	0	0.00431034482758621	0	0	0	0.00431034482758621	0	0	0	0.00431034482758621	0	0	0.00431034482758621	0.00431034482758621	0	0.00431034482758621	0.00431034482758621	0	0	0	0	0	0	0	0	0	0	0	0	0	0	0	0	0.00431034482758621	0	0	0	0	0	0	0	0.00431034482758621	0
Diaphanoeca_grandis_RI_01	0	0	0	0	0	0	0	0	0	0	0	0	0	0	0	0	0	0	0	0	0	0	0	0	0	0	0	0	0	0	0		0	0	0	0	0	0	0	0	0	0	0	0	0	0	0	0	0	0	0	0	0	0	0	0	0	0	0	0	0	0	0	0	0	0	0	0	0	0	0	0	0	0	0	0	0	0	0	0	0	0	0	0	0	0	0	0	0	0	0	0	0	0	0	0	0
Didymoeca_costata_10	0	0	0	0	0	0	0	0	0	0	0	0	0	0	0	0	0	0	0	0	0	0	0	0	0	0	0	0	0	0	0	0		0	0	0	0	0	0	0	0	0	0	0	0	0	0	0	0	0	0	0	0	0	0	0	0	0	0	0	0	0	0	0	0	0	0	0	0	0	0	0	0	0	0	0	0	0	0	0	0	0	0	0	0	0	0	0	0	0	0	0	0	0	0	0	0
Dryodora_glandiformis	0	0	0	0	0	0	0	0	0	0	0	0	0	0	0	0	0	0	0	0	0	0	0	0	0	0	0	0	0	0	0	0	0		0	0	0	0	0	0	0	0	0	0	0	0	0	0	0	0	0	0	0	0	0	0	0	0	0	0	0	0	0	0	0	0	0	0	0	0	0	0	0	0	0	0	0	0	0	0	0	0	0	0	0	0	0	0	0	0	0	0	0	0	0	0	0
Edwardsiella_lineata	0	0	0	0	0	0	0	0	0	0	0	0	0	0	0	0	0	0	0	0	0	0	0	0	0	0	0	0	0	0	0	0	0	0		0	0	0	0	0	0	0	0	0	0	0	0	0	0	0	0	0	0	0	0	0	0	0	0	0	0	0	0	0	0	0	0	0	0	0	0	0	0	0	0	0	0	0	0	0	0	0	0	0	0	0	0	0	0	0	0	0	0	0	0	0	0
Ephydatia_muelleri	0	0	0	0	0	0.21551724137931	0	0	0.21551724137931	0	0	0.00431034482758621	0	0.00431034482758621	0.120689655172414	0	0	0	0.0560344827586207	0	0	0.0560344827586207	0.0560344827586207	0.0560344827586207	0	0	0.21551724137931	0	0	0	0	0	0	0	0		0.0431034482758621	0	0.00431034482758621	0.00431034482758621	0	0	0.155172413793103	0.0344827586206897	0.21551724137931	0	0	0	0	0	0	0.0129310344827586	0.00431034482758621	0.0129310344827586	0	0.21551724137931	0	0.0344827586206897	0	0.0431034482758621	0	0.0603448275862069	0.0474137931034483	0.0560344827586207	0	0.00431034482758621	0	0	0	0.21551724137931	0.21551724137931	0.21551724137931	0	0	0.0474137931034483	0.0775862068965517	0	0	0	0	0	0	0	0	0	0	0	0	0	0.00431034482758621	0.0474137931034483	0.0948275862068965	0.0301724137931034	0.0775862068965517	0	0.0474137931034483	0.0301724137931034
Euplectella_aspergillum	0	0	0	0	0	0.0517241379310345	0	0	0.0517241379310345	0	0	0.00431034482758621	0	0.00431034482758621	0.0431034482758621	0	0	0	0.0387931034482759	0.00862068965517241	0	0.0431034482758621	0.0474137931034483	0.0387931034482759	0	0.00862068965517241	0.0517241379310345	0	0	0	0.00431034482758621	0	0	0	0	0.0431034482758621		0	0.00431034482758621	0.00431034482758621	0	0	0.0431034482758621	0.0172413793103448	0.0431034482758621	0	0	0	0	0	0	0.0129310344827586	0.00431034482758621	0.0129310344827586	0	0.0517241379310345	0	0	0	0.0344827586206897	0	0.0431034482758621	0.0301724137931034	0.0431034482758621	0	0.00431034482758621	0.00862068965517241	0.00862068965517241	0	0.0517241379310345	0.0517241379310345	0.0431034482758621	0	0	0.0301724137931034	0.0431034482758621	0	0	0	0	0	0	0	0	0	0	0	0.00862068965517241	0	0.00431034482758621	0.0301724137931034	0.0431034482758621	0.0129310344827586	0.0431034482758621	0	0.0387931034482759	0
Euplokamis_dunlapae	0	0	0	0	0	0	0	0	0	0	0	0	0	0	0	0	0	0	0	0	0	0	0	0	0	0	0	0	0	0	0	0	0	0	0	0	0		0	0	0	0	0	0	0	0	0	0	0	0	0	0	0	0	0	0	0	0	0	0	0	0	0	0	0	0	0	0	0	0	0	0	0	0	0	0	0	0	0	0	0	0	0	0	0	0	0	0	0	0	0	0	0	0	0	0	0
Gorgonia_ventalina	0	0	0	0	0	0.0129310344827586	0	0	0.0129310344827586	0	0	0	0	0.00862068965517241	0.00431034482758621	0	0	0	0.00431034482758621	0	0	0.00431034482758621	0.00431034482758621	0.00431034482758621	0	0	0.00431034482758621	0	0	0	0	0	0	0	0	0.00431034482758621	0.00431034482758621	0		0	0	0	0.00431034482758621	0	0.00431034482758621	0	0	0	0	0	0	0	0	0.00431034482758621	0	0.00431034482758621	0	0	0	0.00431034482758621	0	0.00431034482758621	0.00431034482758621	0.00431034482758621	0	0	0	0.00431034482758621	0	0.0129310344827586	0.0129310344827586	0.00431034482758621	0	0	0.00431034482758621	0.00431034482758621	0	0	0	0	0	0	0	0	0	0	0	0	0	0	0.00431034482758621	0.00431034482758621	0	0.00431034482758621	0	0.00431034482758621	0
Grantia_compressa	0.0474137931034483	0	0	0	0	0.0732758620689655	0	0	0.0732758620689655	0	0	0.00431034482758621	0	0.00431034482758621	0.00431034482758621	0	0	0	0.0560344827586207	0.0172413793103448	0	0	0	0	0.0646551724137931	0	0.0689655172413793	0	0	0	0	0	0	0	0	0.00431034482758621	0.00431034482758621	0	0		0	0	0.00431034482758621	0	0.00431034482758621	0	0	0	0.0431034482758621	0	0	0.00431034482758621	0.0689655172413793	0	0	0.0603448275862069	0	0	0	0.0689655172413793	0.0560344827586207	0.00431034482758621	0	0.0689655172413793	0	0.00431034482758621	0.0431034482758621	0.0689655172413793	0	0.0732758620689655	0.0732758620689655	0.00431034482758621	0	0	0	0.00431034482758621	0	0	0.0301724137931034	0	0.0344827586206897	0	0.0517241379310345	0	0	0	0	0.0689655172413793	0	0.00431034482758621	0	0.00431034482758621	0.00431034482758621	0.00431034482758621	0	0	0
Helobdella_robusta	0	0	0	0	0	0	0	0	0	0	0	0	0	0	0	0	0	0	0	0	0	0	0	0	0	0	0	0	0	0	0	0	0	0	0	0	0	0	0	0		0	0	0	0	0	0	0	0	0	0	0	0	0	0	0	0	0	0	0	0	0	0	0	0	0	0	0	0	0	0	0	0	0	0	0	0	0	0	0	0	0	0	0	0	0	0	0	0	0	0	0	0	0	0	0	0
Homo_sapiens	0	0	0	0	0	0	0	0	0	0	0	0	0	0	0	0	0	0	0	0	0	0	0	0	0	0	0	0	0	0	0	0	0	0	0	0	0	0	0	0	0		0	0	0	0	0	0	0	0	0	0	0	0	0	0	0	0	0	0	0	0	0	0	0	0	0	0	0	0	0	0	0	0	0	0	0	0	0	0	0	0	0	0	0	0	0	0	0	0	0	0	0	0	0	0	0
Hormiphora_californensis	0	0	0	0	0	0.181034482758621	0	0	0.181034482758621	0	0	0.00431034482758621	0	0.00431034482758621	0.120689655172414	0	0	0	0.0560344827586207	0	0	0.0560344827586207	0.0560344827586207	0.0560344827586207	0	0	0.181034482758621	0	0	0	0	0	0	0	0	0.155172413793103	0.0431034482758621	0	0.00431034482758621	0.00431034482758621	0	0		0.0344827586206897	0.155172413793103	0	0	0	0	0	0	0.0129310344827586	0.00431034482758621	0.0129310344827586	0	0.181034482758621	0	0.0258620689655172	0	0.0431034482758621	0	0.0603448275862069	0.0474137931034483	0.0517241379310345	0	0.00431034482758621	0	0	0	0.181034482758621	0.181034482758621	0.181034482758621	0	0	0.0474137931034483	0.0775862068965517	0	0	0	0	0	0	0	0	0	0	0	0	0	0.00431034482758621	0.0474137931034483	0.0948275862068965	0.0301724137931034	0.0775862068965517	0	0.0474137931034483	0
Hyalonema_populiferum	0	0	0	0	0	0.0344827586206897	0	0	0.0344827586206897	0	0	0	0	0	0.0344827586206897	0	0	0	0.0344827586206897	0	0	0.0344827586206897	0.0344827586206897	0.0344827586206897	0	0	0.0344827586206897	0	0	0	0	0	0	0	0	0.0344827586206897	0.0172413793103448	0	0	0	0	0	0.0344827586206897		0.0344827586206897	0	0	0	0	0	0	0	0	0	0	0.0344827586206897	0	0	0	0.0344827586206897	0	0.0344827586206897	0.0344827586206897	0.0344827586206897	0	0	0	0	0	0.0344827586206897	0.0344827586206897	0.0344827586206897	0	0	0.0344827586206897	0.0344827586206897	0	0	0	0	0	0	0	0	0	0	0	0	0	0	0.0344827586206897	0.0344827586206897	0	0.0344827586206897	0	0.0344827586206897	0
Hydra_magnipapillata	0	0	0	0	0	0.271551724137931	0	0	0.271551724137931	0	0	0.00431034482758621	0	0.00431034482758621	0.120689655172414	0	0	0	0.0560344827586207	0	0	0.0560344827586207	0.0560344827586207	0.0560344827586207	0	0	0.271551724137931	0	0	0	0	0	0	0	0	0.21551724137931	0.0431034482758621	0	0.00431034482758621	0.00431034482758621	0	0	0.155172413793103	0.0344827586206897		0	0	0	0	0	0	0.0129310344827586	0.00431034482758621	0.0129310344827586	0	0.271551724137931	0	0.0905172413793103	0	0.0431034482758621	0	0.0603448275862069	0.0474137931034483	0.0560344827586207	0	0.00431034482758621	0	0	0	0.271551724137931	0.271551724137931	0.271551724137931	0	0	0.0474137931034483	0.0775862068965517	0	0	0	0	0	0	0	0	0	0	0	0	0	0.00431034482758621	0.0474137931034483	0.0948275862068965	0.0301724137931034	0.0775862068965517	0	0.0474137931034483	0.0646551724137931
Hydractinia_polyclina	0	0	0	0	0	0.0387931034482759	0	0	0.0387931034482759	0	0	0	0	0	0	0	0	0	0	0	0	0	0	0	0	0	0.0387931034482759	0	0	0	0	0	0	0	0	0	0	0	0	0	0	0	0	0	0		0	0	0	0	0	0	0	0	0	0.0387931034482759	0	0.0387931034482759	0	0	0	0	0	0	0	0	0	0	0	0.0387931034482759	0.0387931034482759	0.0344827586206897	0	0	0	0	0	0	0	0	0	0	0	0	0	0	0	0	0	0	0	0	0	0	0	0	0
Ircinia_fasciculata	0	0	0	0	0	0	0	0	0	0	0	0	0	0	0	0	0	0	0	0	0	0	0	0	0	0	0	0	0	0	0	0	0	0	0	0	0	0	0	0	0	0	0	0	0	0		0	0	0	0	0	0	0	0	0	0	0	0	0	0	0	0	0	0	0	0	0	0	0	0	0	0	0	0	0	0	0	0	0	0	0	0	0	0	0	0	0	0	0	0	0	0	0	0	0	0
Ixodes_scapularis	0	0	0	0	0	0	0	0	0	0	0	0	0	0	0	0	0	0	0	0	0	0	0	0	0	0	0	0	0	0	0	0	0	0	0	0	0	0	0	0	0	0	0	0	0	0	0		0	0	0	0	0	0	0	0	0	0	0	0	0	0	0	0	0	0	0	0	0	0	0	0	0	0	0	0	0	0	0	0	0	0	0	0	0	0	0	0	0	0	0	0	0	0	0	0	0
Kirkpatrickia_variolosa	0.0646551724137931	0	0	0	0	0.0905172413793103	0	0	0.0905172413793103	0	0	0	0	0	0	0	0	0	0.0301724137931034	0	0	0	0	0	0.0387931034482759	0	0.0387931034482759	0	0	0	0	0	0	0	0	0	0	0	0	0.0431034482758621	0	0	0	0	0	0	0	0		0	0	0	0.0387931034482759	0	0	0.0301724137931034	0	0	0	0.0905172413793103	0.0301724137931034	0	0	0.0905172413793103	0	0	0.0172413793103448	0.0905172413793103	0	0.0905172413793103	0.0905172413793103	0	0	0	0	0	0	0	0.0387931034482759	0	0.0301724137931034	0	0.0301724137931034	0	0	0	0	0.0905172413793103	0	0	0	0	0	0	0	0	0
Lampea_pancerina	0	0	0	0	0	0	0	0	0	0	0	0	0	0	0	0	0	0	0	0	0	0	0	0	0	0	0	0	0	0	0	0	0	0	0	0	0	0	0	0	0	0	0	0	0	0	0	0	0		0	0	0	0	0	0	0	0	0	0	0	0	0	0	0	0	0	0	0	0	0	0	0	0	0	0	0	0	0	0	0	0	0	0	0	0	0	0	0	0	0	0	0	0	0	0	0
Latrunculia_apicalis	0	0	0	0	0	0	0	0	0	0	0	0	0	0	0	0	0	0	0	0	0	0	0	0	0	0	0	0	0	0	0	0	0	0	0	0	0	0	0	0	0	0	0	0	0	0	0	0	0	0		0	0	0	0	0	0	0	0	0	0	0	0	0	0	0	0	0	0	0	0	0	0	0	0	0	0	0	0	0	0	0	0	0	0	0	0	0	0	0	0	0	0	0	0	0	0
Leuconia_nivea	0	0	0	0	0	0.0129310344827586	0	0	0.0129310344827586	0	0	0.00431034482758621	0	0.00431034482758621	0.0129310344827586	0	0	0	0.00862068965517241	0	0	0.00862068965517241	0.00862068965517241	0.00862068965517241	0	0	0.0129310344827586	0	0	0	0	0	0	0	0	0.0129310344827586	0.0129310344827586	0	0	0.00431034482758621	0	0	0.0129310344827586	0	0.0129310344827586	0	0	0	0	0	0		0.00431034482758621	0.00862068965517241	0	0.0129310344827586	0	0	0	0	0	0.0129310344827586	0	0.00431034482758621	0	0.00431034482758621	0	0	0	0.0129310344827586	0.0129310344827586	0.0129310344827586	0	0	0	0.0129310344827586	0	0	0	0	0	0	0	0	0	0	0	0	0	0.00431034482758621	0	0.0129310344827586	0.0129310344827586	0.0129310344827586	0	0	0
Leucosolenia_complicata	0.0431034482758621	0	0	0	0	0.0689655172413793	0	0	0.0689655172413793	0	0	0.00431034482758621	0	0.00431034482758621	0.00431034482758621	0	0	0	0.0560344827586207	0.0172413793103448	0	0	0	0	0.0646551724137931	0	0.0689655172413793	0	0	0	0	0	0	0	0	0.00431034482758621	0.00431034482758621	0	0	0.0689655172413793	0	0	0.00431034482758621	0	0.00431034482758621	0	0	0	0.0387931034482759	0	0	0.00431034482758621		0	0	0.0603448275862069	0	0	0	0.0646551724137931	0.0560344827586207	0.00431034482758621	0	0.0646551724137931	0	0.00431034482758621	0.0431034482758621	0.0646551724137931	0	0.0689655172413793	0.0689655172413793	0.00431034482758621	0	0	0	0.00431034482758621	0	0	0.0258620689655172	0	0.0344827586206897	0	0.0517241379310345	0	0	0	0	0.0646551724137931	0	0.00431034482758621	0	0.00431034482758621	0.00431034482758621	0.00431034482758621	0	0	0
Liriope_tetraphylla	0	0	0	0	0	0.0732758620689655	0	0	0.0732758620689655	0	0	0	0	0	0.0129310344827586	0	0	0	0.0129310344827586	0	0	0.0129310344827586	0.0129310344827586	0.0129310344827586	0	0	0.0129310344827586	0	0	0	0	0	0	0	0	0.0129310344827586	0.0129310344827586	0	0.00431034482758621	0	0	0	0.0129310344827586	0	0.0129310344827586	0	0	0	0	0	0	0.00862068965517241	0		0.0603448275862069	0.0732758620689655	0	0.0258620689655172	0	0	0	0.0129310344827586	0.00431034482758621	0.00862068965517241	0	0	0	0	0	0.0732758620689655	0.0732758620689655	0.0129310344827586	0	0	0.00431034482758621	0.0129310344827586	0	0	0	0	0	0	0	0	0	0	0	0	0	0	0.00431034482758621	0.0129310344827586	0.00862068965517241	0.0129310344827586	0	0.00431034482758621	0
Lucernariopsis_campanulata	0	0	0	0	0	0.0689655172413793	0	0	0.0689655172413793	0	0	0	0	0	0	0	0	0	0	0	0	0	0	0	0	0	0	0	0	0	0	0	0	0	0	0	0	0	0	0	0	0	0	0	0	0	0	0	0	0	0	0	0	0.0603448275862069		0.0689655172413793	0	0.0344827586206897	0	0	0	0	0	0	0	0	0	0	0	0.0689655172413793	0.0689655172413793	0	0	0	0	0	0	0	0	0	0	0	0	0	0	0	0	0	0	0	0	0	0	0	0	0	0
Ministeria_vibrans	0.0344827586206897	0	0	0	0	0.637931034482759	0	0	0.637931034482759	0	0	0.00431034482758621	0	0.0474137931034483	0.120689655172414	0	0	0	0.112068965517241	0.0387931034482759	0	0.0603448275862069	0.0646551724137931	0.0560344827586207	0.0560344827586207	0.00862068965517241	0.491379310344828	0	0	0	0.00431034482758621	0	0	0	0	0.21551724137931	0.0517241379310345	0	0.00431034482758621	0.0603448275862069	0	0	0.181034482758621	0.0344827586206897	0.271551724137931	0.0387931034482759	0	0	0.0301724137931034	0	0	0.0129310344827586	0.0603448275862069	0.0732758620689655	0.0689655172413793		0	0.288793103448276	0	0.146551724137931	0.0560344827586207	0.0603448275862069	0.0474137931034483	0.15948275862069	0	0.00431034482758621	0.0646551724137931	0.103448275862069	0	0.637931034482759	0.637931034482759	0.392241379310345	0	0	0.0474137931034483	0.0775862068965517	0	0	0.0172413793103448	0	0.0344827586206897	0	0.0517241379310345	0	0	0	0	0.0775862068965517	0	0.00431034482758621	0.0474137931034483	0.0948275862068965	0.0301724137931034	0.0775862068965517	0	0.0560344827586207	0.0646551724137931
Mnemiopsis_leidyi	0	0	0	0	0	0	0	0	0	0	0	0	0	0	0	0	0	0	0	0	0	0	0	0	0	0	0	0	0	0	0	0	0	0	0	0	0	0	0	0	0	0	0	0	0	0	0	0	0	0	0	0	0	0	0	0		0	0	0	0	0	0	0	0	0	0	0	0	0	0	0	0	0	0	0	0	0	0	0	0	0	0	0	0	0	0	0	0	0	0	0	0	0	0	0	0
Monosiga_brevicollis_mx1	0	0	0	0	0	0.288793103448276	0	0	0.288793103448276	0	0	0	0	0	0	0	0	0	0	0	0	0	0	0	0	0	0.232758620689655	0	0	0	0	0	0	0	0	0.0344827586206897	0	0	0	0	0	0	0.0258620689655172	0	0.0905172413793103	0.0387931034482759	0	0	0	0	0	0	0	0.0258620689655172	0.0344827586206897	0.288793103448276	0		0	0	0	0	0	0	0	0	0	0	0	0.288793103448276	0.288793103448276	0.211206896551724	0	0	0	0	0	0	0	0	0	0	0	0	0	0	0	0	0	0	0	0	0	0	0	0	0.0646551724137931
Montastraea_faveolata	0	0	0	0	0	0	0	0	0	0	0	0	0	0	0	0	0	0	0	0	0	0	0	0	0	0	0	0	0	0	0	0	0	0	0	0	0	0	0	0	0	0	0	0	0	0	0	0	0	0	0	0	0	0	0	0	0	0		0	0	0	0	0	0	0	0	0	0	0	0	0	0	0	0	0	0	0	0	0	0	0	0	0	0	0	0	0	0	0	0	0	0	0	0	0	0
Mycale_phyllophila	0.0689655172413793	0	0	0	0	0.392241379310345	0	0	0.392241379310345	0	0	0	0	0.0775862068965517	0.0431034482758621	0	0	0	0.0991379310344828	0.0387931034482759	0	0.0474137931034483	0.0517241379310345	0.0431034482758621	0.0646551724137931	0.00862068965517241	0.129310344827586	0	0	0	0.00431034482758621	0	0	0	0	0.0431034482758621	0.0344827586206897	0	0.00431034482758621	0.0689655172413793	0	0	0.0431034482758621	0.0344827586206897	0.0431034482758621	0	0	0	0.0905172413793103	0	0	0	0.0646551724137931	0	0	0.146551724137931	0	0	0		0.0560344827586207	0.0431034482758621	0.0431034482758621	0.344827586206897	0	0	0.0646551724137931	0.349137931034483	0	0.392241379310345	0.392241379310345	0.0431034482758621	0	0	0.0431034482758621	0.0431034482758621	0	0	0.0387931034482759	0	0.0344827586206897	0	0.0517241379310345	0	0	0	0	0.202586206896552	0	0	0.0431034482758621	0.0431034482758621	0	0.0431034482758621	0	0.0517241379310345	0
Mylnosiga_fluctuans_19	0.0344827586206897	0	0	0	0	0.0560344827586207	0	0	0.0560344827586207	0	0	0	0	0	0	0	0	0	0.0560344827586207	0.0172413793103448	0	0	0	0	0.0560344827586207	0	0.0560344827586207	0	0	0	0	0	0	0	0	0	0	0	0	0.0560344827586207	0	0	0	0	0	0	0	0	0.0301724137931034	0	0	0	0.0560344827586207	0	0	0.0560344827586207	0	0	0	0.0560344827586207		0	0	0.0560344827586207	0	0	0.0431034482758621	0.0560344827586207	0	0.0560344827586207	0.0560344827586207	0	0	0	0	0	0	0	0.0172413793103448	0	0.0344827586206897	0	0.0517241379310345	0	0	0	0	0.0560344827586207	0	0	0	0	0	0	0	0	0
Nanomia_bijuga	0	0	0	0	0	0.0603448275862069	0	0	0.0603448275862069	0	0	0.00431034482758621	0	0.00431034482758621	0.0603448275862069	0	0	0	0.0560344827586207	0	0	0.0560344827586207	0.0560344827586207	0.0560344827586207	0	0	0.0603448275862069	0	0	0	0	0	0	0	0	0.0603448275862069	0.0431034482758621	0	0.00431034482758621	0.00431034482758621	0	0	0.0603448275862069	0.0344827586206897	0.0603448275862069	0	0	0	0	0	0	0.0129310344827586	0.00431034482758621	0.0129310344827586	0	0.0603448275862069	0	0	0	0.0431034482758621	0		0.0474137931034483	0.0517241379310345	0	0.00431034482758621	0	0	0	0.0603448275862069	0.0603448275862069	0.0603448275862069	0	0	0.0474137931034483	0.0603448275862069	0	0	0	0	0	0	0	0	0	0	0	0	0	0.00431034482758621	0.0474137931034483	0.0603448275862069	0.0129310344827586	0.0603448275862069	0	0.0474137931034483	0
Nematostella_vectensis	0	0	0	0	0	0.0474137931034483	0	0	0.0474137931034483	0	0	0	0	0	0.0474137931034483	0	0	0	0.0474137931034483	0	0	0.0474137931034483	0.0474137931034483	0.0474137931034483	0	0	0.0474137931034483	0	0	0	0	0	0	0	0	0.0474137931034483	0.0301724137931034	0	0.00431034482758621	0	0	0	0.0474137931034483	0.0344827586206897	0.0474137931034483	0	0	0	0	0	0	0	0	0.00431034482758621	0	0.0474137931034483	0	0	0	0.0431034482758621	0	0.0474137931034483		0.0474137931034483	0	0	0	0	0	0.0474137931034483	0.0474137931034483	0.0474137931034483	0	0	0.0474137931034483	0.0474137931034483	0	0	0	0	0	0	0	0	0	0	0	0	0	0	0.0474137931034483	0.0474137931034483	0	0.0474137931034483	0	0.0474137931034483	0
Oscarella_carmela	0.0689655172413793	0	0	0	0	0.357758620689655	0	0	0.357758620689655	0	0	0	0	0.0301724137931034	0.0517241379310345	0	0	0	0.107758620689655	0.0387931034482759	0	0.0560344827586207	0.0603448275862069	0.0517241379310345	0.0646551724137931	0.00862068965517241	0.142241379310345	0	0	0	0.00431034482758621	0	0	0	0	0.0560344827586207	0.0431034482758621	0	0.00431034482758621	0.0689655172413793	0	0	0.0517241379310345	0.0344827586206897	0.0560344827586207	0	0	0	0.0905172413793103	0	0	0.00431034482758621	0.0646551724137931	0.00862068965517241	0	0.15948275862069	0	0	0	0.344827586206897	0.0560344827586207	0.0517241379310345	0.0474137931034483		0	0	0.0646551724137931	0.301724137931034	0	0.357758620689655	0.357758620689655	0.0560344827586207	0	0	0.0474137931034483	0.0517241379310345	0	0	0.0387931034482759	0	0.0344827586206897	0	0.0517241379310345	0	0	0	0	0.202586206896552	0	0	0.0474137931034483	0.0517241379310345	0.00431034482758621	0.0517241379310345	0	0.0560344827586207	0
Oscarella_species	0	0	0	0	0	0	0	0	0	0	0	0	0	0	0	0	0	0	0	0	0	0	0	0	0	0	0	0	0	0	0	0	0	0	0	0	0	0	0	0	0	0	0	0	0	0	0	0	0	0	0	0	0	0	0	0	0	0	0	0	0	0	0	0		0	0	0	0	0	0	0	0	0	0	0	0	0	0	0	0	0	0	0	0	0	0	0	0	0	0	0	0	0	0	0	0
Pelagia_noctiluca	0	0	0	0	0	0.00431034482758621	0	0	0.00431034482758621	0	0	0.00431034482758621	0	0.00431034482758621	0.00431034482758621	0	0	0	0	0	0	0	0	0	0	0	0.00431034482758621	0	0	0	0	0	0	0	0	0.00431034482758621	0.00431034482758621	0	0	0.00431034482758621	0	0	0.00431034482758621	0	0.00431034482758621	0	0	0	0	0	0	0.00431034482758621	0.00431034482758621	0	0	0.00431034482758621	0	0	0	0	0	0.00431034482758621	0	0	0		0	0	0	0.00431034482758621	0.00431034482758621	0.00431034482758621	0	0	0	0.00431034482758621	0	0	0	0	0	0	0	0	0	0	0	0	0	0.00431034482758621	0	0.00431034482758621	0.00431034482758621	0.00431034482758621	0	0	0
Pennatula_rubra	0.021551724137931	0	0	0	0	0.0646551724137931	0	0	0.0646551724137931	0	0	0	0	0	0	0	0	0	0.0431034482758621	0.0387931034482759	0	0.00431034482758621	0.00862068965517241	0	0.0431034482758621	0.00862068965517241	0.0646551724137931	0	0	0	0.00431034482758621	0	0	0	0	0	0.00862068965517241	0	0	0.0431034482758621	0	0	0	0	0	0	0	0	0.0172413793103448	0	0	0	0.0431034482758621	0	0	0.0646551724137931	0	0	0	0.0646551724137931	0.0431034482758621	0	0	0.0646551724137931	0	0		0.0646551724137931	0	0.0646551724137931	0.0646551724137931	0	0	0	0	0	0	0	0.00431034482758621	0	0.021551724137931	0	0.0387931034482759	0	0	0	0	0.0646551724137931	0	0	0	0	0	0	0	0.00862068965517241	0
Periphylla_periphylla	0.0689655172413793	0	0	0	0	0.353448275862069	0	0	0.353448275862069	0	0	0	0	0.0818965517241379	0	0	0	0	0.0560344827586207	0.0387931034482759	0	0.00431034482758621	0.00862068965517241	0	0.0646551724137931	0.00862068965517241	0.0862068965517241	0	0	0	0.00431034482758621	0	0	0	0	0	0.00862068965517241	0	0.00431034482758621	0.0689655172413793	0	0	0	0	0	0	0	0	0.0905172413793103	0	0	0	0.0646551724137931	0	0	0.103448275862069	0	0	0	0.349137931034483	0.0560344827586207	0	0	0.301724137931034	0	0	0.0646551724137931		0	0.353448275862069	0.353448275862069	0	0	0	0	0	0	0	0.0387931034482759	0	0.0344827586206897	0	0.0517241379310345	0	0	0	0	0.202586206896552	0	0	0	0	0	0	0	0.00862068965517241	0
Petrosia_ficiformis	0	0	0	0	0	0	0	0	0	0	0	0	0	0	0	0	0	0	0	0	0	0	0	0	0	0	0	0	0	0	0	0	0	0	0	0	0	0	0	0	0	0	0	0	0	0	0	0	0	0	0	0	0	0	0	0	0	0	0	0	0	0	0	0	0	0	0	0		0	0	0	0	0	0	0	0	0	0	0	0	0	0	0	0	0	0	0	0	0	0	0	0	0	0	0	0
Pirum_gemmata	0.0689655172413793	0	0	0	0	1	0	0	1	0	0	0.00431034482758621	0	0.224137931034483	0.120689655172414	0	0	0	0.112068965517241	0.0387931034482759	0	0.0603448275862069	0.0646551724137931	0.0560344827586207	0.0646551724137931	0.00862068965517241	0.5	0	0	0	0.00431034482758621	0	0	0	0	0.21551724137931	0.0517241379310345	0	0.0129310344827586	0.0732758620689655	0	0	0.181034482758621	0.0344827586206897	0.271551724137931	0.0387931034482759	0	0	0.0905172413793103	0	0	0.0129310344827586	0.0689655172413793	0.0732758620689655	0.0689655172413793	0.637931034482759	0	0.288793103448276	0	0.392241379310345	0.0560344827586207	0.0603448275862069	0.0474137931034483	0.357758620689655	0	0.00431034482758621	0.0646551724137931	0.353448275862069	0		1	0.392241379310345	0	0	0.0474137931034483	0.0775862068965517	0	0	0.0387931034482759	0	0.0344827586206897	0	0.0517241379310345	0	0	0	0	0.202586206896552	0	0.00431034482758621	0.0474137931034483	0.0948275862068965	0.0301724137931034	0.0775862068965517	0	0.0560344827586207	0.0646551724137931
Plakina_jani	0.0689655172413793	0	0	0	0	1	0	0	1	0	0	0.00431034482758621	0	0.224137931034483	0.120689655172414	0	0	0	0.112068965517241	0.0387931034482759	0	0.0603448275862069	0.0646551724137931	0.0560344827586207	0.0646551724137931	0.00862068965517241	0.5	0	0	0	0.00431034482758621	0	0	0	0	0.21551724137931	0.0517241379310345	0	0.0129310344827586	0.0732758620689655	0	0	0.181034482758621	0.0344827586206897	0.271551724137931	0.0387931034482759	0	0	0.0905172413793103	0	0	0.0129310344827586	0.0689655172413793	0.0732758620689655	0.0689655172413793	0.637931034482759	0	0.288793103448276	0	0.392241379310345	0.0560344827586207	0.0603448275862069	0.0474137931034483	0.357758620689655	0	0.00431034482758621	0.0646551724137931	0.353448275862069	0	1		0.392241379310345	0	0	0.0474137931034483	0.0775862068965517	0	0	0.0387931034482759	0	0.0344827586206897	0	0.0517241379310345	0	0	0	0	0.202586206896552	0	0.00431034482758621	0.0474137931034483	0.0948275862068965	0.0301724137931034	0.0775862068965517	0	0.0560344827586207	0.0646551724137931
Pleraplysilla_spinifera	0	0	0	0	0	0.392241379310345	0	0	0.392241379310345	0	0	0.00431034482758621	0	0.00431034482758621	0.120689655172414	0	0	0	0.0560344827586207	0	0	0.0560344827586207	0.0560344827586207	0.0560344827586207	0	0	0.392241379310345	0	0	0	0	0	0	0	0	0.21551724137931	0.0431034482758621	0	0.00431034482758621	0.00431034482758621	0	0	0.181034482758621	0.0344827586206897	0.271551724137931	0.0344827586206897	0	0	0	0	0	0.0129310344827586	0.00431034482758621	0.0129310344827586	0	0.392241379310345	0	0.211206896551724	0	0.0431034482758621	0	0.0603448275862069	0.0474137931034483	0.0560344827586207	0	0.00431034482758621	0	0	0	0.392241379310345	0.392241379310345		0	0	0.0474137931034483	0.0775862068965517	0	0	0	0	0	0	0	0	0	0	0	0	0	0.00431034482758621	0.0474137931034483	0.0948275862068965	0.0301724137931034	0.0775862068965517	0	0.0474137931034483	0.0646551724137931
Pleurobrachia_species	0	0	0	0	0	0	0	0	0	0	0	0	0	0	0	0	0	0	0	0	0	0	0	0	0	0	0	0	0	0	0	0	0	0	0	0	0	0	0	0	0	0	0	0	0	0	0	0	0	0	0	0	0	0	0	0	0	0	0	0	0	0	0	0	0	0	0	0	0	0	0	0		0	0	0	0	0	0	0	0	0	0	0	0	0	0	0	0	0	0	0	0	0	0	0	0
Plumapathes_pennacea	0	0	0	0	0	0	0	0	0	0	0	0	0	0	0	0	0	0	0	0	0	0	0	0	0	0	0	0	0	0	0	0	0	0	0	0	0	0	0	0	0	0	0	0	0	0	0	0	0	0	0	0	0	0	0	0	0	0	0	0	0	0	0	0	0	0	0	0	0	0	0	0	0		0	0	0	0	0	0	0	0	0	0	0	0	0	0	0	0	0	0	0	0	0	0	0
Porites_australiensis	0	0	0	0	0	0.0474137931034483	0	0	0.0474137931034483	0	0	0	0	0	0.0474137931034483	0	0	0	0.0474137931034483	0	0	0.0474137931034483	0.0474137931034483	0.0474137931034483	0	0	0.0474137931034483	0	0	0	0	0	0	0	0	0.0474137931034483	0.0301724137931034	0	0.00431034482758621	0	0	0	0.0474137931034483	0.0344827586206897	0.0474137931034483	0	0	0	0	0	0	0	0	0.00431034482758621	0	0.0474137931034483	0	0	0	0.0431034482758621	0	0.0474137931034483	0.0474137931034483	0.0474137931034483	0	0	0	0	0	0.0474137931034483	0.0474137931034483	0.0474137931034483	0	0		0.0474137931034483	0	0	0	0	0	0	0	0	0	0	0	0	0	0	0.0474137931034483	0.0474137931034483	0	0.0474137931034483	0	0.0474137931034483	0
Rossella_fibulata	0	0	0	0	0	0.0775862068965517	0	0	0.0775862068965517	0	0	0.00431034482758621	0	0.00431034482758621	0.0775862068965517	0	0	0	0.0560344827586207	0	0	0.0560344827586207	0.0560344827586207	0.0560344827586207	0	0	0.0775862068965517	0	0	0	0	0	0	0	0	0.0775862068965517	0.0431034482758621	0	0.00431034482758621	0.00431034482758621	0	0	0.0775862068965517	0.0344827586206897	0.0775862068965517	0	0	0	0	0	0	0.0129310344827586	0.00431034482758621	0.0129310344827586	0	0.0775862068965517	0	0	0	0.0431034482758621	0	0.0603448275862069	0.0474137931034483	0.0517241379310345	0	0.00431034482758621	0	0	0	0.0775862068965517	0.0775862068965517	0.0775862068965517	0	0	0.0474137931034483		0	0	0	0	0	0	0	0	0	0	0	0	0	0.00431034482758621	0.0474137931034483	0.0775862068965517	0.0301724137931034	0.0775862068965517	0	0.0474137931034483	0
Saccoglossus_kowalevskii	0	0	0	0	0	0	0	0	0	0	0	0	0	0	0	0	0	0	0	0	0	0	0	0	0	0	0	0	0	0	0	0	0	0	0	0	0	0	0	0	0	0	0	0	0	0	0	0	0	0	0	0	0	0	0	0	0	0	0	0	0	0	0	0	0	0	0	0	0	0	0	0	0	0	0	0		0	0	0	0	0	0	0	0	0	0	0	0	0	0	0	0	0	0	0	0
Salpingoeca_dolichothecata_16	0	0	0	0	0	0	0	0	0	0	0	0	0	0	0	0	0	0	0	0	0	0	0	0	0	0	0	0	0	0	0	0	0	0	0	0	0	0	0	0	0	0	0	0	0	0	0	0	0	0	0	0	0	0	0	0	0	0	0	0	0	0	0	0	0	0	0	0	0	0	0	0	0	0	0	0	0		0	0	0	0	0	0	0	0	0	0	0	0	0	0	0	0	0	0	0
Salpingoeca_helianthica_18	0.0387931034482759	0	0	0	0	0.0387931034482759	0	0	0.0387931034482759	0	0	0	0	0	0	0	0	0	0.0172413793103448	0	0	0	0	0	0.0258620689655172	0	0.0258620689655172	0	0	0	0	0	0	0	0	0	0	0	0	0.0301724137931034	0	0	0	0	0	0	0	0	0.0387931034482759	0	0	0	0.0258620689655172	0	0	0.0172413793103448	0	0	0	0.0387931034482759	0.0172413793103448	0	0	0.0387931034482759	0	0	0.00431034482758621	0.0387931034482759	0	0.0387931034482759	0.0387931034482759	0	0	0	0	0	0	0		0	0.0172413793103448	0	0.0172413793103448	0	0	0	0	0.0387931034482759	0	0	0	0	0	0	0	0	0
Salpingoeca_infusionum_12	0	0	0	0	0	0	0	0	0	0	0	0	0	0	0	0	0	0	0	0	0	0	0	0	0	0	0	0	0	0	0	0	0	0	0	0	0	0	0	0	0	0	0	0	0	0	0	0	0	0	0	0	0	0	0	0	0	0	0	0	0	0	0	0	0	0	0	0	0	0	0	0	0	0	0	0	0	0	0		0	0	0	0	0	0	0	0	0	0	0	0	0	0	0	0	0
Salpingoeca_macrocollata_06	0.0344827586206897	0	0	0	0	0.0344827586206897	0	0	0.0344827586206897	0	0	0	0	0	0	0	0	0	0.0344827586206897	0	0	0	0	0	0.0344827586206897	0	0.0344827586206897	0	0	0	0	0	0	0	0	0	0	0	0	0.0344827586206897	0	0	0	0	0	0	0	0	0.0301724137931034	0	0	0	0.0344827586206897	0	0	0.0344827586206897	0	0	0	0.0344827586206897	0.0344827586206897	0	0	0.0344827586206897	0	0	0.021551724137931	0.0344827586206897	0	0.0344827586206897	0.0344827586206897	0	0	0	0	0	0	0	0.0172413793103448	0		0	0.0344827586206897	0	0	0	0	0.0344827586206897	0	0	0	0	0	0	0	0	0
Salpingoeca_punica_03	0	0	0	0	0	0	0	0	0	0	0	0	0	0	0	0	0	0	0	0	0	0	0	0	0	0	0	0	0	0	0	0	0	0	0	0	0	0	0	0	0	0	0	0	0	0	0	0	0	0	0	0	0	0	0	0	0	0	0	0	0	0	0	0	0	0	0	0	0	0	0	0	0	0	0	0	0	0	0	0	0		0	0	0	0	0	0	0	0	0	0	0	0	0	0	0
Salpingoeca_qvevrii_09	0.0344827586206897	0	0	0	0	0.0517241379310345	0	0	0.0517241379310345	0	0	0	0	0	0	0	0	0	0.0517241379310345	0.0129310344827586	0	0	0	0	0.0517241379310345	0	0.0517241379310345	0	0	0	0	0	0	0	0	0	0	0	0	0.0517241379310345	0	0	0	0	0	0	0	0	0.0301724137931034	0	0	0	0.0517241379310345	0	0	0.0517241379310345	0	0	0	0.0517241379310345	0.0517241379310345	0	0	0.0517241379310345	0	0	0.0387931034482759	0.0517241379310345	0	0.0517241379310345	0.0517241379310345	0	0	0	0	0	0	0	0.0172413793103448	0	0.0344827586206897	0		0	0	0	0	0.0517241379310345	0	0	0	0	0	0	0	0	0
Salpingoeca_roanoka_13	0	0	0	0	0	0	0	0	0	0	0	0	0	0	0	0	0	0	0	0	0	0	0	0	0	0	0	0	0	0	0	0	0	0	0	0	0	0	0	0	0	0	0	0	0	0	0	0	0	0	0	0	0	0	0	0	0	0	0	0	0	0	0	0	0	0	0	0	0	0	0	0	0	0	0	0	0	0	0	0	0	0	0		0	0	0	0	0	0	0	0	0	0	0	0	0
Salpingoeca_rosetta	0	0	0	0	0	0	0	0	0	0	0	0	0	0	0	0	0	0	0	0	0	0	0	0	0	0	0	0	0	0	0	0	0	0	0	0	0	0	0	0	0	0	0	0	0	0	0	0	0	0	0	0	0	0	0	0	0	0	0	0	0	0	0	0	0	0	0	0	0	0	0	0	0	0	0	0	0	0	0	0	0	0	0	0		0	0	0	0	0	0	0	0	0	0	0	0
Salpingoeca_urceolata_04	0	0	0	0	0	0	0	0	0	0	0	0	0	0	0	0	0	0	0	0	0	0	0	0	0	0	0	0	0	0	0	0	0	0	0	0	0	0	0	0	0	0	0	0	0	0	0	0	0	0	0	0	0	0	0	0	0	0	0	0	0	0	0	0	0	0	0	0	0	0	0	0	0	0	0	0	0	0	0	0	0	0	0	0	0		0	0	0	0	0	0	0	0	0	0	0
Sphaeroforma_arctica_JP610	0	0	0	0	0	0	0	0	0	0	0	0	0	0	0	0	0	0	0	0	0	0	0	0	0	0	0	0	0	0	0	0	0	0	0	0	0	0	0	0	0	0	0	0	0	0	0	0	0	0	0	0	0	0	0	0	0	0	0	0	0	0	0	0	0	0	0	0	0	0	0	0	0	0	0	0	0	0	0	0	0	0	0	0	0	0		0	0	0	0	0	0	0	0	0	0
Spongilla_lacustris	0.0689655172413793	0	0	0	0	0.202586206896552	0	0	0.202586206896552	0	0	0	0	0	0	0	0	0	0.0560344827586207	0.0387931034482759	0	0.00431034482758621	0.00862068965517241	0	0.0646551724137931	0.00862068965517241	0.0862068965517241	0	0	0	0.00431034482758621	0	0	0	0	0	0.00862068965517241	0	0	0.0689655172413793	0	0	0	0	0	0	0	0	0.0905172413793103	0	0	0	0.0646551724137931	0	0	0.0775862068965517	0	0	0	0.202586206896552	0.0560344827586207	0	0	0.202586206896552	0	0	0.0646551724137931	0.202586206896552	0	0.202586206896552	0.202586206896552	0	0	0	0	0	0	0	0.0387931034482759	0	0.0344827586206897	0	0.0517241379310345	0	0	0	0		0	0	0	0	0	0	0	0.00862068965517241	0
Stephanoeca_diplocostata_AUFR	0	0	0	0	0	0	0	0	0	0	0	0	0	0	0	0	0	0	0	0	0	0	0	0	0	0	0	0	0	0	0	0	0	0	0	0	0	0	0	0	0	0	0	0	0	0	0	0	0	0	0	0	0	0	0	0	0	0	0	0	0	0	0	0	0	0	0	0	0	0	0	0	0	0	0	0	0	0	0	0	0	0	0	0	0	0	0	0		0	0	0	0	0	0	0	0
Stomolophus_meleagris	0	0	0	0	0	0.00431034482758621	0	0	0.00431034482758621	0	0	0.00431034482758621	0	0.00431034482758621	0.00431034482758621	0	0	0	0	0	0	0	0	0	0	0	0.00431034482758621	0	0	0	0	0	0	0	0	0.00431034482758621	0.00431034482758621	0	0	0.00431034482758621	0	0	0.00431034482758621	0	0.00431034482758621	0	0	0	0	0	0	0.00431034482758621	0.00431034482758621	0	0	0.00431034482758621	0	0	0	0	0	0.00431034482758621	0	0	0	0.00431034482758621	0	0	0	0.00431034482758621	0.00431034482758621	0.00431034482758621	0	0	0	0.00431034482758621	0	0	0	0	0	0	0	0	0	0	0	0	0		0	0.00431034482758621	0.00431034482758621	0.00431034482758621	0	0	0
Strongylocentrotus_purpuratus	0	0	0	0	0	0.0474137931034483	0	0	0.0474137931034483	0	0	0	0	0	0.0474137931034483	0	0	0	0.0474137931034483	0	0	0.0474137931034483	0.0474137931034483	0.0474137931034483	0	0	0.0474137931034483	0	0	0	0	0	0	0	0	0.0474137931034483	0.0301724137931034	0	0.00431034482758621	0	0	0	0.0474137931034483	0.0344827586206897	0.0474137931034483	0	0	0	0	0	0	0	0	0.00431034482758621	0	0.0474137931034483	0	0	0	0.0431034482758621	0	0.0474137931034483	0.0474137931034483	0.0474137931034483	0	0	0	0	0	0.0474137931034483	0.0474137931034483	0.0474137931034483	0	0	0.0474137931034483	0.0474137931034483	0	0	0	0	0	0	0	0	0	0	0	0	0	0		0.0474137931034483	0	0.0474137931034483	0	0.0474137931034483	0
Sycon_ciliatum	0	0	0	0	0	0.0948275862068965	0	0	0.0948275862068965	0	0	0.00431034482758621	0	0.00431034482758621	0.0948275862068965	0	0	0	0.0560344827586207	0	0	0.0560344827586207	0.0560344827586207	0.0560344827586207	0	0	0.0948275862068965	0	0	0	0	0	0	0	0	0.0948275862068965	0.0431034482758621	0	0.00431034482758621	0.00431034482758621	0	0	0.0948275862068965	0.0344827586206897	0.0948275862068965	0	0	0	0	0	0	0.0129310344827586	0.00431034482758621	0.0129310344827586	0	0.0948275862068965	0	0	0	0.0431034482758621	0	0.0603448275862069	0.0474137931034483	0.0517241379310345	0	0.00431034482758621	0	0	0	0.0948275862068965	0.0948275862068965	0.0948275862068965	0	0	0.0474137931034483	0.0775862068965517	0	0	0	0	0	0	0	0	0	0	0	0	0	0.00431034482758621	0.0474137931034483		0.0301724137931034	0.0775862068965517	0	0.0474137931034483	0
Sycon_coactum	0	0	0	0	0	0.0301724137931034	0	0	0.0301724137931034	0	0	0.00431034482758621	0	0.00431034482758621	0.0301724137931034	0	0	0	0.00862068965517241	0	0	0.00862068965517241	0.00862068965517241	0.00862068965517241	0	0	0.0301724137931034	0	0	0	0	0	0	0	0	0.0301724137931034	0.0129310344827586	0	0	0.00431034482758621	0	0	0.0301724137931034	0	0.0301724137931034	0	0	0	0	0	0	0.0129310344827586	0.00431034482758621	0.00862068965517241	0	0.0301724137931034	0	0	0	0	0	0.0129310344827586	0	0.00431034482758621	0	0.00431034482758621	0	0	0	0.0301724137931034	0.0301724137931034	0.0301724137931034	0	0	0	0.0301724137931034	0	0	0	0	0	0	0	0	0	0	0	0	0	0.00431034482758621	0	0.0301724137931034		0.0301724137931034	0	0	0
Sympagella_nux	0	0	0	0	0	0.0775862068965517	0	0	0.0775862068965517	0	0	0.00431034482758621	0	0.00431034482758621	0.0775862068965517	0	0	0	0.0560344827586207	0	0	0.0560344827586207	0.0560344827586207	0.0560344827586207	0	0	0.0775862068965517	0	0	0	0	0	0	0	0	0.0775862068965517	0.0431034482758621	0	0.00431034482758621	0.00431034482758621	0	0	0.0775862068965517	0.0344827586206897	0.0775862068965517	0	0	0	0	0	0	0.0129310344827586	0.00431034482758621	0.0129310344827586	0	0.0775862068965517	0	0	0	0.0431034482758621	0	0.0603448275862069	0.0474137931034483	0.0517241379310345	0	0.00431034482758621	0	0	0	0.0775862068965517	0.0775862068965517	0.0775862068965517	0	0	0.0474137931034483	0.0775862068965517	0	0	0	0	0	0	0	0	0	0	0	0	0	0.00431034482758621	0.0474137931034483	0.0775862068965517	0.0301724137931034		0	0.0474137931034483	0
Tribolium_castaneum	0	0	0	0	0	0	0	0	0	0	0	0	0	0	0	0	0	0	0	0	0	0	0	0	0	0	0	0	0	0	0	0	0	0	0	0	0	0	0	0	0	0	0	0	0	0	0	0	0	0	0	0	0	0	0	0	0	0	0	0	0	0	0	0	0	0	0	0	0	0	0	0	0	0	0	0	0	0	0	0	0	0	0	0	0	0	0	0	0	0	0	0	0	0		0	0
Trichoplax_adhaerens	0	0	0	0	0	0.0560344827586207	0	0	0.0560344827586207	0	0	0	0	0	0.0474137931034483	0	0	0	0.0474137931034483	0.00862068965517241	0	0.0517241379310345	0.0560344827586207	0.0474137931034483	0	0.00862068965517241	0.0560344827586207	0	0	0	0.00431034482758621	0	0	0	0	0.0474137931034483	0.0387931034482759	0	0.00431034482758621	0	0	0	0.0474137931034483	0.0344827586206897	0.0474137931034483	0	0	0	0	0	0	0	0	0.00431034482758621	0	0.0560344827586207	0	0	0	0.0517241379310345	0	0.0474137931034483	0.0474137931034483	0.0560344827586207	0	0	0.00862068965517241	0.00862068965517241	0	0.0560344827586207	0.0560344827586207	0.0474137931034483	0	0	0.0474137931034483	0.0474137931034483	0	0	0	0	0	0	0	0	0	0	0	0.00862068965517241	0	0	0.0474137931034483	0.0474137931034483	0	0.0474137931034483	0		0
Vallicula_multiformis	0	0	0	0	0	0.0646551724137931	0	0	0.0646551724137931	0	0	0	0	0	0	0	0	0	0	0	0	0	0	0	0	0	0.0646551724137931	0	0	0	0	0	0	0	0	0.0301724137931034	0	0	0	0	0	0	0	0	0.0646551724137931	0	0	0	0	0	0	0	0	0	0	0.0646551724137931	0	0.0646551724137931	0	0	0	0	0	0	0	0	0	0	0	0.0646551724137931	0.0646551724137931	0.0646551724137931	0	0	0	0	0	0	0	0	0	0	0	0	0	0	0	0	0	0	0	0	0	0	0	0	
