	Abeoforma_whisleri	Acanthoeca_sp_10tr	Acanthoeca_spectabilis_VA_02	Aiptasia_pallida	Alatina_alata	Amoebidium_parasiticum_JAP72	Amphimedon_queenslandica	Antipathes_caribbeana	Aphrocallistes_vastus	Aplysia_californica	Atolla_vanhoeffeni	Aurelia_aurita	Beroe_abyssicola	Beroe_sp	Bolinopsis_infundibulum	Bolocera_tuedia	Branchiostoma_floridae	Capitella_teleta	Capsaspora_owczarzaki_atcc30864	Cestum_veneris	Choanoeca_perplexa_11	Chondrilla_nucula	Clathrina_coriacea	Clytia_hemisphaerica	Codosiga_hollandica_17	Coeloplana_species	Corticium_candelabrum	Craspedacusta_sowerbyi	Crassostrea_gigas	Creolimax_fragrantissima	Daphnia_pulex	Diaphanoeca_grandis_RI_01	Didymoeca_costata_10	Dryodora_glandiformis	Edwardsiella_lineata	Ephydatia_muelleri	Euplectella_aspergillum	Euplokamis_dunlapae	Gorgonia_ventalina	Grantia_compressa	Helobdella_robusta	Homo_sapiens	Hormiphora_californensis	Hyalonema_populiferum	Hydra_magnipapillata	Hydractinia_polyclina	Ircinia_fasciculata	Ixodes_scapularis	Kirkpatrickia_variolosa	Lampea_pancerina	Latrunculia_apicalis	Leuconia_nivea	Leucosolenia_complicata	Liriope_tetraphylla	Lucernariopsis_campanulata	Ministeria_vibrans	Mnemiopsis_leidyi	Monosiga_brevicollis_mx1	Montastraea_faveolata	Mycale_phyllophila	Mylnosiga_fluctuans_19	Nanomia_bijuga	Nematostella_vectensis	Oscarella_carmela	Oscarella_species	Pelagia_noctiluca	Pennatula_rubra	Periphylla_periphylla	Petrosia_ficiformis	Pirum_gemmata	Plakina_jani	Pleraplysilla_spinifera	Pleurobrachia_species	Plumapathes_pennacea	Porites_australiensis	Rossella_fibulata	Saccoglossus_kowalevskii	Salpingoeca_dolichothecata_16	Salpingoeca_helianthica_18	Salpingoeca_infusionum_12	Salpingoeca_macrocollata_06	Salpingoeca_punica_03	Salpingoeca_qvevrii_09	Salpingoeca_roanoka_13	Salpingoeca_rosetta	Salpingoeca_urceolata_04	Sphaeroforma_arctica_JP610	Spongilla_lacustris	Stephanoeca_diplocostata_AUFR	Stomolophus_meleagris	Strongylocentrotus_purpuratus	Sycon_ciliatum	Sycon_coactum	Sympagella_nux	Tribolium_castaneum	Trichoplax_adhaerens	Vallicula_multiformis
Abeoforma_whisleri		0	0	0	0.00425531914893617	1	0	0	0	0	1	0	0	0.834042553191489	1	1	0	0	0.0765957446808511	0	0.119148936170213	0.34468085106383	1	1	1	1	0.00425531914893617	0.187234042553191	1	1	0	0	0.00851063829787234	1	0	1	0.11063829787234	1	0.00851063829787234	0.0893617021276596	0	0.00851063829787234	1	1	0.0382978723404255	0.0382978723404255	0.127659574468085	0.0723404255319149	0	1	0.114893617021277	1	0.0680851063829787	0.0468085106382979	0	1	0	0.0936170212765957	0	0	0.025531914893617	0.0382978723404255	0	1	0	1	0.565957446808511	1	0	1	0	0.604255319148936	1	0	0	0.0638297872340425	0	0	0.0595744680851064	0.153191489361702	0.0297872340425532	0.00425531914893617	0	0.195744680851064	0.114893617021277	0	1	0	0	0	0.00851063829787234	0	0.438297872340426	0.0340425531914894	0	0.0425531914893617	1
Acanthoeca_sp_10tr	0		0	0	0	0	0	0	0	0	0	0	0	0	0	0	0	0	0	0	0	0	0	0	0	0	0	0	0	0	0	0	0	0	0	0	0	0	0	0	0	0	0	0	0	0	0	0	0	0	0	0	0	0	0	0	0	0	0	0	0	0	0	0	0	0	0	0	0	0	0	0	0	0	0	0	0	0	0	0	0	0	0	0	0	0	0	0	0	0	0	0	0	0	0	0	0
Acanthoeca_spectabilis_VA_02	0	0		0	0	0	0	0	0	0	0	0	0	0	0	0	0	0	0	0	0	0	0	0	0	0	0	0	0	0	0	0	0	0	0	0	0	0	0	0	0	0	0	0	0	0	0	0	0	0	0	0	0	0	0	0	0	0	0	0	0	0	0	0	0	0	0	0	0	0	0	0	0	0	0	0	0	0	0	0	0	0	0	0	0	0	0	0	0	0	0	0	0	0	0	0	0
Aiptasia_pallida	0	0	0		0	0	0	0	0	0	0	0	0	0	0	0	0	0	0	0	0	0	0	0	0	0	0	0	0	0	0	0	0	0	0	0	0	0	0	0	0	0	0	0	0	0	0	0	0	0	0	0	0	0	0	0	0	0	0	0	0	0	0	0	0	0	0	0	0	0	0	0	0	0	0	0	0	0	0	0	0	0	0	0	0	0	0	0	0	0	0	0	0	0	0	0	0
Alatina_alata	0.00425531914893617	0	0	0		0.00425531914893617	0	0	0	0	0.00425531914893617	0	0	0.00425531914893617	0.00425531914893617	0.00425531914893617	0	0	0	0	0	0	0.00425531914893617	0.00425531914893617	0.00425531914893617	0.00425531914893617	0	0	0.00425531914893617	0.00425531914893617	0	0	0	0.00425531914893617	0	0.00425531914893617	0	0.00425531914893617	0	0	0	0	0.00425531914893617	0.00425531914893617	0	0	0	0	0	0.00425531914893617	0	0.00425531914893617	0	0.00425531914893617	0	0.00425531914893617	0	0	0	0	0	0	0	0.00425531914893617	0	0.00425531914893617	0	0.00425531914893617	0	0.00425531914893617	0	0.00425531914893617	0.00425531914893617	0	0	0	0	0	0	0	0	0	0	0	0	0	0.00425531914893617	0	0	0	0	0	0.00425531914893617	0	0	0	0.00425531914893617
Amoebidium_parasiticum_JAP72	1	0	0	0	0.00425531914893617		0	0	0	0	1	0	0	0.834042553191489	1	1	0	0	0.0765957446808511	0	0.119148936170213	0.34468085106383	1	1	1	1	0.00425531914893617	0.187234042553191	1	1	0	0	0.00851063829787234	1	0	1	0.11063829787234	1	0.00851063829787234	0.0893617021276596	0	0.00851063829787234	1	1	0.0382978723404255	0.0382978723404255	0.127659574468085	0.0723404255319149	0	1	0.114893617021277	1	0.0680851063829787	0.0468085106382979	0	1	0	0.0936170212765957	0	0	0.025531914893617	0.0382978723404255	0	1	0	1	0.565957446808511	1	0	1	0	0.604255319148936	1	0	0	0.0638297872340425	0	0	0.0595744680851064	0.153191489361702	0.0297872340425532	0.00425531914893617	0	0.195744680851064	0.114893617021277	0	1	0	0	0	0.00851063829787234	0	0.438297872340426	0.0340425531914894	0	0.0425531914893617	1
Amphimedon_queenslandica	0	0	0	0	0	0		0	0	0	0	0	0	0	0	0	0	0	0	0	0	0	0	0	0	0	0	0	0	0	0	0	0	0	0	0	0	0	0	0	0	0	0	0	0	0	0	0	0	0	0	0	0	0	0	0	0	0	0	0	0	0	0	0	0	0	0	0	0	0	0	0	0	0	0	0	0	0	0	0	0	0	0	0	0	0	0	0	0	0	0	0	0	0	0	0	0
Antipathes_caribbeana	0	0	0	0	0	0	0		0	0	0	0	0	0	0	0	0	0	0	0	0	0	0	0	0	0	0	0	0	0	0	0	0	0	0	0	0	0	0	0	0	0	0	0	0	0	0	0	0	0	0	0	0	0	0	0	0	0	0	0	0	0	0	0	0	0	0	0	0	0	0	0	0	0	0	0	0	0	0	0	0	0	0	0	0	0	0	0	0	0	0	0	0	0	0	0	0
Aphrocallistes_vastus	0	0	0	0	0	0	0	0		0	0	0	0	0	0	0	0	0	0	0	0	0	0	0	0	0	0	0	0	0	0	0	0	0	0	0	0	0	0	0	0	0	0	0	0	0	0	0	0	0	0	0	0	0	0	0	0	0	0	0	0	0	0	0	0	0	0	0	0	0	0	0	0	0	0	0	0	0	0	0	0	0	0	0	0	0	0	0	0	0	0	0	0	0	0	0	0
Aplysia_californica	0	0	0	0	0	0	0	0	0		0	0	0	0	0	0	0	0	0	0	0	0	0	0	0	0	0	0	0	0	0	0	0	0	0	0	0	0	0	0	0	0	0	0	0	0	0	0	0	0	0	0	0	0	0	0	0	0	0	0	0	0	0	0	0	0	0	0	0	0	0	0	0	0	0	0	0	0	0	0	0	0	0	0	0	0	0	0	0	0	0	0	0	0	0	0	0
Atolla_vanhoeffeni	1	0	0	0	0.00425531914893617	1	0	0	0	0		0	0	0.834042553191489	1	1	0	0	0.0765957446808511	0	0.119148936170213	0.34468085106383	1	1	1	1	0.00425531914893617	0.187234042553191	1	1	0	0	0.00851063829787234	1	0	1	0.11063829787234	1	0.00851063829787234	0.0893617021276596	0	0.00851063829787234	1	1	0.0382978723404255	0.0382978723404255	0.127659574468085	0.0723404255319149	0	1	0.114893617021277	1	0.0680851063829787	0.0468085106382979	0	1	0	0.0936170212765957	0	0	0.025531914893617	0.0382978723404255	0	1	0	1	0.565957446808511	1	0	1	0	0.604255319148936	1	0	0	0.0638297872340425	0	0	0.0595744680851064	0.153191489361702	0.0297872340425532	0.00425531914893617	0	0.195744680851064	0.114893617021277	0	1	0	0	0	0.00851063829787234	0	0.438297872340426	0.0340425531914894	0	0.0425531914893617	1
Aurelia_aurita	0	0	0	0	0	0	0	0	0	0	0		0	0	0	0	0	0	0	0	0	0	0	0	0	0	0	0	0	0	0	0	0	0	0	0	0	0	0	0	0	0	0	0	0	0	0	0	0	0	0	0	0	0	0	0	0	0	0	0	0	0	0	0	0	0	0	0	0	0	0	0	0	0	0	0	0	0	0	0	0	0	0	0	0	0	0	0	0	0	0	0	0	0	0	0	0
Beroe_abyssicola	0	0	0	0	0	0	0	0	0	0	0	0		0	0	0	0	0	0	0	0	0	0	0	0	0	0	0	0	0	0	0	0	0	0	0	0	0	0	0	0	0	0	0	0	0	0	0	0	0	0	0	0	0	0	0	0	0	0	0	0	0	0	0	0	0	0	0	0	0	0	0	0	0	0	0	0	0	0	0	0	0	0	0	0	0	0	0	0	0	0	0	0	0	0	0	0
Beroe_sp	0.834042553191489	0	0	0	0.00425531914893617	0.834042553191489	0	0	0	0	0.834042553191489	0	0		0.834042553191489	0.834042553191489	0	0	0.0680851063829787	0	0.0553191489361702	0.34468085106383	0.834042553191489	0.834042553191489	0.834042553191489	0.834042553191489	0	0.187234042553191	0.834042553191489	0.834042553191489	0	0	0.00851063829787234	0.834042553191489	0	0.834042553191489	0	0.834042553191489	0.00851063829787234	0.0893617021276596	0	0	0.834042553191489	0.834042553191489	0.0382978723404255	0.0382978723404255	0.0340425531914894	0	0	0.834042553191489	0.114893617021277	0.834042553191489	0.0680851063829787	0.0468085106382979	0	0.834042553191489	0	0.0212765957446809	0	0	0.0212765957446809	0.0382978723404255	0	0.834042553191489	0	0.834042553191489	0.4	0.834042553191489	0	0.834042553191489	0	0.438297872340426	0.834042553191489	0	0	0.0638297872340425	0	0	0.0212765957446809	0.153191489361702	0.025531914893617	0	0	0.131914893617021	0.051063829787234	0	0.834042553191489	0	0	0	0	0	0.272340425531915	0.00425531914893617	0	0.0425531914893617	0.834042553191489
Bolinopsis_infundibulum	1	0	0	0	0.00425531914893617	1	0	0	0	0	1	0	0	0.834042553191489		1	0	0	0.0765957446808511	0	0.119148936170213	0.34468085106383	1	1	1	1	0.00425531914893617	0.187234042553191	1	1	0	0	0.00851063829787234	1	0	1	0.11063829787234	1	0.00851063829787234	0.0893617021276596	0	0.00851063829787234	1	1	0.0382978723404255	0.0382978723404255	0.127659574468085	0.0723404255319149	0	1	0.114893617021277	1	0.0680851063829787	0.0468085106382979	0	1	0	0.0936170212765957	0	0	0.025531914893617	0.0382978723404255	0	1	0	1	0.565957446808511	1	0	1	0	0.604255319148936	1	0	0	0.0638297872340425	0	0	0.0595744680851064	0.153191489361702	0.0297872340425532	0.00425531914893617	0	0.195744680851064	0.114893617021277	0	1	0	0	0	0.00851063829787234	0	0.438297872340426	0.0340425531914894	0	0.0425531914893617	1
Bolocera_tuedia	1	0	0	0	0.00425531914893617	1	0	0	0	0	1	0	0	0.834042553191489	1		0	0	0.0765957446808511	0	0.119148936170213	0.34468085106383	1	1	1	1	0.00425531914893617	0.187234042553191	1	1	0	0	0.00851063829787234	1	0	1	0.11063829787234	1	0.00851063829787234	0.0893617021276596	0	0.00851063829787234	1	1	0.0382978723404255	0.0382978723404255	0.127659574468085	0.0723404255319149	0	1	0.114893617021277	1	0.0680851063829787	0.0468085106382979	0	1	0	0.0936170212765957	0	0	0.025531914893617	0.0382978723404255	0	1	0	1	0.565957446808511	1	0	1	0	0.604255319148936	1	0	0	0.0638297872340425	0	0	0.0595744680851064	0.153191489361702	0.0297872340425532	0.00425531914893617	0	0.195744680851064	0.114893617021277	0	1	0	0	0	0.00851063829787234	0	0.438297872340426	0.0340425531914894	0	0.0425531914893617	1
Branchiostoma_floridae	0	0	0	0	0	0	0	0	0	0	0	0	0	0	0	0		0	0	0	0	0	0	0	0	0	0	0	0	0	0	0	0	0	0	0	0	0	0	0	0	0	0	0	0	0	0	0	0	0	0	0	0	0	0	0	0	0	0	0	0	0	0	0	0	0	0	0	0	0	0	0	0	0	0	0	0	0	0	0	0	0	0	0	0	0	0	0	0	0	0	0	0	0	0	0	0
Capitella_teleta	0	0	0	0	0	0	0	0	0	0	0	0	0	0	0	0	0		0	0	0	0	0	0	0	0	0	0	0	0	0	0	0	0	0	0	0	0	0	0	0	0	0	0	0	0	0	0	0	0	0	0	0	0	0	0	0	0	0	0	0	0	0	0	0	0	0	0	0	0	0	0	0	0	0	0	0	0	0	0	0	0	0	0	0	0	0	0	0	0	0	0	0	0	0	0	0
Capsaspora_owczarzaki_atcc30864	0.0765957446808511	0	0	0	0	0.0765957446808511	0	0	0	0	0.0765957446808511	0	0	0.0680851063829787	0.0765957446808511	0.0765957446808511	0	0		0	0.0638297872340425	0.0680851063829787	0.0765957446808511	0.0765957446808511	0.0765957446808511	0.0765957446808511	0	0	0.0765957446808511	0.0765957446808511	0	0	0.00851063829787234	0.0765957446808511	0	0.0765957446808511	0.00851063829787234	0.0765957446808511	0	0.0680851063829787	0	0.00851063829787234	0.0765957446808511	0.0765957446808511	0	0	0.0425531914893617	0.00851063829787234	0	0.0765957446808511	0	0.0765957446808511	0.0680851063829787	0	0	0.0765957446808511	0	0.0297872340425532	0	0	0	0	0	0.0765957446808511	0	0.0765957446808511	0.0765957446808511	0.0765957446808511	0	0.0765957446808511	0	0.00851063829787234	0.0765957446808511	0	0	0	0	0	0.00851063829787234	0.051063829787234	0.0212765957446809	0	0	0.0425531914893617	0.00851063829787234	0	0.0765957446808511	0	0	0	0.00851063829787234	0	0.0765957446808511	0.00851063829787234	0	0.0425531914893617	0.0765957446808511
Cestum_veneris	0	0	0	0	0	0	0	0	0	0	0	0	0	0	0	0	0	0	0		0	0	0	0	0	0	0	0	0	0	0	0	0	0	0	0	0	0	0	0	0	0	0	0	0	0	0	0	0	0	0	0	0	0	0	0	0	0	0	0	0	0	0	0	0	0	0	0	0	0	0	0	0	0	0	0	0	0	0	0	0	0	0	0	0	0	0	0	0	0	0	0	0	0	0	0	0
Choanoeca_perplexa_11	0.119148936170213	0	0	0	0	0.119148936170213	0	0	0	0	0.119148936170213	0	0	0.0553191489361702	0.119148936170213	0.119148936170213	0	0	0.0638297872340425	0		0.0553191489361702	0.119148936170213	0.119148936170213	0.119148936170213	0.119148936170213	0	0	0.119148936170213	0.119148936170213	0	0	0.00851063829787234	0.119148936170213	0	0.119148936170213	0.0638297872340425	0.119148936170213	0	0.0553191489361702	0	0.00851063829787234	0.119148936170213	0.119148936170213	0	0	0.0936170212765957	0.0638297872340425	0	0.119148936170213	0	0.119148936170213	0.0553191489361702	0	0	0.119148936170213	0	0.0808510638297872	0	0	0.00425531914893617	0	0	0.119148936170213	0	0.119148936170213	0.119148936170213	0.119148936170213	0	0.119148936170213	0	0.0638297872340425	0.119148936170213	0	0	0	0	0	0.0382978723404255	0.0382978723404255	0.0127659574468085	0.00425531914893617	0	0.0851063829787234	0.0638297872340425	0	0.119148936170213	0	0	0	0.00851063829787234	0	0.119148936170213	0.0297872340425532	0	0.0382978723404255	0.119148936170213
Chondrilla_nucula	0.34468085106383	0	0	0	0	0.34468085106383	0	0	0	0	0.34468085106383	0	0	0.34468085106383	0.34468085106383	0.34468085106383	0	0	0.0680851063829787	0	0.0553191489361702		0.34468085106383	0.34468085106383	0.34468085106383	0.34468085106383	0	0.00425531914893617	0.34468085106383	0.34468085106383	0	0	0.00851063829787234	0.34468085106383	0	0.34468085106383	0	0.34468085106383	0.00425531914893617	0.0851063829787234	0	0	0.34468085106383	0.34468085106383	0.0382978723404255	0.0382978723404255	0.0340425531914894	0	0	0.34468085106383	0.114893617021277	0.34468085106383	0.0680851063829787	0	0	0.34468085106383	0	0.0212765957446809	0	0	0.0212765957446809	0.0382978723404255	0	0.34468085106383	0	0.34468085106383	0.340425531914894	0.34468085106383	0	0.34468085106383	0	0.00425531914893617	0.34468085106383	0	0	0.0638297872340425	0	0	0.0212765957446809	0.123404255319149	0.025531914893617	0	0	0.106382978723404	0.0212765957446809	0	0.34468085106383	0	0	0	0	0	0.0723404255319149	0.00425531914893617	0	0.0425531914893617	0.34468085106383
Clathrina_coriacea	1	0	0	0	0.00425531914893617	1	0	0	0	0	1	0	0	0.834042553191489	1	1	0	0	0.0765957446808511	0	0.119148936170213	0.34468085106383		1	1	1	0.00425531914893617	0.187234042553191	1	1	0	0	0.00851063829787234	1	0	1	0.11063829787234	1	0.00851063829787234	0.0893617021276596	0	0.00851063829787234	1	1	0.0382978723404255	0.0382978723404255	0.127659574468085	0.0723404255319149	0	1	0.114893617021277	1	0.0680851063829787	0.0468085106382979	0	1	0	0.0936170212765957	0	0	0.025531914893617	0.0382978723404255	0	1	0	1	0.565957446808511	1	0	1	0	0.604255319148936	1	0	0	0.0638297872340425	0	0	0.0595744680851064	0.153191489361702	0.0297872340425532	0.00425531914893617	0	0.195744680851064	0.114893617021277	0	1	0	0	0	0.00851063829787234	0	0.438297872340426	0.0340425531914894	0	0.0425531914893617	1
Clytia_hemisphaerica	1	0	0	0	0.00425531914893617	1	0	0	0	0	1	0	0	0.834042553191489	1	1	0	0	0.0765957446808511	0	0.119148936170213	0.34468085106383	1		1	1	0.00425531914893617	0.187234042553191	1	1	0	0	0.00851063829787234	1	0	1	0.11063829787234	1	0.00851063829787234	0.0893617021276596	0	0.00851063829787234	1	1	0.0382978723404255	0.0382978723404255	0.127659574468085	0.0723404255319149	0	1	0.114893617021277	1	0.0680851063829787	0.0468085106382979	0	1	0	0.0936170212765957	0	0	0.025531914893617	0.0382978723404255	0	1	0	1	0.565957446808511	1	0	1	0	0.604255319148936	1	0	0	0.0638297872340425	0	0	0.0595744680851064	0.153191489361702	0.0297872340425532	0.00425531914893617	0	0.195744680851064	0.114893617021277	0	1	0	0	0	0.00851063829787234	0	0.438297872340426	0.0340425531914894	0	0.0425531914893617	1
Codosiga_hollandica_17	1	0	0	0	0.00425531914893617	1	0	0	0	0	1	0	0	0.834042553191489	1	1	0	0	0.0765957446808511	0	0.119148936170213	0.34468085106383	1	1		1	0.00425531914893617	0.187234042553191	1	1	0	0	0.00851063829787234	1	0	1	0.11063829787234	1	0.00851063829787234	0.0893617021276596	0	0.00851063829787234	1	1	0.0382978723404255	0.0382978723404255	0.127659574468085	0.0723404255319149	0	1	0.114893617021277	1	0.0680851063829787	0.0468085106382979	0	1	0	0.0936170212765957	0	0	0.025531914893617	0.0382978723404255	0	1	0	1	0.565957446808511	1	0	1	0	0.604255319148936	1	0	0	0.0638297872340425	0	0	0.0595744680851064	0.153191489361702	0.0297872340425532	0.00425531914893617	0	0.195744680851064	0.114893617021277	0	1	0	0	0	0.00851063829787234	0	0.438297872340426	0.0340425531914894	0	0.0425531914893617	1
Coeloplana_species	1	0	0	0	0.00425531914893617	1	0	0	0	0	1	0	0	0.834042553191489	1	1	0	0	0.0765957446808511	0	0.119148936170213	0.34468085106383	1	1	1		0.00425531914893617	0.187234042553191	1	1	0	0	0.00851063829787234	1	0	1	0.11063829787234	1	0.00851063829787234	0.0893617021276596	0	0.00851063829787234	1	1	0.0382978723404255	0.0382978723404255	0.127659574468085	0.0723404255319149	0	1	0.114893617021277	1	0.0680851063829787	0.0468085106382979	0	1	0	0.0936170212765957	0	0	0.025531914893617	0.0382978723404255	0	1	0	1	0.565957446808511	1	0	1	0	0.604255319148936	1	0	0	0.0638297872340425	0	0	0.0595744680851064	0.153191489361702	0.0297872340425532	0.00425531914893617	0	0.195744680851064	0.114893617021277	0	1	0	0	0	0.00851063829787234	0	0.438297872340426	0.0340425531914894	0	0.0425531914893617	1
Corticium_candelabrum	0.00425531914893617	0	0	0	0	0.00425531914893617	0	0	0	0	0.00425531914893617	0	0	0	0.00425531914893617	0.00425531914893617	0	0	0	0	0	0	0.00425531914893617	0.00425531914893617	0.00425531914893617	0.00425531914893617		0	0.00425531914893617	0.00425531914893617	0	0	0	0.00425531914893617	0	0.00425531914893617	0.00425531914893617	0.00425531914893617	0	0	0	0	0.00425531914893617	0.00425531914893617	0	0	0.00425531914893617	0.00425531914893617	0	0.00425531914893617	0	0.00425531914893617	0	0	0	0.00425531914893617	0	0.00425531914893617	0	0	0	0	0	0.00425531914893617	0	0.00425531914893617	0.00425531914893617	0.00425531914893617	0	0.00425531914893617	0	0.00425531914893617	0.00425531914893617	0	0	0	0	0	0	0	0	0	0	0	0	0	0.00425531914893617	0	0	0	0	0	0.00425531914893617	0	0	0	0.00425531914893617
Craspedacusta_sowerbyi	0.187234042553191	0	0	0	0	0.187234042553191	0	0	0	0	0.187234042553191	0	0	0.187234042553191	0.187234042553191	0.187234042553191	0	0	0	0	0	0.00425531914893617	0.187234042553191	0.187234042553191	0.187234042553191	0.187234042553191	0		0.187234042553191	0.187234042553191	0	0	0	0.187234042553191	0	0.187234042553191	0	0.187234042553191	0	0	0	0	0.187234042553191	0.187234042553191	0	0	0	0	0	0.187234042553191	0	0.187234042553191	0	0	0	0.187234042553191	0	0	0	0	0	0	0	0.187234042553191	0	0.187234042553191	0	0.187234042553191	0	0.187234042553191	0	0.187234042553191	0.187234042553191	0	0	0	0	0	0	0	0	0	0	0.00425531914893617	0	0	0.187234042553191	0	0	0	0	0	0.00851063829787234	0	0	0	0.187234042553191
Crassostrea_gigas	1	0	0	0	0.00425531914893617	1	0	0	0	0	1	0	0	0.834042553191489	1	1	0	0	0.0765957446808511	0	0.119148936170213	0.34468085106383	1	1	1	1	0.00425531914893617	0.187234042553191		1	0	0	0.00851063829787234	1	0	1	0.11063829787234	1	0.00851063829787234	0.0893617021276596	0	0.00851063829787234	1	1	0.0382978723404255	0.0382978723404255	0.127659574468085	0.0723404255319149	0	1	0.114893617021277	1	0.0680851063829787	0.0468085106382979	0	1	0	0.0936170212765957	0	0	0.025531914893617	0.0382978723404255	0	1	0	1	0.565957446808511	1	0	1	0	0.604255319148936	1	0	0	0.0638297872340425	0	0	0.0595744680851064	0.153191489361702	0.0297872340425532	0.00425531914893617	0	0.195744680851064	0.114893617021277	0	1	0	0	0	0.00851063829787234	0	0.438297872340426	0.0340425531914894	0	0.0425531914893617	1
Creolimax_fragrantissima	1	0	0	0	0.00425531914893617	1	0	0	0	0	1	0	0	0.834042553191489	1	1	0	0	0.0765957446808511	0	0.119148936170213	0.34468085106383	1	1	1	1	0.00425531914893617	0.187234042553191	1		0	0	0.00851063829787234	1	0	1	0.11063829787234	1	0.00851063829787234	0.0893617021276596	0	0.00851063829787234	1	1	0.0382978723404255	0.0382978723404255	0.127659574468085	0.0723404255319149	0	1	0.114893617021277	1	0.0680851063829787	0.0468085106382979	0	1	0	0.0936170212765957	0	0	0.025531914893617	0.0382978723404255	0	1	0	1	0.565957446808511	1	0	1	0	0.604255319148936	1	0	0	0.0638297872340425	0	0	0.0595744680851064	0.153191489361702	0.0297872340425532	0.00425531914893617	0	0.195744680851064	0.114893617021277	0	1	0	0	0	0.00851063829787234	0	0.438297872340426	0.0340425531914894	0	0.0425531914893617	1
Daphnia_pulex	0	0	0	0	0	0	0	0	0	0	0	0	0	0	0	0	0	0	0	0	0	0	0	0	0	0	0	0	0	0		0	0	0	0	0	0	0	0	0	0	0	0	0	0	0	0	0	0	0	0	0	0	0	0	0	0	0	0	0	0	0	0	0	0	0	0	0	0	0	0	0	0	0	0	0	0	0	0	0	0	0	0	0	0	0	0	0	0	0	0	0	0	0	0	0	0
Diaphanoeca_grandis_RI_01	0	0	0	0	0	0	0	0	0	0	0	0	0	0	0	0	0	0	0	0	0	0	0	0	0	0	0	0	0	0	0		0	0	0	0	0	0	0	0	0	0	0	0	0	0	0	0	0	0	0	0	0	0	0	0	0	0	0	0	0	0	0	0	0	0	0	0	0	0	0	0	0	0	0	0	0	0	0	0	0	0	0	0	0	0	0	0	0	0	0	0	0	0	0	0	0
Didymoeca_costata_10	0.00851063829787234	0	0	0	0	0.00851063829787234	0	0	0	0	0.00851063829787234	0	0	0.00851063829787234	0.00851063829787234	0.00851063829787234	0	0	0.00851063829787234	0	0.00851063829787234	0.00851063829787234	0.00851063829787234	0.00851063829787234	0.00851063829787234	0.00851063829787234	0	0	0.00851063829787234	0.00851063829787234	0	0		0.00851063829787234	0	0.00851063829787234	0	0.00851063829787234	0	0.00851063829787234	0	0	0.00851063829787234	0.00851063829787234	0	0	0	0	0	0.00851063829787234	0	0.00851063829787234	0.00851063829787234	0	0	0.00851063829787234	0	0	0	0	0	0	0	0.00851063829787234	0	0.00851063829787234	0.00851063829787234	0.00851063829787234	0	0.00851063829787234	0	0	0.00851063829787234	0	0	0	0	0	0	0	0	0	0	0	0	0	0.00851063829787234	0	0	0	0	0	0.00851063829787234	0	0	0	0.00851063829787234
Dryodora_glandiformis	1	0	0	0	0.00425531914893617	1	0	0	0	0	1	0	0	0.834042553191489	1	1	0	0	0.0765957446808511	0	0.119148936170213	0.34468085106383	1	1	1	1	0.00425531914893617	0.187234042553191	1	1	0	0	0.00851063829787234		0	1	0.11063829787234	1	0.00851063829787234	0.0893617021276596	0	0.00851063829787234	1	1	0.0382978723404255	0.0382978723404255	0.127659574468085	0.0723404255319149	0	1	0.114893617021277	1	0.0680851063829787	0.0468085106382979	0	1	0	0.0936170212765957	0	0	0.025531914893617	0.0382978723404255	0	1	0	1	0.565957446808511	1	0	1	0	0.604255319148936	1	0	0	0.0638297872340425	0	0	0.0595744680851064	0.153191489361702	0.0297872340425532	0.00425531914893617	0	0.195744680851064	0.114893617021277	0	1	0	0	0	0.00851063829787234	0	0.438297872340426	0.0340425531914894	0	0.0425531914893617	1
Edwardsiella_lineata	0	0	0	0	0	0	0	0	0	0	0	0	0	0	0	0	0	0	0	0	0	0	0	0	0	0	0	0	0	0	0	0	0	0		0	0	0	0	0	0	0	0	0	0	0	0	0	0	0	0	0	0	0	0	0	0	0	0	0	0	0	0	0	0	0	0	0	0	0	0	0	0	0	0	0	0	0	0	0	0	0	0	0	0	0	0	0	0	0	0	0	0	0	0	0	0
Ephydatia_muelleri	1	0	0	0	0.00425531914893617	1	0	0	0	0	1	0	0	0.834042553191489	1	1	0	0	0.0765957446808511	0	0.119148936170213	0.34468085106383	1	1	1	1	0.00425531914893617	0.187234042553191	1	1	0	0	0.00851063829787234	1	0		0.11063829787234	1	0.00851063829787234	0.0893617021276596	0	0.00851063829787234	1	1	0.0382978723404255	0.0382978723404255	0.127659574468085	0.0723404255319149	0	1	0.114893617021277	1	0.0680851063829787	0.0468085106382979	0	1	0	0.0936170212765957	0	0	0.025531914893617	0.0382978723404255	0	1	0	1	0.565957446808511	1	0	1	0	0.604255319148936	1	0	0	0.0638297872340425	0	0	0.0595744680851064	0.153191489361702	0.0297872340425532	0.00425531914893617	0	0.195744680851064	0.114893617021277	0	1	0	0	0	0.00851063829787234	0	0.438297872340426	0.0340425531914894	0	0.0425531914893617	1
Euplectella_aspergillum	0.11063829787234	0	0	0	0	0.11063829787234	0	0	0	0	0.11063829787234	0	0	0	0.11063829787234	0.11063829787234	0	0	0.00851063829787234	0	0.0638297872340425	0	0.11063829787234	0.11063829787234	0.11063829787234	0.11063829787234	0.00425531914893617	0	0.11063829787234	0.11063829787234	0	0	0	0.11063829787234	0	0.11063829787234		0.11063829787234	0	0	0	0.00851063829787234	0.11063829787234	0.11063829787234	0	0	0.0936170212765957	0.0723404255319149	0	0.11063829787234	0	0.11063829787234	0	0	0	0.11063829787234	0	0.0723404255319149	0	0	0.00425531914893617	0	0	0.11063829787234	0	0.11063829787234	0.11063829787234	0.11063829787234	0	0.11063829787234	0	0.11063829787234	0.11063829787234	0	0	0	0	0	0.0382978723404255	0	0.00425531914893617	0.00425531914893617	0	0.0638297872340425	0.0638297872340425	0	0.11063829787234	0	0	0	0.00851063829787234	0	0.11063829787234	0.0297872340425532	0	0	0.11063829787234
Euplokamis_dunlapae	1	0	0	0	0.00425531914893617	1	0	0	0	0	1	0	0	0.834042553191489	1	1	0	0	0.0765957446808511	0	0.119148936170213	0.34468085106383	1	1	1	1	0.00425531914893617	0.187234042553191	1	1	0	0	0.00851063829787234	1	0	1	0.11063829787234		0.00851063829787234	0.0893617021276596	0	0.00851063829787234	1	1	0.0382978723404255	0.0382978723404255	0.127659574468085	0.0723404255319149	0	1	0.114893617021277	1	0.0680851063829787	0.0468085106382979	0	1	0	0.0936170212765957	0	0	0.025531914893617	0.0382978723404255	0	1	0	1	0.565957446808511	1	0	1	0	0.604255319148936	1	0	0	0.0638297872340425	0	0	0.0595744680851064	0.153191489361702	0.0297872340425532	0.00425531914893617	0	0.195744680851064	0.114893617021277	0	1	0	0	0	0.00851063829787234	0	0.438297872340426	0.0340425531914894	0	0.0425531914893617	1
Gorgonia_ventalina	0.00851063829787234	0	0	0	0	0.00851063829787234	0	0	0	0	0.00851063829787234	0	0	0.00851063829787234	0.00851063829787234	0.00851063829787234	0	0	0	0	0	0.00425531914893617	0.00851063829787234	0.00851063829787234	0.00851063829787234	0.00851063829787234	0	0	0.00851063829787234	0.00851063829787234	0	0	0	0.00851063829787234	0	0.00851063829787234	0	0.00851063829787234		0	0	0	0.00851063829787234	0.00851063829787234	0	0	0	0	0	0.00851063829787234	0.00425531914893617	0.00851063829787234	0	0	0	0.00851063829787234	0	0	0	0	0	0	0	0.00851063829787234	0	0.00851063829787234	0.00425531914893617	0.00851063829787234	0	0.00851063829787234	0	0.00425531914893617	0.00851063829787234	0	0	0	0	0	0	0	0	0	0	0	0	0	0.00851063829787234	0	0	0	0	0	0	0	0	0	0.00851063829787234
Grantia_compressa	0.0893617021276596	0	0	0	0	0.0893617021276596	0	0	0	0	0.0893617021276596	0	0	0.0893617021276596	0.0893617021276596	0.0893617021276596	0	0	0.0680851063829787	0	0.0553191489361702	0.0851063829787234	0.0893617021276596	0.0893617021276596	0.0893617021276596	0.0893617021276596	0	0	0.0893617021276596	0.0893617021276596	0	0	0.00851063829787234	0.0893617021276596	0	0.0893617021276596	0	0.0893617021276596	0		0	0	0.0893617021276596	0.0893617021276596	0	0	0.0340425531914894	0	0	0.0893617021276596	0	0.0893617021276596	0.0680851063829787	0	0	0.0893617021276596	0	0.0212765957446809	0	0	0.0170212765957447	0	0	0.0893617021276596	0	0.0893617021276596	0.0893617021276596	0.0893617021276596	0	0.0893617021276596	0	0	0.0893617021276596	0	0	0	0	0	0	0.0595744680851064	0.0212765957446809	0	0	0.0553191489361702	0.0212765957446809	0	0.0893617021276596	0	0	0	0	0	0.0680851063829787	0	0	0.0425531914893617	0.0893617021276596
Helobdella_robusta	0	0	0	0	0	0	0	0	0	0	0	0	0	0	0	0	0	0	0	0	0	0	0	0	0	0	0	0	0	0	0	0	0	0	0	0	0	0	0	0		0	0	0	0	0	0	0	0	0	0	0	0	0	0	0	0	0	0	0	0	0	0	0	0	0	0	0	0	0	0	0	0	0	0	0	0	0	0	0	0	0	0	0	0	0	0	0	0	0	0	0	0	0	0	0	0
Homo_sapiens	0.00851063829787234	0	0	0	0	0.00851063829787234	0	0	0	0	0.00851063829787234	0	0	0	0.00851063829787234	0.00851063829787234	0	0	0.00851063829787234	0	0.00851063829787234	0	0.00851063829787234	0.00851063829787234	0.00851063829787234	0.00851063829787234	0	0	0.00851063829787234	0.00851063829787234	0	0	0	0.00851063829787234	0	0.00851063829787234	0.00851063829787234	0.00851063829787234	0	0	0		0.00851063829787234	0.00851063829787234	0	0	0.00851063829787234	0.00851063829787234	0	0.00851063829787234	0	0.00851063829787234	0	0	0	0.00851063829787234	0	0.00851063829787234	0	0	0	0	0	0.00851063829787234	0	0.00851063829787234	0.00851063829787234	0.00851063829787234	0	0.00851063829787234	0	0.00851063829787234	0.00851063829787234	0	0	0	0	0	0.00851063829787234	0	0	0	0	0.00851063829787234	0.00851063829787234	0	0.00851063829787234	0	0	0	0.00851063829787234	0	0.00851063829787234	0.00851063829787234	0	0	0.00851063829787234
Hormiphora_californensis	1	0	0	0	0.00425531914893617	1	0	0	0	0	1	0	0	0.834042553191489	1	1	0	0	0.0765957446808511	0	0.119148936170213	0.34468085106383	1	1	1	1	0.00425531914893617	0.187234042553191	1	1	0	0	0.00851063829787234	1	0	1	0.11063829787234	1	0.00851063829787234	0.0893617021276596	0	0.00851063829787234		1	0.0382978723404255	0.0382978723404255	0.127659574468085	0.0723404255319149	0	1	0.114893617021277	1	0.0680851063829787	0.0468085106382979	0	1	0	0.0936170212765957	0	0	0.025531914893617	0.0382978723404255	0	1	0	1	0.565957446808511	1	0	1	0	0.604255319148936	1	0	0	0.0638297872340425	0	0	0.0595744680851064	0.153191489361702	0.0297872340425532	0.00425531914893617	0	0.195744680851064	0.114893617021277	0	1	0	0	0	0.00851063829787234	0	0.438297872340426	0.0340425531914894	0	0.0425531914893617	1
Hyalonema_populiferum	1	0	0	0	0.00425531914893617	1	0	0	0	0	1	0	0	0.834042553191489	1	1	0	0	0.0765957446808511	0	0.119148936170213	0.34468085106383	1	1	1	1	0.00425531914893617	0.187234042553191	1	1	0	0	0.00851063829787234	1	0	1	0.11063829787234	1	0.00851063829787234	0.0893617021276596	0	0.00851063829787234	1		0.0382978723404255	0.0382978723404255	0.127659574468085	0.0723404255319149	0	1	0.114893617021277	1	0.0680851063829787	0.0468085106382979	0	1	0	0.0936170212765957	0	0	0.025531914893617	0.0382978723404255	0	1	0	1	0.565957446808511	1	0	1	0	0.604255319148936	1	0	0	0.0638297872340425	0	0	0.0595744680851064	0.153191489361702	0.0297872340425532	0.00425531914893617	0	0.195744680851064	0.114893617021277	0	1	0	0	0	0.00851063829787234	0	0.438297872340426	0.0340425531914894	0	0.0425531914893617	1
Hydra_magnipapillata	0.0382978723404255	0	0	0	0	0.0382978723404255	0	0	0	0	0.0382978723404255	0	0	0.0382978723404255	0.0382978723404255	0.0382978723404255	0	0	0	0	0	0.0382978723404255	0.0382978723404255	0.0382978723404255	0.0382978723404255	0.0382978723404255	0	0	0.0382978723404255	0.0382978723404255	0	0	0	0.0382978723404255	0	0.0382978723404255	0	0.0382978723404255	0	0	0	0	0.0382978723404255	0.0382978723404255		0.0382978723404255	0	0	0	0.0382978723404255	0.0382978723404255	0.0382978723404255	0	0	0	0.0382978723404255	0	0	0	0	0	0.0382978723404255	0	0.0382978723404255	0	0.0382978723404255	0.0382978723404255	0.0382978723404255	0	0.0382978723404255	0	0	0.0382978723404255	0	0	0	0	0	0	0	0	0	0	0	0	0	0.0382978723404255	0	0	0	0	0	0	0	0	0	0.0382978723404255
Hydractinia_polyclina	0.0382978723404255	0	0	0	0	0.0382978723404255	0	0	0	0	0.0382978723404255	0	0	0.0382978723404255	0.0382978723404255	0.0382978723404255	0	0	0	0	0	0.0382978723404255	0.0382978723404255	0.0382978723404255	0.0382978723404255	0.0382978723404255	0	0	0.0382978723404255	0.0382978723404255	0	0	0	0.0382978723404255	0	0.0382978723404255	0	0.0382978723404255	0	0	0	0	0.0382978723404255	0.0382978723404255	0.0382978723404255		0	0	0	0.0382978723404255	0.0382978723404255	0.0382978723404255	0	0	0	0.0382978723404255	0	0	0	0	0	0.0382978723404255	0	0.0382978723404255	0	0.0382978723404255	0.0382978723404255	0.0382978723404255	0	0.0382978723404255	0	0	0.0382978723404255	0	0	0	0	0	0	0	0	0	0	0	0	0	0.0382978723404255	0	0	0	0	0	0	0	0	0	0.0382978723404255
Ircinia_fasciculata	0.127659574468085	0	0	0	0	0.127659574468085	0	0	0	0	0.127659574468085	0	0	0.0340425531914894	0.127659574468085	0.127659574468085	0	0	0.0425531914893617	0	0.0936170212765957	0.0340425531914894	0.127659574468085	0.127659574468085	0.127659574468085	0.127659574468085	0.00425531914893617	0	0.127659574468085	0.127659574468085	0	0	0	0.127659574468085	0	0.127659574468085	0.0936170212765957	0.127659574468085	0	0.0340425531914894	0	0.00851063829787234	0.127659574468085	0.127659574468085	0	0		0.0723404255319149	0	0.127659574468085	0	0.127659574468085	0.0340425531914894	0	0	0.127659574468085	0	0.0936170212765957	0	0	0.00425531914893617	0	0	0.127659574468085	0	0.127659574468085	0.127659574468085	0.127659574468085	0	0.127659574468085	0	0.0936170212765957	0.127659574468085	0	0	0	0	0	0.0382978723404255	0.0340425531914894	0.0170212765957447	0.00425531914893617	0	0.0893617021276596	0.0638297872340425	0	0.127659574468085	0	0	0	0.00851063829787234	0	0.127659574468085	0.0297872340425532	0	0.0340425531914894	0.127659574468085
Ixodes_scapularis	0.0723404255319149	0	0	0	0	0.0723404255319149	0	0	0	0	0.0723404255319149	0	0	0	0.0723404255319149	0.0723404255319149	0	0	0.00851063829787234	0	0.0638297872340425	0	0.0723404255319149	0.0723404255319149	0.0723404255319149	0.0723404255319149	0.00425531914893617	0	0.0723404255319149	0.0723404255319149	0	0	0	0.0723404255319149	0	0.0723404255319149	0.0723404255319149	0.0723404255319149	0	0	0	0.00851063829787234	0.0723404255319149	0.0723404255319149	0	0	0.0723404255319149		0	0.0723404255319149	0	0.0723404255319149	0	0	0	0.0723404255319149	0	0.0723404255319149	0	0	0.00425531914893617	0	0	0.0723404255319149	0	0.0723404255319149	0.0723404255319149	0.0723404255319149	0	0.0723404255319149	0	0.0723404255319149	0.0723404255319149	0	0	0	0	0	0.0382978723404255	0	0.00425531914893617	0.00425531914893617	0	0.0638297872340425	0.0638297872340425	0	0.0723404255319149	0	0	0	0.00851063829787234	0	0.0723404255319149	0.0297872340425532	0	0	0.0723404255319149
Kirkpatrickia_variolosa	0	0	0	0	0	0	0	0	0	0	0	0	0	0	0	0	0	0	0	0	0	0	0	0	0	0	0	0	0	0	0	0	0	0	0	0	0	0	0	0	0	0	0	0	0	0	0	0		0	0	0	0	0	0	0	0	0	0	0	0	0	0	0	0	0	0	0	0	0	0	0	0	0	0	0	0	0	0	0	0	0	0	0	0	0	0	0	0	0	0	0	0	0	0	0	0
Lampea_pancerina	1	0	0	0	0.00425531914893617	1	0	0	0	0	1	0	0	0.834042553191489	1	1	0	0	0.0765957446808511	0	0.119148936170213	0.34468085106383	1	1	1	1	0.00425531914893617	0.187234042553191	1	1	0	0	0.00851063829787234	1	0	1	0.11063829787234	1	0.00851063829787234	0.0893617021276596	0	0.00851063829787234	1	1	0.0382978723404255	0.0382978723404255	0.127659574468085	0.0723404255319149	0		0.114893617021277	1	0.0680851063829787	0.0468085106382979	0	1	0	0.0936170212765957	0	0	0.025531914893617	0.0382978723404255	0	1	0	1	0.565957446808511	1	0	1	0	0.604255319148936	1	0	0	0.0638297872340425	0	0	0.0595744680851064	0.153191489361702	0.0297872340425532	0.00425531914893617	0	0.195744680851064	0.114893617021277	0	1	0	0	0	0.00851063829787234	0	0.438297872340426	0.0340425531914894	0	0.0425531914893617	1
Latrunculia_apicalis	0.114893617021277	0	0	0	0	0.114893617021277	0	0	0	0	0.114893617021277	0	0	0.114893617021277	0.114893617021277	0.114893617021277	0	0	0	0	0	0.114893617021277	0.114893617021277	0.114893617021277	0.114893617021277	0.114893617021277	0	0	0.114893617021277	0.114893617021277	0	0	0	0.114893617021277	0	0.114893617021277	0	0.114893617021277	0.00425531914893617	0	0	0	0.114893617021277	0.114893617021277	0.0382978723404255	0.0382978723404255	0	0	0	0.114893617021277		0.114893617021277	0	0	0	0.114893617021277	0	0	0	0	0	0.0382978723404255	0	0.114893617021277	0	0.114893617021277	0.114893617021277	0.114893617021277	0	0.114893617021277	0	0	0.114893617021277	0	0	0.00851063829787234	0	0	0.0212765957446809	0.0212765957446809	0	0	0	0.0212765957446809	0	0	0.114893617021277	0	0	0	0	0	0	0.00425531914893617	0	0	0.114893617021277
Leuconia_nivea	1	0	0	0	0.00425531914893617	1	0	0	0	0	1	0	0	0.834042553191489	1	1	0	0	0.0765957446808511	0	0.119148936170213	0.34468085106383	1	1	1	1	0.00425531914893617	0.187234042553191	1	1	0	0	0.00851063829787234	1	0	1	0.11063829787234	1	0.00851063829787234	0.0893617021276596	0	0.00851063829787234	1	1	0.0382978723404255	0.0382978723404255	0.127659574468085	0.0723404255319149	0	1	0.114893617021277		0.0680851063829787	0.0468085106382979	0	1	0	0.0936170212765957	0	0	0.025531914893617	0.0382978723404255	0	1	0	1	0.565957446808511	1	0	1	0	0.604255319148936	1	0	0	0.0638297872340425	0	0	0.0595744680851064	0.153191489361702	0.0297872340425532	0.00425531914893617	0	0.195744680851064	0.114893617021277	0	1	0	0	0	0.00851063829787234	0	0.438297872340426	0.0340425531914894	0	0.0425531914893617	1
Leucosolenia_complicata	0.0680851063829787	0	0	0	0	0.0680851063829787	0	0	0	0	0.0680851063829787	0	0	0.0680851063829787	0.0680851063829787	0.0680851063829787	0	0	0.0680851063829787	0	0.0553191489361702	0.0680851063829787	0.0680851063829787	0.0680851063829787	0.0680851063829787	0.0680851063829787	0	0	0.0680851063829787	0.0680851063829787	0	0	0.00851063829787234	0.0680851063829787	0	0.0680851063829787	0	0.0680851063829787	0	0.0680851063829787	0	0	0.0680851063829787	0.0680851063829787	0	0	0.0340425531914894	0	0	0.0680851063829787	0	0.0680851063829787		0	0	0.0680851063829787	0	0.0212765957446809	0	0	0	0	0	0.0680851063829787	0	0.0680851063829787	0.0680851063829787	0.0680851063829787	0	0.0680851063829787	0	0	0.0680851063829787	0	0	0	0	0	0	0.051063829787234	0.0212765957446809	0	0	0.0340425531914894	0	0	0.0680851063829787	0	0	0	0	0	0.0680851063829787	0	0	0.0425531914893617	0.0680851063829787
Liriope_tetraphylla	0.0468085106382979	0	0	0	0.00425531914893617	0.0468085106382979	0	0	0	0	0.0468085106382979	0	0	0.0468085106382979	0.0468085106382979	0.0468085106382979	0	0	0	0	0	0	0.0468085106382979	0.0468085106382979	0.0468085106382979	0.0468085106382979	0	0	0.0468085106382979	0.0468085106382979	0	0	0	0.0468085106382979	0	0.0468085106382979	0	0.0468085106382979	0	0	0	0	0.0468085106382979	0.0468085106382979	0	0	0	0	0	0.0468085106382979	0	0.0468085106382979	0		0	0.0468085106382979	0	0	0	0	0	0	0	0.0468085106382979	0	0.0468085106382979	0	0.0468085106382979	0	0.0468085106382979	0	0.0468085106382979	0.0468085106382979	0	0	0	0	0	0	0	0	0	0	0	0	0	0.0468085106382979	0	0	0	0	0	0.0468085106382979	0	0	0	0.0468085106382979
Lucernariopsis_campanulata	0	0	0	0	0	0	0	0	0	0	0	0	0	0	0	0	0	0	0	0	0	0	0	0	0	0	0	0	0	0	0	0	0	0	0	0	0	0	0	0	0	0	0	0	0	0	0	0	0	0	0	0	0	0		0	0	0	0	0	0	0	0	0	0	0	0	0	0	0	0	0	0	0	0	0	0	0	0	0	0	0	0	0	0	0	0	0	0	0	0	0	0	0	0	0	0
Ministeria_vibrans	1	0	0	0	0.00425531914893617	1	0	0	0	0	1	0	0	0.834042553191489	1	1	0	0	0.0765957446808511	0	0.119148936170213	0.34468085106383	1	1	1	1	0.00425531914893617	0.187234042553191	1	1	0	0	0.00851063829787234	1	0	1	0.11063829787234	1	0.00851063829787234	0.0893617021276596	0	0.00851063829787234	1	1	0.0382978723404255	0.0382978723404255	0.127659574468085	0.0723404255319149	0	1	0.114893617021277	1	0.0680851063829787	0.0468085106382979	0		0	0.0936170212765957	0	0	0.025531914893617	0.0382978723404255	0	1	0	1	0.565957446808511	1	0	1	0	0.604255319148936	1	0	0	0.0638297872340425	0	0	0.0595744680851064	0.153191489361702	0.0297872340425532	0.00425531914893617	0	0.195744680851064	0.114893617021277	0	1	0	0	0	0.00851063829787234	0	0.438297872340426	0.0340425531914894	0	0.0425531914893617	1
Mnemiopsis_leidyi	0	0	0	0	0	0	0	0	0	0	0	0	0	0	0	0	0	0	0	0	0	0	0	0	0	0	0	0	0	0	0	0	0	0	0	0	0	0	0	0	0	0	0	0	0	0	0	0	0	0	0	0	0	0	0	0		0	0	0	0	0	0	0	0	0	0	0	0	0	0	0	0	0	0	0	0	0	0	0	0	0	0	0	0	0	0	0	0	0	0	0	0	0	0	0	0
Monosiga_brevicollis_mx1	0.0936170212765957	0	0	0	0	0.0936170212765957	0	0	0	0	0.0936170212765957	0	0	0.0212765957446809	0.0936170212765957	0.0936170212765957	0	0	0.0297872340425532	0	0.0808510638297872	0.0212765957446809	0.0936170212765957	0.0936170212765957	0.0936170212765957	0.0936170212765957	0.00425531914893617	0	0.0936170212765957	0.0936170212765957	0	0	0	0.0936170212765957	0	0.0936170212765957	0.0723404255319149	0.0936170212765957	0	0.0212765957446809	0	0.00851063829787234	0.0936170212765957	0.0936170212765957	0	0	0.0936170212765957	0.0723404255319149	0	0.0936170212765957	0	0.0936170212765957	0.0212765957446809	0	0	0.0936170212765957	0		0	0	0.00425531914893617	0	0	0.0936170212765957	0	0.0936170212765957	0.0936170212765957	0.0936170212765957	0	0.0936170212765957	0	0.0723404255319149	0.0936170212765957	0	0	0	0	0	0.0382978723404255	0.0212765957446809	0.0170212765957447	0.00425531914893617	0	0.0851063829787234	0.0638297872340425	0	0.0936170212765957	0	0	0	0.00851063829787234	0	0.0936170212765957	0.0297872340425532	0	0.0212765957446809	0.0936170212765957
Montastraea_faveolata	0	0	0	0	0	0	0	0	0	0	0	0	0	0	0	0	0	0	0	0	0	0	0	0	0	0	0	0	0	0	0	0	0	0	0	0	0	0	0	0	0	0	0	0	0	0	0	0	0	0	0	0	0	0	0	0	0	0		0	0	0	0	0	0	0	0	0	0	0	0	0	0	0	0	0	0	0	0	0	0	0	0	0	0	0	0	0	0	0	0	0	0	0	0	0	0
Mycale_phyllophila	0	0	0	0	0	0	0	0	0	0	0	0	0	0	0	0	0	0	0	0	0	0	0	0	0	0	0	0	0	0	0	0	0	0	0	0	0	0	0	0	0	0	0	0	0	0	0	0	0	0	0	0	0	0	0	0	0	0	0		0	0	0	0	0	0	0	0	0	0	0	0	0	0	0	0	0	0	0	0	0	0	0	0	0	0	0	0	0	0	0	0	0	0	0	0	0
Mylnosiga_fluctuans_19	0.025531914893617	0	0	0	0	0.025531914893617	0	0	0	0	0.025531914893617	0	0	0.0212765957446809	0.025531914893617	0.025531914893617	0	0	0	0	0.00425531914893617	0.0212765957446809	0.025531914893617	0.025531914893617	0.025531914893617	0.025531914893617	0	0	0.025531914893617	0.025531914893617	0	0	0	0.025531914893617	0	0.025531914893617	0.00425531914893617	0.025531914893617	0	0.0170212765957447	0	0	0.025531914893617	0.025531914893617	0	0	0.00425531914893617	0.00425531914893617	0	0.025531914893617	0	0.025531914893617	0	0	0	0.025531914893617	0	0.00425531914893617	0	0		0	0	0.025531914893617	0	0.025531914893617	0.025531914893617	0.025531914893617	0	0.025531914893617	0	0.00425531914893617	0.025531914893617	0	0	0	0	0	0.00425531914893617	0.00425531914893617	0	0	0	0.025531914893617	0.025531914893617	0	0.025531914893617	0	0	0	0	0	0.00425531914893617	0	0	0	0.025531914893617
Nanomia_bijuga	0.0382978723404255	0	0	0	0	0.0382978723404255	0	0	0	0	0.0382978723404255	0	0	0.0382978723404255	0.0382978723404255	0.0382978723404255	0	0	0	0	0	0.0382978723404255	0.0382978723404255	0.0382978723404255	0.0382978723404255	0.0382978723404255	0	0	0.0382978723404255	0.0382978723404255	0	0	0	0.0382978723404255	0	0.0382978723404255	0	0.0382978723404255	0	0	0	0	0.0382978723404255	0.0382978723404255	0.0382978723404255	0.0382978723404255	0	0	0	0.0382978723404255	0.0382978723404255	0.0382978723404255	0	0	0	0.0382978723404255	0	0	0	0	0		0	0.0382978723404255	0	0.0382978723404255	0.0382978723404255	0.0382978723404255	0	0.0382978723404255	0	0	0.0382978723404255	0	0	0	0	0	0	0	0	0	0	0	0	0	0.0382978723404255	0	0	0	0	0	0	0	0	0	0.0382978723404255
Nematostella_vectensis	0	0	0	0	0	0	0	0	0	0	0	0	0	0	0	0	0	0	0	0	0	0	0	0	0	0	0	0	0	0	0	0	0	0	0	0	0	0	0	0	0	0	0	0	0	0	0	0	0	0	0	0	0	0	0	0	0	0	0	0	0	0		0	0	0	0	0	0	0	0	0	0	0	0	0	0	0	0	0	0	0	0	0	0	0	0	0	0	0	0	0	0	0	0	0	0
Oscarella_carmela	1	0	0	0	0.00425531914893617	1	0	0	0	0	1	0	0	0.834042553191489	1	1	0	0	0.0765957446808511	0	0.119148936170213	0.34468085106383	1	1	1	1	0.00425531914893617	0.187234042553191	1	1	0	0	0.00851063829787234	1	0	1	0.11063829787234	1	0.00851063829787234	0.0893617021276596	0	0.00851063829787234	1	1	0.0382978723404255	0.0382978723404255	0.127659574468085	0.0723404255319149	0	1	0.114893617021277	1	0.0680851063829787	0.0468085106382979	0	1	0	0.0936170212765957	0	0	0.025531914893617	0.0382978723404255	0		0	1	0.565957446808511	1	0	1	0	0.604255319148936	1	0	0	0.0638297872340425	0	0	0.0595744680851064	0.153191489361702	0.0297872340425532	0.00425531914893617	0	0.195744680851064	0.114893617021277	0	1	0	0	0	0.00851063829787234	0	0.438297872340426	0.0340425531914894	0	0.0425531914893617	1
Oscarella_species	0	0	0	0	0	0	0	0	0	0	0	0	0	0	0	0	0	0	0	0	0	0	0	0	0	0	0	0	0	0	0	0	0	0	0	0	0	0	0	0	0	0	0	0	0	0	0	0	0	0	0	0	0	0	0	0	0	0	0	0	0	0	0	0		0	0	0	0	0	0	0	0	0	0	0	0	0	0	0	0	0	0	0	0	0	0	0	0	0	0	0	0	0	0	0	0
Pelagia_noctiluca	1	0	0	0	0.00425531914893617	1	0	0	0	0	1	0	0	0.834042553191489	1	1	0	0	0.0765957446808511	0	0.119148936170213	0.34468085106383	1	1	1	1	0.00425531914893617	0.187234042553191	1	1	0	0	0.00851063829787234	1	0	1	0.11063829787234	1	0.00851063829787234	0.0893617021276596	0	0.00851063829787234	1	1	0.0382978723404255	0.0382978723404255	0.127659574468085	0.0723404255319149	0	1	0.114893617021277	1	0.0680851063829787	0.0468085106382979	0	1	0	0.0936170212765957	0	0	0.025531914893617	0.0382978723404255	0	1	0		0.565957446808511	1	0	1	0	0.604255319148936	1	0	0	0.0638297872340425	0	0	0.0595744680851064	0.153191489361702	0.0297872340425532	0.00425531914893617	0	0.195744680851064	0.114893617021277	0	1	0	0	0	0.00851063829787234	0	0.438297872340426	0.0340425531914894	0	0.0425531914893617	1
Pennatula_rubra	0.565957446808511	0	0	0	0	0.565957446808511	0	0	0	0	0.565957446808511	0	0	0.4	0.565957446808511	0.565957446808511	0	0	0.0765957446808511	0	0.119148936170213	0.340425531914894	0.565957446808511	0.565957446808511	0.565957446808511	0.565957446808511	0.00425531914893617	0	0.565957446808511	0.565957446808511	0	0	0.00851063829787234	0.565957446808511	0	0.565957446808511	0.11063829787234	0.565957446808511	0.00425531914893617	0.0893617021276596	0	0.00851063829787234	0.565957446808511	0.565957446808511	0.0382978723404255	0.0382978723404255	0.127659574468085	0.0723404255319149	0	0.565957446808511	0.114893617021277	0.565957446808511	0.0680851063829787	0	0	0.565957446808511	0	0.0936170212765957	0	0	0.025531914893617	0.0382978723404255	0	0.565957446808511	0	0.565957446808511		0.565957446808511	0	0.565957446808511	0	0.174468085106383	0.565957446808511	0	0	0.0638297872340425	0	0	0.0595744680851064	0.153191489361702	0.0297872340425532	0.00425531914893617	0	0.187234042553191	0.114893617021277	0	0.565957446808511	0	0	0	0.00851063829787234	0	0.242553191489362	0.0340425531914894	0	0.0425531914893617	0.565957446808511
Periphylla_periphylla	1	0	0	0	0.00425531914893617	1	0	0	0	0	1	0	0	0.834042553191489	1	1	0	0	0.0765957446808511	0	0.119148936170213	0.34468085106383	1	1	1	1	0.00425531914893617	0.187234042553191	1	1	0	0	0.00851063829787234	1	0	1	0.11063829787234	1	0.00851063829787234	0.0893617021276596	0	0.00851063829787234	1	1	0.0382978723404255	0.0382978723404255	0.127659574468085	0.0723404255319149	0	1	0.114893617021277	1	0.0680851063829787	0.0468085106382979	0	1	0	0.0936170212765957	0	0	0.025531914893617	0.0382978723404255	0	1	0	1	0.565957446808511		0	1	0	0.604255319148936	1	0	0	0.0638297872340425	0	0	0.0595744680851064	0.153191489361702	0.0297872340425532	0.00425531914893617	0	0.195744680851064	0.114893617021277	0	1	0	0	0	0.00851063829787234	0	0.438297872340426	0.0340425531914894	0	0.0425531914893617	1
Petrosia_ficiformis	0	0	0	0	0	0	0	0	0	0	0	0	0	0	0	0	0	0	0	0	0	0	0	0	0	0	0	0	0	0	0	0	0	0	0	0	0	0	0	0	0	0	0	0	0	0	0	0	0	0	0	0	0	0	0	0	0	0	0	0	0	0	0	0	0	0	0	0		0	0	0	0	0	0	0	0	0	0	0	0	0	0	0	0	0	0	0	0	0	0	0	0	0	0	0	0
Pirum_gemmata	1	0	0	0	0.00425531914893617	1	0	0	0	0	1	0	0	0.834042553191489	1	1	0	0	0.0765957446808511	0	0.119148936170213	0.34468085106383	1	1	1	1	0.00425531914893617	0.187234042553191	1	1	0	0	0.00851063829787234	1	0	1	0.11063829787234	1	0.00851063829787234	0.0893617021276596	0	0.00851063829787234	1	1	0.0382978723404255	0.0382978723404255	0.127659574468085	0.0723404255319149	0	1	0.114893617021277	1	0.0680851063829787	0.0468085106382979	0	1	0	0.0936170212765957	0	0	0.025531914893617	0.0382978723404255	0	1	0	1	0.565957446808511	1	0		0	0.604255319148936	1	0	0	0.0638297872340425	0	0	0.0595744680851064	0.153191489361702	0.0297872340425532	0.00425531914893617	0	0.195744680851064	0.114893617021277	0	1	0	0	0	0.00851063829787234	0	0.438297872340426	0.0340425531914894	0	0.0425531914893617	1
Plakina_jani	0	0	0	0	0	0	0	0	0	0	0	0	0	0	0	0	0	0	0	0	0	0	0	0	0	0	0	0	0	0	0	0	0	0	0	0	0	0	0	0	0	0	0	0	0	0	0	0	0	0	0	0	0	0	0	0	0	0	0	0	0	0	0	0	0	0	0	0	0	0		0	0	0	0	0	0	0	0	0	0	0	0	0	0	0	0	0	0	0	0	0	0	0	0	0	0
Pleraplysilla_spinifera	0.604255319148936	0	0	0	0.00425531914893617	0.604255319148936	0	0	0	0	0.604255319148936	0	0	0.438297872340426	0.604255319148936	0.604255319148936	0	0	0.00851063829787234	0	0.0638297872340425	0.00425531914893617	0.604255319148936	0.604255319148936	0.604255319148936	0.604255319148936	0.00425531914893617	0.187234042553191	0.604255319148936	0.604255319148936	0	0	0	0.604255319148936	0	0.604255319148936	0.11063829787234	0.604255319148936	0.00425531914893617	0	0	0.00851063829787234	0.604255319148936	0.604255319148936	0	0	0.0936170212765957	0.0723404255319149	0	0.604255319148936	0	0.604255319148936	0	0.0468085106382979	0	0.604255319148936	0	0.0723404255319149	0	0	0.00425531914893617	0	0	0.604255319148936	0	0.604255319148936	0.174468085106383	0.604255319148936	0	0.604255319148936	0		0.604255319148936	0	0	0	0	0	0.0382978723404255	0	0.00425531914893617	0.00425531914893617	0	0.0723404255319149	0.0638297872340425	0	0.604255319148936	0	0	0	0.00851063829787234	0	0.370212765957447	0.0297872340425532	0	0	0.604255319148936
Pleurobrachia_species	1	0	0	0	0.00425531914893617	1	0	0	0	0	1	0	0	0.834042553191489	1	1	0	0	0.0765957446808511	0	0.119148936170213	0.34468085106383	1	1	1	1	0.00425531914893617	0.187234042553191	1	1	0	0	0.00851063829787234	1	0	1	0.11063829787234	1	0.00851063829787234	0.0893617021276596	0	0.00851063829787234	1	1	0.0382978723404255	0.0382978723404255	0.127659574468085	0.0723404255319149	0	1	0.114893617021277	1	0.0680851063829787	0.0468085106382979	0	1	0	0.0936170212765957	0	0	0.025531914893617	0.0382978723404255	0	1	0	1	0.565957446808511	1	0	1	0	0.604255319148936		0	0	0.0638297872340425	0	0	0.0595744680851064	0.153191489361702	0.0297872340425532	0.00425531914893617	0	0.195744680851064	0.114893617021277	0	1	0	0	0	0.00851063829787234	0	0.438297872340426	0.0340425531914894	0	0.0425531914893617	1
Plumapathes_pennacea	0	0	0	0	0	0	0	0	0	0	0	0	0	0	0	0	0	0	0	0	0	0	0	0	0	0	0	0	0	0	0	0	0	0	0	0	0	0	0	0	0	0	0	0	0	0	0	0	0	0	0	0	0	0	0	0	0	0	0	0	0	0	0	0	0	0	0	0	0	0	0	0	0		0	0	0	0	0	0	0	0	0	0	0	0	0	0	0	0	0	0	0	0	0	0	0
Porites_australiensis	0	0	0	0	0	0	0	0	0	0	0	0	0	0	0	0	0	0	0	0	0	0	0	0	0	0	0	0	0	0	0	0	0	0	0	0	0	0	0	0	0	0	0	0	0	0	0	0	0	0	0	0	0	0	0	0	0	0	0	0	0	0	0	0	0	0	0	0	0	0	0	0	0	0		0	0	0	0	0	0	0	0	0	0	0	0	0	0	0	0	0	0	0	0	0	0
Rossella_fibulata	0.0638297872340425	0	0	0	0	0.0638297872340425	0	0	0	0	0.0638297872340425	0	0	0.0638297872340425	0.0638297872340425	0.0638297872340425	0	0	0	0	0	0.0638297872340425	0.0638297872340425	0.0638297872340425	0.0638297872340425	0.0638297872340425	0	0	0.0638297872340425	0.0638297872340425	0	0	0	0.0638297872340425	0	0.0638297872340425	0	0.0638297872340425	0	0	0	0	0.0638297872340425	0.0638297872340425	0	0	0	0	0	0.0638297872340425	0.00851063829787234	0.0638297872340425	0	0	0	0.0638297872340425	0	0	0	0	0	0	0	0.0638297872340425	0	0.0638297872340425	0.0638297872340425	0.0638297872340425	0	0.0638297872340425	0	0	0.0638297872340425	0	0		0	0	0.00851063829787234	0.0553191489361702	0	0	0	0.0297872340425532	0	0	0.0638297872340425	0	0	0	0	0	0	0.00425531914893617	0	0	0.0638297872340425
Saccoglossus_kowalevskii	0	0	0	0	0	0	0	0	0	0	0	0	0	0	0	0	0	0	0	0	0	0	0	0	0	0	0	0	0	0	0	0	0	0	0	0	0	0	0	0	0	0	0	0	0	0	0	0	0	0	0	0	0	0	0	0	0	0	0	0	0	0	0	0	0	0	0	0	0	0	0	0	0	0	0	0		0	0	0	0	0	0	0	0	0	0	0	0	0	0	0	0	0	0	0	0
Salpingoeca_dolichothecata_16	0	0	0	0	0	0	0	0	0	0	0	0	0	0	0	0	0	0	0	0	0	0	0	0	0	0	0	0	0	0	0	0	0	0	0	0	0	0	0	0	0	0	0	0	0	0	0	0	0	0	0	0	0	0	0	0	0	0	0	0	0	0	0	0	0	0	0	0	0	0	0	0	0	0	0	0	0		0	0	0	0	0	0	0	0	0	0	0	0	0	0	0	0	0	0	0
Salpingoeca_helianthica_18	0.0595744680851064	0	0	0	0	0.0595744680851064	0	0	0	0	0.0595744680851064	0	0	0.0212765957446809	0.0595744680851064	0.0595744680851064	0	0	0.00851063829787234	0	0.0382978723404255	0.0212765957446809	0.0595744680851064	0.0595744680851064	0.0595744680851064	0.0595744680851064	0	0	0.0595744680851064	0.0595744680851064	0	0	0	0.0595744680851064	0	0.0595744680851064	0.0382978723404255	0.0595744680851064	0	0	0	0.00851063829787234	0.0595744680851064	0.0595744680851064	0	0	0.0382978723404255	0.0382978723404255	0	0.0595744680851064	0.0212765957446809	0.0595744680851064	0	0	0	0.0595744680851064	0	0.0382978723404255	0	0	0.00425531914893617	0	0	0.0595744680851064	0	0.0595744680851064	0.0595744680851064	0.0595744680851064	0	0.0595744680851064	0	0.0382978723404255	0.0595744680851064	0	0	0.00851063829787234	0	0		0.0212765957446809	0.00425531914893617	0.00425531914893617	0	0.0595744680851064	0.0382978723404255	0	0.0595744680851064	0	0	0	0.00851063829787234	0	0.0382978723404255	0.0340425531914894	0	0	0.0595744680851064
Salpingoeca_infusionum_12	0.153191489361702	0	0	0	0	0.153191489361702	0	0	0	0	0.153191489361702	0	0	0.153191489361702	0.153191489361702	0.153191489361702	0	0	0.051063829787234	0	0.0382978723404255	0.123404255319149	0.153191489361702	0.153191489361702	0.153191489361702	0.153191489361702	0	0	0.153191489361702	0.153191489361702	0	0	0	0.153191489361702	0	0.153191489361702	0	0.153191489361702	0	0.0595744680851064	0	0	0.153191489361702	0.153191489361702	0	0	0.0340425531914894	0	0	0.153191489361702	0.0212765957446809	0.153191489361702	0.051063829787234	0	0	0.153191489361702	0	0.0212765957446809	0	0	0.00425531914893617	0	0	0.153191489361702	0	0.153191489361702	0.153191489361702	0.153191489361702	0	0.153191489361702	0	0	0.153191489361702	0	0	0.0553191489361702	0	0	0.0212765957446809		0.0212765957446809	0	0	0.102127659574468	0.0340425531914894	0	0.153191489361702	0	0	0	0	0	0.051063829787234	0.00425531914893617	0	0.0425531914893617	0.153191489361702
Salpingoeca_macrocollata_06	0.0297872340425532	0	0	0	0	0.0297872340425532	0	0	0	0	0.0297872340425532	0	0	0.025531914893617	0.0297872340425532	0.0297872340425532	0	0	0.0212765957446809	0	0.0127659574468085	0.025531914893617	0.0297872340425532	0.0297872340425532	0.0297872340425532	0.0297872340425532	0	0	0.0297872340425532	0.0297872340425532	0	0	0	0.0297872340425532	0	0.0297872340425532	0.00425531914893617	0.0297872340425532	0	0.0212765957446809	0	0	0.0297872340425532	0.0297872340425532	0	0	0.0170212765957447	0.00425531914893617	0	0.0297872340425532	0	0.0297872340425532	0.0212765957446809	0	0	0.0297872340425532	0	0.0170212765957447	0	0	0	0	0	0.0297872340425532	0	0.0297872340425532	0.0297872340425532	0.0297872340425532	0	0.0297872340425532	0	0.00425531914893617	0.0297872340425532	0	0	0	0	0	0.00425531914893617	0.0212765957446809		0.00425531914893617	0	0.0297872340425532	0.00425531914893617	0	0.0297872340425532	0	0	0	0	0	0.025531914893617	0	0	0.0127659574468085	0.0297872340425532
Salpingoeca_punica_03	0.00425531914893617	0	0	0	0	0.00425531914893617	0	0	0	0	0.00425531914893617	0	0	0	0.00425531914893617	0.00425531914893617	0	0	0	0	0.00425531914893617	0	0.00425531914893617	0.00425531914893617	0.00425531914893617	0.00425531914893617	0	0	0.00425531914893617	0.00425531914893617	0	0	0	0.00425531914893617	0	0.00425531914893617	0.00425531914893617	0.00425531914893617	0	0	0	0	0.00425531914893617	0.00425531914893617	0	0	0.00425531914893617	0.00425531914893617	0	0.00425531914893617	0	0.00425531914893617	0	0	0	0.00425531914893617	0	0.00425531914893617	0	0	0	0	0	0.00425531914893617	0	0.00425531914893617	0.00425531914893617	0.00425531914893617	0	0.00425531914893617	0	0.00425531914893617	0.00425531914893617	0	0	0	0	0	0.00425531914893617	0	0.00425531914893617		0	0.00425531914893617	0.00425531914893617	0	0.00425531914893617	0	0	0	0	0	0.00425531914893617	0	0	0	0.00425531914893617
Salpingoeca_qvevrii_09	0	0	0	0	0	0	0	0	0	0	0	0	0	0	0	0	0	0	0	0	0	0	0	0	0	0	0	0	0	0	0	0	0	0	0	0	0	0	0	0	0	0	0	0	0	0	0	0	0	0	0	0	0	0	0	0	0	0	0	0	0	0	0	0	0	0	0	0	0	0	0	0	0	0	0	0	0	0	0	0	0	0		0	0	0	0	0	0	0	0	0	0	0	0	0	0
Salpingoeca_roanoka_13	0.195744680851064	0	0	0	0	0.195744680851064	0	0	0	0	0.195744680851064	0	0	0.131914893617021	0.195744680851064	0.195744680851064	0	0	0.0425531914893617	0	0.0851063829787234	0.106382978723404	0.195744680851064	0.195744680851064	0.195744680851064	0.195744680851064	0	0.00425531914893617	0.195744680851064	0.195744680851064	0	0	0	0.195744680851064	0	0.195744680851064	0.0638297872340425	0.195744680851064	0	0.0553191489361702	0	0.00851063829787234	0.195744680851064	0.195744680851064	0	0	0.0893617021276596	0.0638297872340425	0	0.195744680851064	0.0212765957446809	0.195744680851064	0.0340425531914894	0	0	0.195744680851064	0	0.0851063829787234	0	0	0.025531914893617	0	0	0.195744680851064	0	0.195744680851064	0.187234042553191	0.195744680851064	0	0.195744680851064	0	0.0723404255319149	0.195744680851064	0	0	0.0297872340425532	0	0	0.0595744680851064	0.102127659574468	0.0297872340425532	0.00425531914893617	0		0.106382978723404	0	0.195744680851064	0	0	0	0.00851063829787234	0	0.106382978723404	0.0340425531914894	0	0.025531914893617	0.195744680851064
Salpingoeca_rosetta	0.114893617021277	0	0	0	0	0.114893617021277	0	0	0	0	0.114893617021277	0	0	0.051063829787234	0.114893617021277	0.114893617021277	0	0	0.00851063829787234	0	0.0638297872340425	0.0212765957446809	0.114893617021277	0.114893617021277	0.114893617021277	0.114893617021277	0	0	0.114893617021277	0.114893617021277	0	0	0	0.114893617021277	0	0.114893617021277	0.0638297872340425	0.114893617021277	0	0.0212765957446809	0	0.00851063829787234	0.114893617021277	0.114893617021277	0	0	0.0638297872340425	0.0638297872340425	0	0.114893617021277	0	0.114893617021277	0	0	0	0.114893617021277	0	0.0638297872340425	0	0	0.025531914893617	0	0	0.114893617021277	0	0.114893617021277	0.114893617021277	0.114893617021277	0	0.114893617021277	0	0.0638297872340425	0.114893617021277	0	0	0	0	0	0.0382978723404255	0.0340425531914894	0.00425531914893617	0.00425531914893617	0	0.106382978723404		0	0.114893617021277	0	0	0	0.00851063829787234	0	0.0638297872340425	0.0297872340425532	0	0	0.114893617021277
Salpingoeca_urceolata_04	0	0	0	0	0	0	0	0	0	0	0	0	0	0	0	0	0	0	0	0	0	0	0	0	0	0	0	0	0	0	0	0	0	0	0	0	0	0	0	0	0	0	0	0	0	0	0	0	0	0	0	0	0	0	0	0	0	0	0	0	0	0	0	0	0	0	0	0	0	0	0	0	0	0	0	0	0	0	0	0	0	0	0	0	0		0	0	0	0	0	0	0	0	0	0	0
Sphaeroforma_arctica_JP610	1	0	0	0	0.00425531914893617	1	0	0	0	0	1	0	0	0.834042553191489	1	1	0	0	0.0765957446808511	0	0.119148936170213	0.34468085106383	1	1	1	1	0.00425531914893617	0.187234042553191	1	1	0	0	0.00851063829787234	1	0	1	0.11063829787234	1	0.00851063829787234	0.0893617021276596	0	0.00851063829787234	1	1	0.0382978723404255	0.0382978723404255	0.127659574468085	0.0723404255319149	0	1	0.114893617021277	1	0.0680851063829787	0.0468085106382979	0	1	0	0.0936170212765957	0	0	0.025531914893617	0.0382978723404255	0	1	0	1	0.565957446808511	1	0	1	0	0.604255319148936	1	0	0	0.0638297872340425	0	0	0.0595744680851064	0.153191489361702	0.0297872340425532	0.00425531914893617	0	0.195744680851064	0.114893617021277	0		0	0	0	0.00851063829787234	0	0.438297872340426	0.0340425531914894	0	0.0425531914893617	1
Spongilla_lacustris	0	0	0	0	0	0	0	0	0	0	0	0	0	0	0	0	0	0	0	0	0	0	0	0	0	0	0	0	0	0	0	0	0	0	0	0	0	0	0	0	0	0	0	0	0	0	0	0	0	0	0	0	0	0	0	0	0	0	0	0	0	0	0	0	0	0	0	0	0	0	0	0	0	0	0	0	0	0	0	0	0	0	0	0	0	0	0		0	0	0	0	0	0	0	0	0
Stephanoeca_diplocostata_AUFR	0	0	0	0	0	0	0	0	0	0	0	0	0	0	0	0	0	0	0	0	0	0	0	0	0	0	0	0	0	0	0	0	0	0	0	0	0	0	0	0	0	0	0	0	0	0	0	0	0	0	0	0	0	0	0	0	0	0	0	0	0	0	0	0	0	0	0	0	0	0	0	0	0	0	0	0	0	0	0	0	0	0	0	0	0	0	0	0		0	0	0	0	0	0	0	0
Stomolophus_meleagris	0	0	0	0	0	0	0	0	0	0	0	0	0	0	0	0	0	0	0	0	0	0	0	0	0	0	0	0	0	0	0	0	0	0	0	0	0	0	0	0	0	0	0	0	0	0	0	0	0	0	0	0	0	0	0	0	0	0	0	0	0	0	0	0	0	0	0	0	0	0	0	0	0	0	0	0	0	0	0	0	0	0	0	0	0	0	0	0	0		0	0	0	0	0	0	0
Strongylocentrotus_purpuratus	0.00851063829787234	0	0	0	0	0.00851063829787234	0	0	0	0	0.00851063829787234	0	0	0	0.00851063829787234	0.00851063829787234	0	0	0.00851063829787234	0	0.00851063829787234	0	0.00851063829787234	0.00851063829787234	0.00851063829787234	0.00851063829787234	0	0	0.00851063829787234	0.00851063829787234	0	0	0	0.00851063829787234	0	0.00851063829787234	0.00851063829787234	0.00851063829787234	0	0	0	0.00851063829787234	0.00851063829787234	0.00851063829787234	0	0	0.00851063829787234	0.00851063829787234	0	0.00851063829787234	0	0.00851063829787234	0	0	0	0.00851063829787234	0	0.00851063829787234	0	0	0	0	0	0.00851063829787234	0	0.00851063829787234	0.00851063829787234	0.00851063829787234	0	0.00851063829787234	0	0.00851063829787234	0.00851063829787234	0	0	0	0	0	0.00851063829787234	0	0	0	0	0.00851063829787234	0.00851063829787234	0	0.00851063829787234	0	0	0		0	0.00851063829787234	0.00851063829787234	0	0	0.00851063829787234
Sycon_ciliatum	0	0	0	0	0	0	0	0	0	0	0	0	0	0	0	0	0	0	0	0	0	0	0	0	0	0	0	0	0	0	0	0	0	0	0	0	0	0	0	0	0	0	0	0	0	0	0	0	0	0	0	0	0	0	0	0	0	0	0	0	0	0	0	0	0	0	0	0	0	0	0	0	0	0	0	0	0	0	0	0	0	0	0	0	0	0	0	0	0	0	0		0	0	0	0	0
Sycon_coactum	0.438297872340426	0	0	0	0.00425531914893617	0.438297872340426	0	0	0	0	0.438297872340426	0	0	0.272340425531915	0.438297872340426	0.438297872340426	0	0	0.0765957446808511	0	0.119148936170213	0.0723404255319149	0.438297872340426	0.438297872340426	0.438297872340426	0.438297872340426	0.00425531914893617	0.00851063829787234	0.438297872340426	0.438297872340426	0	0	0.00851063829787234	0.438297872340426	0	0.438297872340426	0.11063829787234	0.438297872340426	0	0.0680851063829787	0	0.00851063829787234	0.438297872340426	0.438297872340426	0	0	0.127659574468085	0.0723404255319149	0	0.438297872340426	0	0.438297872340426	0.0680851063829787	0.0468085106382979	0	0.438297872340426	0	0.0936170212765957	0	0	0.00425531914893617	0	0	0.438297872340426	0	0.438297872340426	0.242553191489362	0.438297872340426	0	0.438297872340426	0	0.370212765957447	0.438297872340426	0	0	0	0	0	0.0382978723404255	0.051063829787234	0.025531914893617	0.00425531914893617	0	0.106382978723404	0.0638297872340425	0	0.438297872340426	0	0	0	0.00851063829787234	0		0.0297872340425532	0	0.0425531914893617	0.438297872340426
Sympagella_nux	0.0340425531914894	0	0	0	0	0.0340425531914894	0	0	0	0	0.0340425531914894	0	0	0.00425531914893617	0.0340425531914894	0.0340425531914894	0	0	0.00851063829787234	0	0.0297872340425532	0.00425531914893617	0.0340425531914894	0.0340425531914894	0.0340425531914894	0.0340425531914894	0	0	0.0340425531914894	0.0340425531914894	0	0	0	0.0340425531914894	0	0.0340425531914894	0.0297872340425532	0.0340425531914894	0	0	0	0.00851063829787234	0.0340425531914894	0.0340425531914894	0	0	0.0297872340425532	0.0297872340425532	0	0.0340425531914894	0.00425531914893617	0.0340425531914894	0	0	0	0.0340425531914894	0	0.0297872340425532	0	0	0	0	0	0.0340425531914894	0	0.0340425531914894	0.0340425531914894	0.0340425531914894	0	0.0340425531914894	0	0.0297872340425532	0.0340425531914894	0	0	0.00425531914893617	0	0	0.0340425531914894	0.00425531914893617	0	0	0	0.0340425531914894	0.0297872340425532	0	0.0340425531914894	0	0	0	0.00851063829787234	0	0.0297872340425532		0	0	0.0340425531914894
Tribolium_castaneum	0	0	0	0	0	0	0	0	0	0	0	0	0	0	0	0	0	0	0	0	0	0	0	0	0	0	0	0	0	0	0	0	0	0	0	0	0	0	0	0	0	0	0	0	0	0	0	0	0	0	0	0	0	0	0	0	0	0	0	0	0	0	0	0	0	0	0	0	0	0	0	0	0	0	0	0	0	0	0	0	0	0	0	0	0	0	0	0	0	0	0	0	0	0		0	0
Trichoplax_adhaerens	0.0425531914893617	0	0	0	0	0.0425531914893617	0	0	0	0	0.0425531914893617	0	0	0.0425531914893617	0.0425531914893617	0.0425531914893617	0	0	0.0425531914893617	0	0.0382978723404255	0.0425531914893617	0.0425531914893617	0.0425531914893617	0.0425531914893617	0.0425531914893617	0	0	0.0425531914893617	0.0425531914893617	0	0	0	0.0425531914893617	0	0.0425531914893617	0	0.0425531914893617	0	0.0425531914893617	0	0	0.0425531914893617	0.0425531914893617	0	0	0.0340425531914894	0	0	0.0425531914893617	0	0.0425531914893617	0.0425531914893617	0	0	0.0425531914893617	0	0.0212765957446809	0	0	0	0	0	0.0425531914893617	0	0.0425531914893617	0.0425531914893617	0.0425531914893617	0	0.0425531914893617	0	0	0.0425531914893617	0	0	0	0	0	0	0.0425531914893617	0.0127659574468085	0	0	0.025531914893617	0	0	0.0425531914893617	0	0	0	0	0	0.0425531914893617	0	0		0.0425531914893617
Vallicula_multiformis	1	0	0	0	0.00425531914893617	1	0	0	0	0	1	0	0	0.834042553191489	1	1	0	0	0.0765957446808511	0	0.119148936170213	0.34468085106383	1	1	1	1	0.00425531914893617	0.187234042553191	1	1	0	0	0.00851063829787234	1	0	1	0.11063829787234	1	0.00851063829787234	0.0893617021276596	0	0.00851063829787234	1	1	0.0382978723404255	0.0382978723404255	0.127659574468085	0.0723404255319149	0	1	0.114893617021277	1	0.0680851063829787	0.0468085106382979	0	1	0	0.0936170212765957	0	0	0.025531914893617	0.0382978723404255	0	1	0	1	0.565957446808511	1	0	1	0	0.604255319148936	1	0	0	0.0638297872340425	0	0	0.0595744680851064	0.153191489361702	0.0297872340425532	0.00425531914893617	0	0.195744680851064	0.114893617021277	0	1	0	0	0	0.00851063829787234	0	0.438297872340426	0.0340425531914894	0	0.0425531914893617	
