	Abeoforma_whisleri	Acanthoeca_sp_10tr	Acanthoeca_spectabilis_VA_02	Aiptasia_pallida	Alatina_alata	Amoebidium_parasiticum_JAP72	Amphimedon_queenslandica	Antipathes_caribbeana	Aphrocallistes_vastus	Aplysia_californica	Atolla_vanhoeffeni	Aurelia_aurita	Beroe_abyssicola	Beroe_sp	Bolinopsis_infundibulum	Bolocera_tuedia	Branchiostoma_floridae	Capitella_teleta	Capsaspora_owczarzaki_atcc30864	Cestum_veneris	Choanoeca_perplexa_11	Chondrilla_nucula	Clathrina_coriacea	Clytia_hemisphaerica	Codosiga_hollandica_17	Coeloplana_species	Corticium_candelabrum	Craspedacusta_sowerbyi	Crassostrea_gigas	Creolimax_fragrantissima	Daphnia_pulex	Diaphanoeca_grandis_RI_01	Didymoeca_costata_10	Dryodora_glandiformis	Edwardsiella_lineata	Ephydatia_muelleri	Euplectella_aspergillum	Euplokamis_dunlapae	Gorgonia_ventalina	Grantia_compressa	Helobdella_robusta	Homo_sapiens	Hormiphora_californensis	Hyalonema_populiferum	Hydra_magnipapillata	Hydractinia_polyclina	Ircinia_fasciculata	Ixodes_scapularis	Kirkpatrickia_variolosa	Lampea_pancerina	Latrunculia_apicalis	Leuconia_nivea	Leucosolenia_complicata	Liriope_tetraphylla	Lucernariopsis_campanulata	Ministeria_vibrans	Mnemiopsis_leidyi	Monosiga_brevicollis_mx1	Montastraea_faveolata	Mycale_phyllophila	Mylnosiga_fluctuans_19	Nanomia_bijuga	Nematostella_vectensis	Oscarella_carmela	Oscarella_species	Pelagia_noctiluca	Pennatula_rubra	Periphylla_periphylla	Petrosia_ficiformis	Pirum_gemmata	Plakina_jani	Pleraplysilla_spinifera	Pleurobrachia_species	Plumapathes_pennacea	Porites_australiensis	Rossella_fibulata	Saccoglossus_kowalevskii	Salpingoeca_dolichothecata_16	Salpingoeca_helianthica_18	Salpingoeca_infusionum_12	Salpingoeca_macrocollata_06	Salpingoeca_punica_03	Salpingoeca_qvevrii_09	Salpingoeca_roanoka_13	Salpingoeca_rosetta	Salpingoeca_urceolata_04	Sphaeroforma_arctica_JP610	Spongilla_lacustris	Stephanoeca_diplocostata_AUFR	Stomolophus_meleagris	Strongylocentrotus_purpuratus	Sycon_ciliatum	Sycon_coactum	Sympagella_nux	Tribolium_castaneum	Trichoplax_adhaerens	Vallicula_multiformis
Abeoforma_whisleri		0	0	0	0	0	0	0	0	0	0	0	0	0	0	0	0	0	0	0	0	0	0	0	0	0	0	0	0	0	0	0	0	0	0	0	0	0	0	0	0	0	0	0	0	0	0	0	0	0	0	0	0	0	0	0	0	0	0	0	0	0	0	0	0	0	0	0	0	0	0	0	0	0	0	0	0	0	0	0	0	0	0	0	0	0	0	0	0	0	0	0	0	0	0	0	0
Acanthoeca_sp_10tr	0		0	0	0	0	0	0	0	0	0	0	0	0	0	0	0	0	0	0	0	0	0	0	0	0	0	0	0	0	0	0	0	0	0	0	0	0	0	0	0	0	0	0	0	0	0	0	0	0	0	0	0	0	0	0	0	0	0	0	0	0	0	0	0	0	0	0	0	0	0	0	0	0	0	0	0	0	0	0	0	0	0	0	0	0	0	0	0	0	0	0	0	0	0	0	0
Acanthoeca_spectabilis_VA_02	0	0		0	0	0	0	0	0	0	0	0	0	0	0	0	0	0	0	0	0	0	0	0	0	0	0	0	0	0	0	0	0	0	0	0	0	0	0	0	0	0	0	0	0	0	0	0	0	0	0	0	0	0	0	0	0	0	0	0	0	0	0	0	0	0	0	0	0	0	0	0	0	0	0	0	0	0	0	0	0	0	0	0	0	0	0	0	0	0	0	0	0	0	0	0	0
Aiptasia_pallida	0	0	0		0.935	0	0.895	0	0	0.855	0.9	0.955	0.345	0	0.57	0.34	0	0.91	0.68	0.655	0.705	0	0	0.235	0	0.925	0.575	0.645	0.35	0	0.82	0	0	0.855	0.665	0.47	0.53	0	0	0.71	0.85	0.87	0.895	0	0.495	0.64	0.38	0	0.835	0.955	0.46	0	0.925	0.67	0.945	0	0.935	0.82	0	0.605	0	0.935	0.92	0	0.945	0.495	0	0.245	0.88	0	0.7	0.63	0.9	0	0	0.7	0.895	0	0.76	0.82	0	0.9	0.85	0.8	0.765	0.76	0	0.95	0	0.93	0.89	0.945	0.95	0	0.83	0.92	0.95
Alatina_alata	0	0	0	0.935		0	0.895	0	0	0.835	0.915	0.96	0.345	0	0.585	0.35	0	0.905	0.66	0.65	0.71	0	0	0.215	0	0.935	0.58	0.665	0.33	0	0.8	0	0	0.88	0.69	0.495	0.53	0	0	0.725	0.835	0.865	0.905	0	0.52	0.64	0.365	0	0.82	0.965	0.48	0	0.93	0.67	0.945	0	0.96	0.84	0	0.59	0	0.94	0.925	0	0.96	0.49	0	0.245	0.88	0	0.705	0.61	0.91	0	0	0.715	0.89	0	0.74	0.82	0	0.895	0.845	0.785	0.77	0.79	0	0.96	0	0.93	0.905	0.925	0.945	0	0.815	0.915	0.96
Amoebidium_parasiticum_JAP72	0	0	0	0	0		0	0	0	0	0	0	0	0	0	0	0	0	0	0	0	0	0	0	0	0	0	0	0	0	0	0	0	0	0	0	0	0	0	0	0	0	0	0	0	0	0	0	0	0	0	0	0	0	0	0	0	0	0	0	0	0	0	0	0	0	0	0	0	0	0	0	0	0	0	0	0	0	0	0	0	0	0	0	0	0	0	0	0	0	0	0	0	0	0	0	0
Amphimedon_queenslandica	0	0	0	0.895	0.895	0		0	0	0.805	0.87	0.915	0.33	0	0.535	0.3	0	0.905	0.66	0.64	0.695	0	0	0.24	0	0.89	0.525	0.595	0.355	0	0.815	0	0	0.815	0.62	0.445	0.53	0	0	0.665	0.84	0.835	0.86	0	0.455	0.595	0.35	0	0.83	0.92	0.425	0	0.895	0.63	0.905	0	0.895	0.825	0	0.585	0	0.895	0.875	0	0.91	0.46	0	0.245	0.84	0	0.67	0.6	0.865	0	0	0.7	0.885	0	0.74	0.79	0	0.85	0.81	0.78	0.73	0.73	0	0.915	0	0.88	0.855	0.9	0.91	0	0.82	0.875	0.915
Antipathes_caribbeana	0	0	0	0	0	0	0		0	0	0	0	0	0	0	0	0	0	0	0	0	0	0	0	0	0	0	0	0	0	0	0	0	0	0	0	0	0	0	0	0	0	0	0	0	0	0	0	0	0	0	0	0	0	0	0	0	0	0	0	0	0	0	0	0	0	0	0	0	0	0	0	0	0	0	0	0	0	0	0	0	0	0	0	0	0	0	0	0	0	0	0	0	0	0	0	0
Aphrocallistes_vastus	0	0	0	0	0	0	0	0		0	0	0	0	0	0	0	0	0	0	0	0	0	0	0	0	0	0	0	0	0	0	0	0	0	0	0	0	0	0	0	0	0	0	0	0	0	0	0	0	0	0	0	0	0	0	0	0	0	0	0	0	0	0	0	0	0	0	0	0	0	0	0	0	0	0	0	0	0	0	0	0	0	0	0	0	0	0	0	0	0	0	0	0	0	0	0	0
Aplysia_californica	0	0	0	0.855	0.835	0	0.805	0	0		0.83	0.87	0.32	0	0.515	0.3	0	0.82	0.675	0.585	0.65	0	0	0.25	0	0.84	0.51	0.59	0.3	0	0.755	0	0	0.82	0.6	0.38	0.515	0	0	0.615	0.775	0.835	0.81	0	0.475	0.545	0.34	0	0.775	0.87	0.37	0	0.86	0.62	0.86	0	0.845	0.725	0	0.525	0	0.85	0.865	0	0.85	0.485	0	0.21	0.82	0	0.615	0.565	0.815	0	0	0.665	0.815	0	0.685	0.74	0	0.83	0.785	0.725	0.735	0.685	0	0.855	0	0.845	0.83	0.86	0.865	0	0.755	0.855	0.865
Atolla_vanhoeffeni	0	0	0	0.9	0.915	0	0.87	0	0	0.83		0.93	0.3	0	0.58	0.35	0	0.87	0.665	0.6	0.685	0	0	0.23	0	0.905	0.58	0.62	0.345	0	0.795	0	0	0.83	0.645	0.475	0.53	0	0	0.68	0.835	0.835	0.875	0	0.505	0.615	0.38	0	0.795	0.935	0.46	0	0.9	0.645	0.915	0	0.91	0.79	0	0.58	0	0.91	0.89	0	0.93	0.5	0	0.245	0.885	0	0.675	0.605	0.88	0	0	0.67	0.86	0	0.71	0.81	0	0.87	0.83	0.765	0.75	0.765	0	0.93	0	0.895	0.9	0.895	0.915	0	0.785	0.885	0.93
Aurelia_aurita	0	0	0	0.955	0.96	0	0.915	0	0	0.87	0.93		0.345	0	0.595	0.35	0	0.935	0.695	0.665	0.71	0	0	0.25	0	0.965	0.58	0.66	0.355	0	0.835	0	0	0.89	0.69	0.49	0.53	0	0	0.72	0.85	0.9	0.935	0	0.52	0.66	0.385	0	0.855	0.995	0.475	0	0.96	0.685	0.98	0	0.97	0.835	0	0.61	0	0.975	0.955	0	0.975	0.52	0	0.245	0.91	0	0.74	0.645	0.94	0	0	0.715	0.915	0	0.775	0.835	0	0.925	0.865	0.805	0.785	0.785	0	0.98	0	0.96	0.92	0.96	0.975	0	0.85	0.95	0.99
Beroe_abyssicola	0	0	0	0.345	0.345	0	0.33	0	0	0.32	0.3	0.345		0	0	0	0	0.345	0.27	0.325	0.27	0	0	0	0	0.345	0.2	0.315	0	0	0.295	0	0	0.345	0.325	0.065	0.195	0	0	0.34	0.3	0.33	0.335	0	0.285	0.22	0	0	0.305	0.345	0.065	0	0.34	0.12	0.345	0	0.345	0.32	0	0.065	0	0.33	0.345	0	0.345	0	0	0	0.27	0	0.1	0.065	0.345	0	0	0.31	0.34	0	0.285	0.265	0	0.335	0.3	0.285	0.27	0.24	0	0.34	0	0.33	0.325	0.34	0.34	0	0.3	0.335	0.345
Beroe_sp	0	0	0	0	0	0	0	0	0	0	0	0	0		0	0	0	0	0	0	0	0	0	0	0	0	0	0	0	0	0	0	0	0	0	0	0	0	0	0	0	0	0	0	0	0	0	0	0	0	0	0	0	0	0	0	0	0	0	0	0	0	0	0	0	0	0	0	0	0	0	0	0	0	0	0	0	0	0	0	0	0	0	0	0	0	0	0	0	0	0	0	0	0	0	0	0
Bolinopsis_infundibulum	0	0	0	0.57	0.585	0	0.535	0	0	0.515	0.58	0.595	0	0		0.325	0	0.54	0.405	0.34	0.44	0	0	0.23	0	0.575	0.36	0.33	0.335	0	0.515	0	0	0.515	0.33	0.395	0.33	0	0	0.36	0.52	0.535	0.555	0	0.205	0.395	0.36	0	0.505	0.6	0.39	0	0.575	0.535	0.585	0	0.6	0.49	0	0.525	0	0.59	0.56	0	0.585	0.48	0	0.245	0.6	0	0.59	0.55	0.55	0	0	0.38	0.525	0	0.465	0.53	0	0.56	0.54	0.5	0.48	0.535	0	0.59	0	0.59	0.57	0.575	0.595	0	0.52	0.575	0.595
Bolocera_tuedia	0	0	0	0.34	0.35	0	0.3	0	0	0.3	0.35	0.35	0	0	0.325		0	0.295	0.205	0.2	0.19	0	0	0	0	0.32	0.315	0.34	0.08	0	0.255	0	0	0.3	0.35	0.35	0.18	0	0	0.35	0.285	0.305	0.335	0	0.22	0.35	0.255	0	0.265	0.35	0.35	0	0.345	0.315	0.345	0	0.345	0.26	0	0.275	0	0.35	0.35	0	0.345	0.295	0	0	0.35	0	0.34	0.295	0.335	0	0	0.215	0.285	0	0.245	0.34	0	0.3	0.31	0.255	0.305	0.285	0	0.35	0	0.35	0.32	0.335	0.35	0	0.265	0.345	0.35
Branchiostoma_floridae	0	0	0	0	0	0	0	0	0	0	0	0	0	0	0	0		0	0	0	0	0	0	0	0	0	0	0	0	0	0	0	0	0	0	0	0	0	0	0	0	0	0	0	0	0	0	0	0	0	0	0	0	0	0	0	0	0	0	0	0	0	0	0	0	0	0	0	0	0	0	0	0	0	0	0	0	0	0	0	0	0	0	0	0	0	0	0	0	0	0	0	0	0	0	0	0
Capitella_teleta	0	0	0	0.91	0.905	0	0.905	0	0	0.82	0.87	0.935	0.345	0	0.54	0.295	0		0.67	0.665	0.71	0	0	0.245	0	0.905	0.53	0.605	0.35	0	0.83	0	0	0.835	0.635	0.435	0.53	0	0	0.665	0.85	0.86	0.875	0	0.465	0.6	0.345	0	0.85	0.935	0.42	0	0.9	0.625	0.92	0	0.915	0.83	0	0.59	0	0.915	0.9	0	0.915	0.46	0	0.245	0.85	0	0.68	0.605	0.88	0	0	0.715	0.9	0	0.76	0.78	0	0.88	0.805	0.78	0.725	0.73	0	0.92	0	0.9	0.86	0.915	0.915	0	0.845	0.89	0.93
Capsaspora_owczarzaki_atcc30864	0	0	0	0.68	0.66	0	0.66	0	0	0.675	0.665	0.695	0.27	0	0.405	0.205	0	0.67		0.51	0.545	0	0	0.22	0	0.68	0.37	0.46	0.275	0	0.67	0	0	0.63	0.455	0.26	0.485	0	0	0.475	0.65	0.695	0.665	0	0.34	0.39	0.255	0	0.64	0.695	0.26	0	0.695	0.475	0.69	0	0.675	0.61	0	0.46	0	0.685	0.69	0	0.68	0.42	0	0.18	0.665	0	0.48	0.46	0.655	0	0	0.56	0.665	0	0.59	0.59	0	0.685	0.645	0.63	0.625	0.605	0	0.685	0	0.67	0.665	0.695	0.695	0	0.63	0.69	0.69
Cestum_veneris	0	0	0	0.655	0.65	0	0.64	0	0	0.585	0.6	0.665	0.325	0	0.34	0.2	0	0.665	0.51		0.53	0	0	0.105	0	0.64	0.46	0.49	0.21	0	0.615	0	0	0.58	0.51	0.31	0.425	0	0	0.55	0.61	0.61	0.615	0	0.34	0.465	0.28	0	0.59	0.665	0.3	0	0.64	0.395	0.665	0	0.665	0.59	0	0.375	0	0.65	0.63	0	0.65	0.28	0	0.12	0.59	0	0.415	0.365	0.655	0	0	0.475	0.635	0	0.605	0.56	0	0.655	0.585	0.59	0.485	0.525	0	0.65	0	0.665	0.615	0.66	0.66	0	0.62	0.64	0.665
Choanoeca_perplexa_11	0	0	0	0.705	0.71	0	0.695	0	0	0.65	0.685	0.71	0.27	0	0.44	0.19	0	0.71	0.545	0.53		0	0	0.21	0	0.69	0.415	0.445	0.3	0	0.68	0	0	0.645	0.45	0.275	0.46	0	0	0.485	0.69	0.66	0.665	0	0.33	0.41	0.27	0	0.685	0.71	0.275	0	0.68	0.47	0.7	0	0.71	0.66	0	0.46	0	0.695	0.675	0	0.71	0.33	0	0.24	0.665	0	0.475	0.44	0.665	0	0	0.585	0.705	0	0.625	0.64	0	0.7	0.66	0.69	0.6	0.605	0	0.705	0	0.705	0.685	0.7	0.7	0	0.695	0.685	0.705
Chondrilla_nucula	0	0	0	0	0	0	0	0	0	0	0	0	0	0	0	0	0	0	0	0	0		0	0	0	0	0	0	0	0	0	0	0	0	0	0	0	0	0	0	0	0	0	0	0	0	0	0	0	0	0	0	0	0	0	0	0	0	0	0	0	0	0	0	0	0	0	0	0	0	0	0	0	0	0	0	0	0	0	0	0	0	0	0	0	0	0	0	0	0	0	0	0	0	0	0	0
Clathrina_coriacea	0	0	0	0	0	0	0	0	0	0	0	0	0	0	0	0	0	0	0	0	0	0		0	0	0	0	0	0	0	0	0	0	0	0	0	0	0	0	0	0	0	0	0	0	0	0	0	0	0	0	0	0	0	0	0	0	0	0	0	0	0	0	0	0	0	0	0	0	0	0	0	0	0	0	0	0	0	0	0	0	0	0	0	0	0	0	0	0	0	0	0	0	0	0	0	0
Clytia_hemisphaerica	0	0	0	0.235	0.215	0	0.24	0	0	0.25	0.23	0.25	0	0	0.23	0	0	0.245	0.22	0.105	0.21	0	0		0	0.25	0.03	0	0.24	0	0.25	0	0	0.23	0	0.03	0.155	0	0	0	0.23	0.25	0.215	0	0	0.05	0.105	0	0.25	0.25	0.02	0	0.25	0.23	0.245	0	0.23	0.21	0	0.23	0	0.245	0.245	0	0.235	0.225	0	0.21	0.25	0	0.25	0.25	0.21	0	0	0.175	0.24	0	0.21	0.195	0	0.24	0.22	0.23	0.205	0.21	0	0.24	0	0.24	0.23	0.25	0.25	0	0.245	0.25	0.245
Codosiga_hollandica_17	0	0	0	0	0	0	0	0	0	0	0	0	0	0	0	0	0	0	0	0	0	0	0	0		0	0	0	0	0	0	0	0	0	0	0	0	0	0	0	0	0	0	0	0	0	0	0	0	0	0	0	0	0	0	0	0	0	0	0	0	0	0	0	0	0	0	0	0	0	0	0	0	0	0	0	0	0	0	0	0	0	0	0	0	0	0	0	0	0	0	0	0	0	0	0	0
Coeloplana_species	0	0	0	0.925	0.935	0	0.89	0	0	0.84	0.905	0.965	0.345	0	0.575	0.32	0	0.905	0.68	0.64	0.69	0	0	0.25	0		0.555	0.635	0.33	0	0.805	0	0	0.865	0.66	0.465	0.5	0	0	0.695	0.825	0.87	0.925	0	0.52	0.63	0.355	0	0.825	0.97	0.45	0	0.94	0.665	0.955	0	0.95	0.84	0	0.58	0	0.945	0.925	0	0.955	0.49	0	0.245	0.885	0	0.715	0.615	0.93	0	0	0.685	0.89	0	0.745	0.81	0	0.895	0.865	0.795	0.785	0.775	0	0.955	0	0.93	0.9	0.93	0.95	0	0.82	0.925	0.965
Corticium_candelabrum	0	0	0	0.575	0.58	0	0.525	0	0	0.51	0.58	0.58	0.2	0	0.36	0.315	0	0.53	0.37	0.46	0.415	0	0	0.03	0	0.555		0.475	0.145	0	0.475	0	0	0.5	0.515	0.38	0.37	0	0	0.54	0.525	0.49	0.555	0	0.36	0.455	0.285	0	0.465	0.58	0.37	0	0.555	0.345	0.58	0	0.58	0.47	0	0.31	0	0.57	0.545	0	0.58	0.29	0	0.065	0.56	0	0.38	0.335	0.57	0	0	0.355	0.52	0	0.465	0.54	0	0.535	0.515	0.475	0.43	0.49	0	0.575	0	0.58	0.55	0.565	0.575	0	0.47	0.555	0.58
Craspedacusta_sowerbyi	0	0	0	0.645	0.665	0	0.595	0	0	0.59	0.62	0.66	0.315	0	0.33	0.34	0	0.605	0.46	0.49	0.445	0	0	0	0	0.635	0.475		0.075	0	0.515	0	0	0.62	0.64	0.41	0.34	0	0	0.655	0.55	0.625	0.64	0	0.505	0.565	0.255	0	0.56	0.665	0.415	0	0.65	0.44	0.65	0	0.66	0.57	0	0.34	0	0.65	0.66	0	0.66	0.29	0	0	0.595	0	0.435	0.355	0.65	0	0	0.515	0.595	0	0.51	0.595	0	0.605	0.61	0.515	0.575	0.53	0	0.665	0	0.645	0.625	0.635	0.655	0	0.56	0.645	0.665
Crassostrea_gigas	0	0	0	0.35	0.33	0	0.355	0	0	0.3	0.345	0.355	0	0	0.335	0.08	0	0.35	0.275	0.21	0.3	0	0	0.24	0	0.33	0.145	0.075		0	0.355	0	0	0.28	0.08	0.145	0.23	0	0	0.11	0.345	0.315	0.31	0	0	0.165	0.2	0	0.335	0.355	0.135	0	0.335	0.315	0.35	0	0.335	0.295	0	0.345	0	0.35	0.315	0	0.35	0.29	0	0.245	0.355	0	0.355	0.355	0.305	0	0	0.235	0.34	0	0.315	0.31	0	0.345	0.31	0.33	0.245	0.31	0	0.355	0	0.345	0.335	0.355	0.355	0	0.35	0.335	0.35
Creolimax_fragrantissima	0	0	0	0	0	0	0	0	0	0	0	0	0	0	0	0	0	0	0	0	0	0	0	0	0	0	0	0	0		0	0	0	0	0	0	0	0	0	0	0	0	0	0	0	0	0	0	0	0	0	0	0	0	0	0	0	0	0	0	0	0	0	0	0	0	0	0	0	0	0	0	0	0	0	0	0	0	0	0	0	0	0	0	0	0	0	0	0	0	0	0	0	0	0	0	0
Daphnia_pulex	0	0	0	0.82	0.8	0	0.815	0	0	0.755	0.795	0.835	0.295	0	0.515	0.255	0	0.83	0.67	0.615	0.68	0	0	0.25	0	0.805	0.475	0.515	0.355	0		0	0	0.73	0.53	0.385	0.515	0	0	0.575	0.795	0.78	0.785	0	0.37	0.51	0.35	0	0.78	0.835	0.375	0	0.805	0.565	0.825	0	0.81	0.73	0	0.585	0	0.825	0.795	0	0.815	0.425	0	0.245	0.795	0	0.6	0.585	0.78	0	0	0.635	0.805	0	0.725	0.705	0	0.815	0.74	0.74	0.66	0.675	0	0.82	0	0.81	0.78	0.83	0.83	0	0.77	0.8	0.83
Diaphanoeca_grandis_RI_01	0	0	0	0	0	0	0	0	0	0	0	0	0	0	0	0	0	0	0	0	0	0	0	0	0	0	0	0	0	0	0		0	0	0	0	0	0	0	0	0	0	0	0	0	0	0	0	0	0	0	0	0	0	0	0	0	0	0	0	0	0	0	0	0	0	0	0	0	0	0	0	0	0	0	0	0	0	0	0	0	0	0	0	0	0	0	0	0	0	0	0	0	0	0	0	0
Didymoeca_costata_10	0	0	0	0	0	0	0	0	0	0	0	0	0	0	0	0	0	0	0	0	0	0	0	0	0	0	0	0	0	0	0	0		0	0	0	0	0	0	0	0	0	0	0	0	0	0	0	0	0	0	0	0	0	0	0	0	0	0	0	0	0	0	0	0	0	0	0	0	0	0	0	0	0	0	0	0	0	0	0	0	0	0	0	0	0	0	0	0	0	0	0	0	0	0	0	0
Dryodora_glandiformis	0	0	0	0.855	0.88	0	0.815	0	0	0.82	0.83	0.89	0.345	0	0.515	0.3	0	0.835	0.63	0.58	0.645	0	0	0.23	0	0.865	0.5	0.62	0.28	0	0.73	0	0		0.64	0.41	0.505	0	0	0.645	0.75	0.835	0.835	0	0.495	0.555	0.32	0	0.77	0.895	0.395	0	0.88	0.615	0.875	0	0.89	0.755	0	0.51	0	0.87	0.89	0	0.875	0.46	0	0.21	0.81	0	0.64	0.56	0.84	0	0	0.705	0.825	0	0.69	0.735	0	0.825	0.77	0.7	0.74	0.71	0	0.88	0	0.86	0.83	0.855	0.875	0	0.745	0.865	0.89
Edwardsiella_lineata	0	0	0	0.665	0.69	0	0.62	0	0	0.6	0.645	0.69	0.325	0	0.33	0.35	0	0.635	0.455	0.51	0.45	0	0	0	0	0.66	0.515	0.64	0.08	0	0.53	0	0	0.64		0.42	0.375	0	0	0.67	0.57	0.63	0.665	0	0.5	0.555	0.255	0	0.555	0.69	0.415	0	0.675	0.43	0.68	0	0.685	0.57	0	0.34	0	0.675	0.69	0	0.685	0.295	0	0	0.605	0	0.45	0.355	0.675	0	0	0.52	0.62	0	0.515	0.59	0	0.63	0.595	0.525	0.565	0.535	0	0.685	0	0.67	0.64	0.655	0.67	0	0.555	0.67	0.69
Ephydatia_muelleri	0	0	0	0.47	0.495	0	0.445	0	0	0.38	0.475	0.49	0.065	0	0.395	0.35	0	0.435	0.26	0.31	0.275	0	0	0.03	0	0.465	0.38	0.41	0.145	0	0.385	0	0	0.41	0.42		0.18	0	0	0.45	0.4	0.41	0.475	0	0.275	0.48	0.31	0	0.39	0.495	0.475	0	0.47	0.43	0.485	0	0.49	0.4	0	0.405	0	0.49	0.455	0	0.49	0.305	0	0.065	0.45	0	0.48	0.425	0.48	0	0	0.29	0.425	0	0.34	0.435	0	0.43	0.43	0.34	0.355	0.425	0	0.495	0	0.465	0.44	0.465	0.485	0	0.37	0.45	0.495
Euplectella_aspergillum	0	0	0	0.53	0.53	0	0.53	0	0	0.515	0.53	0.53	0.195	0	0.33	0.18	0	0.53	0.485	0.425	0.46	0	0	0.155	0	0.5	0.37	0.34	0.23	0	0.515	0	0	0.505	0.375	0.18		0	0	0.375	0.525	0.51	0.48	0	0.22	0.255	0.215	0	0.475	0.53	0.18	0	0.525	0.32	0.525	0	0.525	0.47	0	0.335	0	0.52	0.53	0	0.525	0.33	0	0.155	0.51	0	0.33	0.33	0.5	0	0	0.455	0.51	0	0.49	0.48	0	0.53	0.475	0.5	0.45	0.485	0	0.525	0	0.53	0.52	0.53	0.53	0	0.49	0.525	0.53
Euplokamis_dunlapae	0	0	0	0	0	0	0	0	0	0	0	0	0	0	0	0	0	0	0	0	0	0	0	0	0	0	0	0	0	0	0	0	0	0	0	0	0		0	0	0	0	0	0	0	0	0	0	0	0	0	0	0	0	0	0	0	0	0	0	0	0	0	0	0	0	0	0	0	0	0	0	0	0	0	0	0	0	0	0	0	0	0	0	0	0	0	0	0	0	0	0	0	0	0	0	0
Gorgonia_ventalina	0	0	0	0	0	0	0	0	0	0	0	0	0	0	0	0	0	0	0	0	0	0	0	0	0	0	0	0	0	0	0	0	0	0	0	0	0	0		0	0	0	0	0	0	0	0	0	0	0	0	0	0	0	0	0	0	0	0	0	0	0	0	0	0	0	0	0	0	0	0	0	0	0	0	0	0	0	0	0	0	0	0	0	0	0	0	0	0	0	0	0	0	0	0	0	0
Grantia_compressa	0	0	0	0.71	0.725	0	0.665	0	0	0.615	0.68	0.72	0.34	0	0.36	0.35	0	0.665	0.475	0.55	0.485	0	0	0	0	0.695	0.54	0.655	0.11	0	0.575	0	0	0.645	0.67	0.45	0.375	0	0		0.61	0.63	0.7	0	0.5	0.6	0.275	0	0.59	0.725	0.45	0	0.7	0.455	0.715	0	0.72	0.61	0	0.37	0	0.705	0.69	0	0.72	0.295	0	0.03	0.65	0	0.47	0.39	0.71	0	0	0.525	0.65	0	0.555	0.64	0	0.66	0.64	0.57	0.58	0.555	0	0.72	0	0.705	0.67	0.705	0.725	0	0.59	0.69	0.725
Helobdella_robusta	0	0	0	0.85	0.835	0	0.84	0	0	0.775	0.835	0.85	0.3	0	0.52	0.285	0	0.85	0.65	0.61	0.69	0	0	0.23	0	0.825	0.525	0.55	0.345	0	0.795	0	0	0.75	0.57	0.4	0.525	0	0	0.61		0.78	0.795	0	0.42	0.54	0.34	0	0.78	0.85	0.39	0	0.825	0.585	0.845	0	0.835	0.77	0	0.56	0	0.83	0.815	0	0.85	0.435	0	0.245	0.8	0	0.6	0.57	0.8	0	0	0.65	0.83	0	0.7	0.745	0	0.81	0.775	0.75	0.685	0.7	0	0.845	0	0.83	0.81	0.845	0.845	0	0.78	0.825	0.845
Homo_sapiens	0	0	0	0.87	0.865	0	0.835	0	0	0.835	0.835	0.9	0.33	0	0.535	0.305	0	0.86	0.695	0.61	0.66	0	0	0.25	0	0.87	0.49	0.625	0.315	0	0.78	0	0	0.835	0.63	0.41	0.51	0	0	0.63	0.78		0.84	0	0.48	0.58	0.36	0	0.8	0.9	0.395	0	0.885	0.63	0.885	0	0.875	0.77	0	0.57	0	0.88	0.895	0	0.88	0.48	0	0.21	0.82	0	0.66	0.6	0.845	0	0	0.705	0.845	0	0.735	0.755	0	0.86	0.8	0.75	0.745	0.725	0	0.89	0	0.865	0.855	0.88	0.88	0	0.805	0.875	0.895
Hormiphora_californensis	0	0	0	0.895	0.905	0	0.86	0	0	0.81	0.875	0.935	0.335	0	0.555	0.335	0	0.875	0.665	0.615	0.665	0	0	0.215	0	0.925	0.555	0.64	0.31	0	0.785	0	0	0.835	0.665	0.475	0.48	0	0	0.7	0.795	0.84		0	0.51	0.63	0.34	0	0.805	0.94	0.465	0	0.91	0.645	0.93	0	0.92	0.8	0	0.565	0	0.925	0.895	0	0.925	0.47	0	0.21	0.865	0	0.695	0.595	0.905	0	0	0.675	0.865	0	0.725	0.8	0	0.87	0.835	0.765	0.76	0.75	0	0.925	0	0.905	0.87	0.9	0.92	0	0.795	0.895	0.94
Hyalonema_populiferum	0	0	0	0	0	0	0	0	0	0	0	0	0	0	0	0	0	0	0	0	0	0	0	0	0	0	0	0	0	0	0	0	0	0	0	0	0	0	0	0	0	0	0		0	0	0	0	0	0	0	0	0	0	0	0	0	0	0	0	0	0	0	0	0	0	0	0	0	0	0	0	0	0	0	0	0	0	0	0	0	0	0	0	0	0	0	0	0	0	0	0	0	0	0	0	0
Hydra_magnipapillata	0	0	0	0.495	0.52	0	0.455	0	0	0.475	0.505	0.52	0.285	0	0.205	0.22	0	0.465	0.34	0.34	0.33	0	0	0	0	0.52	0.36	0.505	0	0	0.37	0	0	0.495	0.5	0.275	0.22	0	0	0.5	0.42	0.48	0.51	0		0.415	0.14	0	0.425	0.52	0.27	0	0.51	0.295	0.515	0	0.52	0.46	0	0.195	0	0.51	0.52	0	0.52	0.17	0	0	0.47	0	0.3	0.215	0.52	0	0	0.385	0.47	0	0.36	0.455	0	0.47	0.49	0.39	0.47	0.405	0	0.52	0	0.495	0.5	0.485	0.5	0	0.405	0.5	0.52
Hydractinia_polyclina	0	0	0	0.64	0.64	0	0.595	0	0	0.545	0.615	0.66	0.22	0	0.395	0.35	0	0.6	0.39	0.465	0.41	0	0	0.05	0	0.63	0.455	0.565	0.165	0	0.51	0	0	0.555	0.555	0.48	0.255	0	0	0.6	0.54	0.58	0.63	0	0.415		0.33	0	0.55	0.66	0.475	0	0.63	0.505	0.65	0	0.635	0.54	0	0.425	0	0.65	0.62	0	0.655	0.32	0	0.065	0.59	0	0.53	0.445	0.645	0	0	0.425	0.59	0	0.505	0.595	0	0.595	0.59	0.51	0.505	0.49	0	0.66	0	0.64	0.605	0.64	0.655	0	0.55	0.63	0.66
Ircinia_fasciculata	0	0	0	0.38	0.365	0	0.35	0	0	0.34	0.38	0.385	0	0	0.36	0.255	0	0.345	0.255	0.28	0.27	0	0	0.105	0	0.355	0.285	0.255	0.2	0	0.35	0	0	0.32	0.255	0.31	0.215	0	0	0.275	0.34	0.36	0.34	0	0.14	0.33		0	0.33	0.385	0.3	0	0.37	0.355	0.38	0	0.36	0.285	0	0.365	0	0.385	0.355	0	0.38	0.29	0	0.105	0.385	0	0.38	0.385	0.37	0	0	0.225	0.35	0	0.36	0.35	0	0.38	0.355	0.345	0.295	0.32	0	0.385	0	0.38	0.375	0.385	0.385	0	0.33	0.37	0.385
Ixodes_scapularis	0	0	0	0	0	0	0	0	0	0	0	0	0	0	0	0	0	0	0	0	0	0	0	0	0	0	0	0	0	0	0	0	0	0	0	0	0	0	0	0	0	0	0	0	0	0	0		0	0	0	0	0	0	0	0	0	0	0	0	0	0	0	0	0	0	0	0	0	0	0	0	0	0	0	0	0	0	0	0	0	0	0	0	0	0	0	0	0	0	0	0	0	0	0	0	0
Kirkpatrickia_variolosa	0	0	0	0.835	0.82	0	0.83	0	0	0.775	0.795	0.855	0.305	0	0.505	0.265	0	0.85	0.64	0.59	0.685	0	0	0.25	0	0.825	0.465	0.56	0.335	0	0.78	0	0	0.77	0.555	0.39	0.475	0	0	0.59	0.78	0.8	0.805	0	0.425	0.55	0.33	0		0.855	0.385	0	0.825	0.61	0.84	0	0.83	0.765	0	0.555	0	0.845	0.82	0	0.835	0.44	0	0.24	0.8	0	0.635	0.575	0.8	0	0	0.685	0.84	0	0.71	0.735	0	0.795	0.765	0.725	0.715	0.68	0	0.84	0	0.83	0.79	0.845	0.845	0	0.81	0.825	0.85
Lampea_pancerina	0	0	0	0.955	0.965	0	0.92	0	0	0.87	0.935	0.995	0.345	0	0.6	0.35	0	0.935	0.695	0.665	0.71	0	0	0.25	0	0.97	0.58	0.665	0.355	0	0.835	0	0	0.895	0.69	0.495	0.53	0	0	0.725	0.85	0.9	0.94	0	0.52	0.66	0.385	0	0.855		0.48	0	0.965	0.69	0.98	0	0.975	0.84	0	0.61	0	0.975	0.955	0	0.98	0.52	0	0.245	0.915	0	0.74	0.645	0.945	0	0	0.715	0.915	0	0.775	0.84	0	0.925	0.87	0.805	0.79	0.79	0	0.985	0	0.96	0.925	0.96	0.98	0	0.85	0.95	0.995
Latrunculia_apicalis	0	0	0	0.46	0.48	0	0.425	0	0	0.37	0.46	0.475	0.065	0	0.39	0.35	0	0.42	0.26	0.3	0.275	0	0	0.02	0	0.45	0.37	0.415	0.135	0	0.375	0	0	0.395	0.415	0.475	0.18	0	0	0.45	0.39	0.395	0.465	0	0.27	0.475	0.3	0	0.385	0.48		0	0.45	0.42	0.465	0	0.475	0.385	0	0.4	0	0.475	0.44	0	0.475	0.295	0	0.055	0.445	0	0.465	0.415	0.465	0	0	0.285	0.41	0	0.33	0.425	0	0.415	0.425	0.335	0.36	0.415	0	0.48	0	0.46	0.425	0.455	0.475	0	0.37	0.445	0.48
Leuconia_nivea	0	0	0	0	0	0	0	0	0	0	0	0	0	0	0	0	0	0	0	0	0	0	0	0	0	0	0	0	0	0	0	0	0	0	0	0	0	0	0	0	0	0	0	0	0	0	0	0	0	0	0		0	0	0	0	0	0	0	0	0	0	0	0	0	0	0	0	0	0	0	0	0	0	0	0	0	0	0	0	0	0	0	0	0	0	0	0	0	0	0	0	0	0	0	0	0
Leucosolenia_complicata	0	0	0	0.925	0.93	0	0.895	0	0	0.86	0.9	0.96	0.34	0	0.575	0.345	0	0.9	0.695	0.64	0.68	0	0	0.25	0	0.94	0.555	0.65	0.335	0	0.805	0	0	0.88	0.675	0.47	0.525	0	0	0.7	0.825	0.885	0.91	0	0.51	0.63	0.37	0	0.825	0.965	0.45	0		0.685	0.955	0	0.945	0.815	0	0.58	0	0.94	0.94	0	0.95	0.515	0	0.225	0.88	0	0.715	0.62	0.915	0	0	0.705	0.885	0	0.745	0.815	0	0.89	0.845	0.785	0.785	0.76	0	0.95	0	0.925	0.9	0.935	0.955	0	0.815	0.945	0.96
Liriope_tetraphylla	0	0	0	0.67	0.67	0	0.63	0	0	0.62	0.645	0.685	0.12	0	0.535	0.315	0	0.625	0.475	0.395	0.47	0	0	0.23	0	0.665	0.345	0.44	0.315	0	0.565	0	0	0.615	0.43	0.43	0.32	0	0	0.455	0.585	0.63	0.645	0	0.295	0.505	0.355	0	0.61	0.69	0.42	0	0.685		0.68	0	0.67	0.585	0	0.545	0	0.68	0.66	0	0.69	0.48	0	0.23	0.64	0	0.655	0.575	0.64	0	0	0.495	0.64	0	0.515	0.6	0	0.62	0.63	0.555	0.595	0.555	0	0.69	0	0.665	0.655	0.67	0.69	0	0.585	0.68	0.685
Lucernariopsis_campanulata	0	0	0	0.945	0.945	0	0.905	0	0	0.86	0.915	0.98	0.345	0	0.585	0.345	0	0.92	0.69	0.665	0.7	0	0	0.245	0	0.955	0.58	0.65	0.35	0	0.825	0	0	0.875	0.68	0.485	0.525	0	0	0.715	0.845	0.885	0.93	0	0.515	0.65	0.38	0	0.84	0.98	0.465	0	0.955	0.68		0	0.96	0.83	0	0.6	0	0.965	0.94	0	0.965	0.51	0	0.24	0.895	0	0.73	0.635	0.935	0	0	0.705	0.905	0	0.77	0.83	0	0.915	0.865	0.8	0.775	0.775	0	0.965	0	0.95	0.91	0.95	0.965	0	0.835	0.94	0.98
Ministeria_vibrans	0	0	0	0	0	0	0	0	0	0	0	0	0	0	0	0	0	0	0	0	0	0	0	0	0	0	0	0	0	0	0	0	0	0	0	0	0	0	0	0	0	0	0	0	0	0	0	0	0	0	0	0	0	0	0		0	0	0	0	0	0	0	0	0	0	0	0	0	0	0	0	0	0	0	0	0	0	0	0	0	0	0	0	0	0	0	0	0	0	0	0	0	0	0	0	0
Mnemiopsis_leidyi	0	0	0	0.935	0.96	0	0.895	0	0	0.845	0.91	0.97	0.345	0	0.6	0.345	0	0.915	0.675	0.665	0.71	0	0	0.23	0	0.95	0.58	0.66	0.335	0	0.81	0	0	0.89	0.685	0.49	0.525	0	0	0.72	0.835	0.875	0.92	0	0.52	0.635	0.36	0	0.83	0.975	0.475	0	0.945	0.67	0.96	0		0.84	0	0.59	0	0.95	0.935	0	0.96	0.5	0	0.245	0.89	0	0.72	0.62	0.925	0	0	0.71	0.895	0	0.75	0.815	0	0.905	0.85	0.785	0.77	0.79	0	0.96	0	0.94	0.905	0.935	0.955	0	0.825	0.93	0.97
Monosiga_brevicollis_mx1	0	0	0	0.82	0.84	0	0.825	0	0	0.725	0.79	0.835	0.32	0	0.49	0.26	0	0.83	0.61	0.59	0.66	0	0	0.21	0	0.84	0.47	0.57	0.295	0	0.73	0	0	0.755	0.57	0.4	0.47	0	0	0.61	0.77	0.77	0.8	0	0.46	0.54	0.285	0	0.765	0.84	0.385	0	0.815	0.585	0.83	0	0.84		0	0.52	0	0.815	0.8	0	0.84	0.4	0	0.24	0.76	0	0.61	0.53	0.8	0	0	0.66	0.81	0	0.675	0.73	0	0.775	0.78	0.73	0.7	0.71	0	0.84	0	0.805	0.785	0.815	0.825	0	0.77	0.795	0.835
Montastraea_faveolata	0	0	0	0	0	0	0	0	0	0	0	0	0	0	0	0	0	0	0	0	0	0	0	0	0	0	0	0	0	0	0	0	0	0	0	0	0	0	0	0	0	0	0	0	0	0	0	0	0	0	0	0	0	0	0	0	0	0		0	0	0	0	0	0	0	0	0	0	0	0	0	0	0	0	0	0	0	0	0	0	0	0	0	0	0	0	0	0	0	0	0	0	0	0	0	0
Mycale_phyllophila	0	0	0	0.605	0.59	0	0.585	0	0	0.525	0.58	0.61	0.065	0	0.525	0.275	0	0.59	0.46	0.375	0.46	0	0	0.23	0	0.58	0.31	0.34	0.345	0	0.585	0	0	0.51	0.34	0.405	0.335	0	0	0.37	0.56	0.57	0.565	0	0.195	0.425	0.365	0	0.555	0.61	0.4	0	0.58	0.545	0.6	0	0.59	0.52	0		0	0.61	0.575	0	0.6	0.425	0	0.24	0.575	0	0.6	0.585	0.56	0	0	0.43	0.58	0	0.505	0.515	0	0.6	0.55	0.535	0.475	0.535	0	0.61	0	0.59	0.565	0.605	0.605	0	0.55	0.58	0.61
Mylnosiga_fluctuans_19	0	0	0	0	0	0	0	0	0	0	0	0	0	0	0	0	0	0	0	0	0	0	0	0	0	0	0	0	0	0	0	0	0	0	0	0	0	0	0	0	0	0	0	0	0	0	0	0	0	0	0	0	0	0	0	0	0	0	0	0		0	0	0	0	0	0	0	0	0	0	0	0	0	0	0	0	0	0	0	0	0	0	0	0	0	0	0	0	0	0	0	0	0	0	0	0
Nanomia_bijuga	0	0	0	0.935	0.94	0	0.895	0	0	0.85	0.91	0.975	0.33	0	0.59	0.35	0	0.915	0.685	0.65	0.695	0	0	0.245	0	0.945	0.57	0.65	0.35	0	0.825	0	0	0.87	0.675	0.49	0.52	0	0	0.705	0.83	0.88	0.925	0	0.51	0.65	0.385	0	0.845	0.975	0.475	0	0.94	0.68	0.965	0	0.95	0.815	0	0.61	0		0.935	0	0.955	0.515	0	0.24	0.9	0	0.735	0.64	0.925	0	0	0.705	0.9	0	0.77	0.82	0	0.91	0.85	0.785	0.775	0.77	0	0.96	0	0.945	0.9	0.94	0.955	0	0.83	0.93	0.975
Nematostella_vectensis	0	0	0	0.92	0.925	0	0.875	0	0	0.865	0.89	0.955	0.345	0	0.56	0.35	0	0.9	0.69	0.63	0.675	0	0	0.245	0	0.925	0.545	0.66	0.315	0	0.795	0	0	0.89	0.69	0.455	0.53	0	0	0.69	0.815	0.895	0.895	0	0.52	0.62	0.355	0	0.82	0.955	0.44	0	0.94	0.66	0.94	0	0.935	0.8	0	0.575	0	0.935		0	0.935	0.515	0	0.21	0.87	0	0.7	0.605	0.9	0	0	0.715	0.875	0	0.735	0.795	0	0.89	0.825	0.765	0.78	0.75	0	0.94	0	0.92	0.885	0.92	0.935	0	0.81	0.93	0.95
Oscarella_carmela	0	0	0	0	0	0	0	0	0	0	0	0	0	0	0	0	0	0	0	0	0	0	0	0	0	0	0	0	0	0	0	0	0	0	0	0	0	0	0	0	0	0	0	0	0	0	0	0	0	0	0	0	0	0	0	0	0	0	0	0	0	0	0		0	0	0	0	0	0	0	0	0	0	0	0	0	0	0	0	0	0	0	0	0	0	0	0	0	0	0	0	0	0	0	0	0
Oscarella_species	0	0	0	0.945	0.96	0	0.91	0	0	0.85	0.93	0.975	0.345	0	0.585	0.345	0	0.915	0.68	0.65	0.71	0	0	0.235	0	0.955	0.58	0.66	0.35	0	0.815	0	0	0.875	0.685	0.49	0.525	0	0	0.72	0.85	0.88	0.925	0	0.52	0.655	0.38	0	0.835	0.98	0.475	0	0.95	0.69	0.965	0	0.96	0.84	0	0.6	0	0.955	0.935	0		0.5	0	0.245	0.895	0	0.725	0.625	0.93	0	0	0.71	0.91	0	0.755	0.835	0	0.905	0.865	0.805	0.79	0.79	0	0.975	0	0.94	0.925	0.94	0.96	0	0.83	0.935	0.975
Pelagia_noctiluca	0	0	0	0.495	0.49	0	0.46	0	0	0.485	0.5	0.52	0	0	0.48	0.295	0	0.46	0.42	0.28	0.33	0	0	0.225	0	0.49	0.29	0.29	0.29	0	0.425	0	0	0.46	0.295	0.305	0.33	0	0	0.295	0.435	0.48	0.47	0	0.17	0.32	0.29	0	0.44	0.52	0.295	0	0.515	0.48	0.51	0	0.5	0.4	0	0.425	0	0.515	0.515	0	0.5		0	0.19	0.52	0	0.51	0.465	0.465	0	0	0.34	0.45	0	0.375	0.46	0	0.46	0.455	0.405	0.455	0.455	0	0.51	0	0.515	0.475	0.505	0.52	0	0.43	0.515	0.515
Pennatula_rubra	0	0	0	0	0	0	0	0	0	0	0	0	0	0	0	0	0	0	0	0	0	0	0	0	0	0	0	0	0	0	0	0	0	0	0	0	0	0	0	0	0	0	0	0	0	0	0	0	0	0	0	0	0	0	0	0	0	0	0	0	0	0	0	0	0	0		0	0	0	0	0	0	0	0	0	0	0	0	0	0	0	0	0	0	0	0	0	0	0	0	0	0	0	0	0	0
Periphylla_periphylla	0	0	0	0.245	0.245	0	0.245	0	0	0.21	0.245	0.245	0	0	0.245	0	0	0.245	0.18	0.12	0.24	0	0	0.21	0	0.245	0.065	0	0.245	0	0.245	0	0	0.21	0	0.065	0.155	0	0	0.03	0.245	0.21	0.21	0	0	0.065	0.105	0	0.24	0.245	0.055	0	0.225	0.23	0.24	0	0.245	0.24	0	0.24	0	0.24	0.21	0	0.245	0.19	0		0.245	0	0.245	0.245	0.205	0	0	0.175	0.245	0	0.205	0.21	0	0.24	0.225	0.24	0.18	0.24	0	0.245	0	0.24	0.24	0.245	0.245	0	0.24	0.225	0.24
Petrosia_ficiformis	0	0	0	0.88	0.88	0	0.84	0	0	0.82	0.885	0.91	0.27	0	0.6	0.35	0	0.85	0.665	0.59	0.665	0	0	0.25	0	0.885	0.56	0.595	0.355	0	0.795	0	0	0.81	0.605	0.45	0.51	0	0	0.65	0.8	0.82	0.865	0	0.47	0.59	0.385	0	0.8	0.915	0.445	0	0.88	0.64	0.895	0	0.89	0.76	0	0.575	0	0.9	0.87	0	0.895	0.52	0	0.245		0	0.68	0.61	0.86	0	0	0.65	0.835	0	0.72	0.79	0	0.85	0.815	0.745	0.75	0.73	0	0.905	0	0.885	0.86	0.885	0.905	0	0.78	0.875	0.91
Pirum_gemmata	0	0	0	0	0	0	0	0	0	0	0	0	0	0	0	0	0	0	0	0	0	0	0	0	0	0	0	0	0	0	0	0	0	0	0	0	0	0	0	0	0	0	0	0	0	0	0	0	0	0	0	0	0	0	0	0	0	0	0	0	0	0	0	0	0	0	0	0	0		0	0	0	0	0	0	0	0	0	0	0	0	0	0	0	0	0	0	0	0	0	0	0	0	0	0	0
Plakina_jani	0	0	0	0.7	0.705	0	0.67	0	0	0.615	0.675	0.74	0.1	0	0.59	0.34	0	0.68	0.48	0.415	0.475	0	0	0.25	0	0.715	0.38	0.435	0.355	0	0.6	0	0	0.64	0.45	0.48	0.33	0	0	0.47	0.6	0.66	0.695	0	0.3	0.53	0.38	0	0.635	0.74	0.465	0	0.715	0.655	0.73	0	0.72	0.61	0	0.6	0	0.735	0.7	0	0.725	0.51	0	0.245	0.68	0		0.64	0.69	0	0	0.5	0.67	0	0.55	0.61	0	0.67	0.64	0.57	0.585	0.605	0	0.73	0	0.705	0.67	0.71	0.725	0	0.62	0.705	0.735
Pleraplysilla_spinifera	0	0	0	0.63	0.61	0	0.6	0	0	0.565	0.605	0.645	0.065	0	0.55	0.295	0	0.605	0.46	0.365	0.44	0	0	0.25	0	0.615	0.335	0.355	0.355	0	0.585	0	0	0.56	0.355	0.425	0.33	0	0	0.39	0.57	0.6	0.595	0	0.215	0.445	0.385	0	0.575	0.645	0.415	0	0.62	0.575	0.635	0	0.62	0.53	0	0.585	0	0.64	0.605	0	0.625	0.465	0	0.245	0.61	0	0.64		0.59	0	0	0.445	0.59	0	0.52	0.54	0	0.6	0.575	0.525	0.5	0.555	0	0.635	0	0.62	0.585	0.645	0.645	0	0.57	0.615	0.64
Pleurobrachia_species	0	0	0	0.9	0.91	0	0.865	0	0	0.815	0.88	0.94	0.345	0	0.55	0.335	0	0.88	0.655	0.655	0.665	0	0	0.21	0	0.93	0.57	0.65	0.305	0	0.78	0	0	0.84	0.675	0.48	0.5	0	0	0.71	0.8	0.845	0.905	0	0.52	0.645	0.37	0	0.8	0.945	0.465	0	0.915	0.64	0.935	0	0.925	0.8	0	0.56	0	0.925	0.9	0	0.93	0.465	0	0.205	0.86	0	0.69	0.59		0	0	0.665	0.865	0	0.76	0.795	0	0.875	0.845	0.765	0.75	0.75	0	0.93	0	0.91	0.875	0.905	0.925	0	0.795	0.9	0.945
Plumapathes_pennacea	0	0	0	0	0	0	0	0	0	0	0	0	0	0	0	0	0	0	0	0	0	0	0	0	0	0	0	0	0	0	0	0	0	0	0	0	0	0	0	0	0	0	0	0	0	0	0	0	0	0	0	0	0	0	0	0	0	0	0	0	0	0	0	0	0	0	0	0	0	0	0	0	0		0	0	0	0	0	0	0	0	0	0	0	0	0	0	0	0	0	0	0	0	0	0	0
Porites_australiensis	0	0	0	0	0	0	0	0	0	0	0	0	0	0	0	0	0	0	0	0	0	0	0	0	0	0	0	0	0	0	0	0	0	0	0	0	0	0	0	0	0	0	0	0	0	0	0	0	0	0	0	0	0	0	0	0	0	0	0	0	0	0	0	0	0	0	0	0	0	0	0	0	0	0		0	0	0	0	0	0	0	0	0	0	0	0	0	0	0	0	0	0	0	0	0	0
Rossella_fibulata	0	0	0	0.7	0.715	0	0.7	0	0	0.665	0.67	0.715	0.31	0	0.38	0.215	0	0.715	0.56	0.475	0.585	0	0	0.175	0	0.685	0.355	0.515	0.235	0	0.635	0	0	0.705	0.52	0.29	0.455	0	0	0.525	0.65	0.705	0.675	0	0.385	0.425	0.225	0	0.685	0.715	0.285	0	0.705	0.495	0.705	0	0.71	0.66	0	0.43	0	0.705	0.715	0	0.71	0.34	0	0.175	0.65	0	0.5	0.445	0.665	0	0		0.71	0	0.59	0.605	0	0.675	0.635	0.595	0.64	0.575	0	0.715	0	0.69	0.68	0.7	0.7	0	0.67	0.695	0.715
Saccoglossus_kowalevskii	0	0	0	0.895	0.89	0	0.885	0	0	0.815	0.86	0.915	0.34	0	0.525	0.285	0	0.9	0.665	0.635	0.705	0	0	0.24	0	0.89	0.52	0.595	0.34	0	0.805	0	0	0.825	0.62	0.425	0.51	0	0	0.65	0.83	0.845	0.865	0	0.47	0.59	0.35	0	0.84	0.915	0.41	0	0.885	0.64	0.905	0	0.895	0.81	0	0.58	0	0.9	0.875	0	0.91	0.45	0	0.245	0.835	0	0.67	0.59	0.865	0	0	0.71		0	0.745	0.77	0	0.855	0.805	0.775	0.74	0.725	0	0.91	0	0.88	0.86	0.895	0.895	0	0.815	0.875	0.91
Salpingoeca_dolichothecata_16	0	0	0	0	0	0	0	0	0	0	0	0	0	0	0	0	0	0	0	0	0	0	0	0	0	0	0	0	0	0	0	0	0	0	0	0	0	0	0	0	0	0	0	0	0	0	0	0	0	0	0	0	0	0	0	0	0	0	0	0	0	0	0	0	0	0	0	0	0	0	0	0	0	0	0	0	0		0	0	0	0	0	0	0	0	0	0	0	0	0	0	0	0	0	0	0
Salpingoeca_helianthica_18	0	0	0	0.76	0.74	0	0.74	0	0	0.685	0.71	0.775	0.285	0	0.465	0.245	0	0.76	0.59	0.605	0.625	0	0	0.21	0	0.745	0.465	0.51	0.315	0	0.725	0	0	0.69	0.515	0.34	0.49	0	0	0.555	0.7	0.735	0.725	0	0.36	0.505	0.36	0	0.71	0.775	0.33	0	0.745	0.515	0.77	0	0.75	0.675	0	0.505	0	0.77	0.735	0	0.755	0.375	0	0.205	0.72	0	0.55	0.52	0.76	0	0	0.59	0.745	0		0.695	0	0.76	0.705	0.71	0.615	0.6	0	0.765	0	0.77	0.72	0.77	0.77	0	0.735	0.745	0.775
Salpingoeca_infusionum_12	0	0	0	0.82	0.82	0	0.79	0	0	0.74	0.81	0.835	0.265	0	0.53	0.34	0	0.78	0.59	0.56	0.64	0	0	0.195	0	0.81	0.54	0.595	0.31	0	0.705	0	0	0.735	0.59	0.435	0.48	0	0	0.64	0.745	0.755	0.8	0	0.455	0.595	0.35	0	0.735	0.84	0.425	0	0.815	0.6	0.83	0	0.815	0.73	0	0.515	0	0.82	0.795	0	0.835	0.46	0	0.21	0.79	0	0.61	0.54	0.795	0	0	0.605	0.77	0	0.695		0	0.775	0.79	0.735	0.71	0.685	0	0.84	0	0.83	0.79	0.82	0.84	0	0.75	0.81	0.84
Salpingoeca_macrocollata_06	0	0	0	0	0	0	0	0	0	0	0	0	0	0	0	0	0	0	0	0	0	0	0	0	0	0	0	0	0	0	0	0	0	0	0	0	0	0	0	0	0	0	0	0	0	0	0	0	0	0	0	0	0	0	0	0	0	0	0	0	0	0	0	0	0	0	0	0	0	0	0	0	0	0	0	0	0	0	0	0		0	0	0	0	0	0	0	0	0	0	0	0	0	0	0	0
Salpingoeca_punica_03	0	0	0	0.9	0.895	0	0.85	0	0	0.83	0.87	0.925	0.335	0	0.56	0.3	0	0.88	0.685	0.655	0.7	0	0	0.24	0	0.895	0.535	0.605	0.345	0	0.815	0	0	0.825	0.63	0.43	0.53	0	0	0.66	0.81	0.86	0.87	0	0.47	0.595	0.38	0	0.795	0.925	0.415	0	0.89	0.62	0.915	0	0.905	0.775	0	0.6	0	0.91	0.89	0	0.905	0.46	0	0.24	0.85	0	0.67	0.6	0.875	0	0	0.675	0.855	0	0.76	0.775	0		0.815	0.79	0.72	0.735	0	0.91	0	0.895	0.88	0.9	0.905	0	0.805	0.88	0.925
Salpingoeca_qvevrii_09	0	0	0	0.85	0.845	0	0.81	0	0	0.785	0.83	0.865	0.3	0	0.54	0.31	0	0.805	0.645	0.585	0.66	0	0	0.22	0	0.865	0.515	0.61	0.31	0	0.74	0	0	0.77	0.595	0.43	0.475	0	0	0.64	0.775	0.8	0.835	0	0.49	0.59	0.355	0	0.765	0.87	0.425	0	0.845	0.63	0.865	0	0.85	0.78	0	0.55	0	0.85	0.825	0	0.865	0.455	0	0.225	0.815	0	0.64	0.575	0.845	0	0	0.635	0.805	0	0.705	0.79	0	0.815		0.76	0.755	0.74	0	0.87	0	0.85	0.83	0.845	0.865	0	0.775	0.84	0.87
Salpingoeca_roanoka_13	0	0	0	0.8	0.785	0	0.78	0	0	0.725	0.765	0.805	0.285	0	0.5	0.255	0	0.78	0.63	0.59	0.69	0	0	0.23	0	0.795	0.475	0.515	0.33	0	0.74	0	0	0.7	0.525	0.34	0.5	0	0	0.57	0.75	0.75	0.765	0	0.39	0.51	0.345	0	0.725	0.805	0.335	0	0.785	0.555	0.8	0	0.785	0.73	0	0.535	0	0.785	0.765	0	0.805	0.405	0	0.24	0.745	0	0.57	0.525	0.765	0	0	0.595	0.775	0	0.71	0.735	0	0.79	0.76		0.685	0.66	0	0.8	0	0.795	0.775	0.805	0.805	0	0.755	0.785	0.8
Salpingoeca_rosetta	0	0	0	0.765	0.77	0	0.73	0	0	0.735	0.75	0.785	0.27	0	0.48	0.305	0	0.725	0.625	0.485	0.6	0	0	0.205	0	0.785	0.43	0.575	0.245	0	0.66	0	0	0.74	0.565	0.355	0.45	0	0	0.58	0.685	0.745	0.76	0	0.47	0.505	0.295	0	0.715	0.79	0.36	0	0.785	0.595	0.775	0	0.77	0.7	0	0.475	0	0.775	0.78	0	0.79	0.455	0	0.18	0.75	0	0.585	0.5	0.75	0	0	0.64	0.74	0	0.615	0.71	0	0.72	0.755	0.685		0.655	0	0.79	0	0.775	0.75	0.765	0.785	0	0.695	0.785	0.785
Salpingoeca_urceolata_04	0	0	0	0.76	0.79	0	0.73	0	0	0.685	0.765	0.785	0.24	0	0.535	0.285	0	0.73	0.605	0.525	0.605	0	0	0.21	0	0.775	0.49	0.53	0.31	0	0.675	0	0	0.71	0.535	0.425	0.485	0	0	0.555	0.7	0.725	0.75	0	0.405	0.49	0.32	0	0.68	0.79	0.415	0	0.76	0.555	0.775	0	0.79	0.71	0	0.535	0	0.77	0.75	0	0.79	0.455	0	0.24	0.73	0	0.605	0.555	0.75	0	0	0.575	0.725	0	0.6	0.685	0	0.735	0.74	0.66	0.655		0	0.79	0	0.755	0.755	0.75	0.77	0	0.685	0.745	0.785
Sphaeroforma_arctica_JP610	0	0	0	0	0	0	0	0	0	0	0	0	0	0	0	0	0	0	0	0	0	0	0	0	0	0	0	0	0	0	0	0	0	0	0	0	0	0	0	0	0	0	0	0	0	0	0	0	0	0	0	0	0	0	0	0	0	0	0	0	0	0	0	0	0	0	0	0	0	0	0	0	0	0	0	0	0	0	0	0	0	0	0	0	0	0		0	0	0	0	0	0	0	0	0	0
Spongilla_lacustris	0	0	0	0.95	0.96	0	0.915	0	0	0.855	0.93	0.98	0.34	0	0.59	0.35	0	0.92	0.685	0.65	0.705	0	0	0.24	0	0.955	0.575	0.665	0.355	0	0.82	0	0	0.88	0.685	0.495	0.525	0	0	0.72	0.845	0.89	0.925	0	0.52	0.66	0.385	0	0.84	0.985	0.48	0	0.95	0.69	0.965	0	0.96	0.84	0	0.61	0	0.96	0.94	0	0.975	0.51	0	0.245	0.905	0	0.73	0.635	0.93	0	0	0.715	0.91	0	0.765	0.84	0	0.91	0.87	0.8	0.79	0.79	0		0	0.945	0.92	0.945	0.965	0	0.84	0.935	0.98
Stephanoeca_diplocostata_AUFR	0	0	0	0	0	0	0	0	0	0	0	0	0	0	0	0	0	0	0	0	0	0	0	0	0	0	0	0	0	0	0	0	0	0	0	0	0	0	0	0	0	0	0	0	0	0	0	0	0	0	0	0	0	0	0	0	0	0	0	0	0	0	0	0	0	0	0	0	0	0	0	0	0	0	0	0	0	0	0	0	0	0	0	0	0	0	0	0		0	0	0	0	0	0	0	0
Stomolophus_meleagris	0	0	0	0.93	0.93	0	0.88	0	0	0.845	0.895	0.96	0.33	0	0.59	0.35	0	0.9	0.67	0.665	0.705	0	0	0.24	0	0.93	0.58	0.645	0.345	0	0.81	0	0	0.86	0.67	0.465	0.53	0	0	0.705	0.83	0.865	0.905	0	0.495	0.64	0.38	0	0.83	0.96	0.46	0	0.925	0.665	0.95	0	0.94	0.805	0	0.59	0	0.945	0.92	0	0.94	0.515	0	0.24	0.885	0	0.705	0.62	0.91	0	0	0.69	0.88	0	0.77	0.83	0	0.895	0.85	0.795	0.775	0.755	0	0.945	0		0.885	0.935	0.95	0	0.84	0.93	0.96
Strongylocentrotus_purpuratus	0	0	0	0.89	0.905	0	0.855	0	0	0.83	0.9	0.92	0.325	0	0.57	0.32	0	0.86	0.665	0.615	0.685	0	0	0.23	0	0.9	0.55	0.625	0.335	0	0.78	0	0	0.83	0.64	0.44	0.52	0	0	0.67	0.81	0.855	0.87	0	0.5	0.605	0.375	0	0.79	0.925	0.425	0	0.9	0.655	0.91	0	0.905	0.785	0	0.565	0	0.9	0.885	0	0.925	0.475	0	0.24	0.86	0	0.67	0.585	0.875	0	0	0.68	0.86	0	0.72	0.79	0	0.88	0.83	0.775	0.75	0.755	0	0.92	0	0.885		0.885	0.905	0	0.79	0.885	0.92
Sycon_ciliatum	0	0	0	0.945	0.925	0	0.9	0	0	0.86	0.895	0.96	0.34	0	0.575	0.335	0	0.915	0.695	0.66	0.7	0	0	0.25	0	0.93	0.565	0.635	0.355	0	0.83	0	0	0.855	0.655	0.465	0.53	0	0	0.705	0.845	0.88	0.9	0	0.485	0.64	0.385	0	0.845	0.96	0.455	0	0.935	0.67	0.95	0	0.935	0.815	0	0.605	0	0.94	0.92	0	0.94	0.505	0	0.245	0.885	0	0.71	0.645	0.905	0	0	0.7	0.895	0	0.77	0.82	0	0.9	0.845	0.805	0.765	0.75	0	0.945	0	0.935	0.885		0.96	0	0.84	0.93	0.955
Sycon_coactum	0	0	0	0.95	0.945	0	0.91	0	0	0.865	0.915	0.975	0.34	0	0.595	0.35	0	0.915	0.695	0.66	0.7	0	0	0.25	0	0.95	0.575	0.655	0.355	0	0.83	0	0	0.875	0.67	0.485	0.53	0	0	0.725	0.845	0.88	0.92	0	0.5	0.655	0.385	0	0.845	0.98	0.475	0	0.955	0.69	0.965	0	0.955	0.825	0	0.605	0	0.955	0.935	0	0.96	0.52	0	0.245	0.905	0	0.725	0.645	0.925	0	0	0.7	0.895	0	0.77	0.84	0	0.905	0.865	0.805	0.785	0.77	0	0.965	0	0.95	0.905	0.96		0	0.84	0.945	0.975
Sympagella_nux	0	0	0	0	0	0	0	0	0	0	0	0	0	0	0	0	0	0	0	0	0	0	0	0	0	0	0	0	0	0	0	0	0	0	0	0	0	0	0	0	0	0	0	0	0	0	0	0	0	0	0	0	0	0	0	0	0	0	0	0	0	0	0	0	0	0	0	0	0	0	0	0	0	0	0	0	0	0	0	0	0	0	0	0	0	0	0	0	0	0	0	0	0		0	0	0
Tribolium_castaneum	0	0	0	0.83	0.815	0	0.82	0	0	0.755	0.785	0.85	0.3	0	0.52	0.265	0	0.845	0.63	0.62	0.695	0	0	0.245	0	0.82	0.47	0.56	0.35	0	0.77	0	0	0.745	0.555	0.37	0.49	0	0	0.59	0.78	0.805	0.795	0	0.405	0.55	0.33	0	0.81	0.85	0.37	0	0.815	0.585	0.835	0	0.825	0.77	0	0.55	0	0.83	0.81	0	0.83	0.43	0	0.24	0.78	0	0.62	0.57	0.795	0	0	0.67	0.815	0	0.735	0.75	0	0.805	0.775	0.755	0.695	0.685	0	0.84	0	0.84	0.79	0.84	0.84	0		0.82	0.845
Trichoplax_adhaerens	0	0	0	0.92	0.915	0	0.875	0	0	0.855	0.885	0.95	0.335	0	0.575	0.345	0	0.89	0.69	0.64	0.685	0	0	0.25	0	0.925	0.555	0.645	0.335	0	0.8	0	0	0.865	0.67	0.45	0.525	0	0	0.69	0.825	0.875	0.895	0	0.5	0.63	0.37	0	0.825	0.95	0.445	0	0.945	0.68	0.94	0	0.93	0.795	0	0.58	0	0.93	0.93	0	0.935	0.515	0	0.225	0.875	0	0.705	0.615	0.9	0	0	0.695	0.875	0	0.745	0.81	0	0.88	0.84	0.785	0.785	0.745	0	0.935	0	0.93	0.885	0.93	0.945	0	0.82		0.945
Vallicula_multiformis	0	0	0	0.95	0.96	0	0.915	0	0	0.865	0.93	0.99	0.345	0	0.595	0.35	0	0.93	0.69	0.665	0.705	0	0	0.245	0	0.965	0.58	0.665	0.35	0	0.83	0	0	0.89	0.69	0.495	0.53	0	0	0.725	0.845	0.895	0.94	0	0.52	0.66	0.385	0	0.85	0.995	0.48	0	0.96	0.685	0.98	0	0.97	0.835	0	0.61	0	0.975	0.95	0	0.975	0.515	0	0.24	0.91	0	0.735	0.64	0.945	0	0	0.715	0.91	0	0.775	0.84	0	0.925	0.87	0.8	0.785	0.785	0	0.98	0	0.96	0.92	0.955	0.975	0	0.845	0.945	
