	Abeoforma_whisleri	Acanthoeca_sp_10tr	Acanthoeca_spectabilis_VA_02	Aiptasia_pallida	Alatina_alata	Amoebidium_parasiticum_JAP72	Amphimedon_queenslandica	Antipathes_caribbeana	Aphrocallistes_vastus	Aplysia_californica	Atolla_vanhoeffeni	Aurelia_aurita	Beroe_abyssicola	Beroe_sp	Bolinopsis_infundibulum	Bolocera_tuedia	Branchiostoma_floridae	Capitella_teleta	Capsaspora_owczarzaki_atcc30864	Cestum_veneris	Choanoeca_perplexa_11	Chondrilla_nucula	Clathrina_coriacea	Clytia_hemisphaerica	Codosiga_hollandica_17	Coeloplana_species	Corticium_candelabrum	Craspedacusta_sowerbyi	Crassostrea_gigas	Creolimax_fragrantissima	Daphnia_pulex	Diaphanoeca_grandis_RI_01	Didymoeca_costata_10	Dryodora_glandiformis	Edwardsiella_lineata	Ephydatia_muelleri	Euplectella_aspergillum	Euplokamis_dunlapae	Gorgonia_ventalina	Grantia_compressa	Helobdella_robusta	Homo_sapiens	Hormiphora_californensis	Hyalonema_populiferum	Hydra_magnipapillata	Hydractinia_polyclina	Ircinia_fasciculata	Ixodes_scapularis	Kirkpatrickia_variolosa	Lampea_pancerina	Latrunculia_apicalis	Leuconia_nivea	Leucosolenia_complicata	Liriope_tetraphylla	Lucernariopsis_campanulata	Ministeria_vibrans	Mnemiopsis_leidyi	Monosiga_brevicollis_mx1	Montastraea_faveolata	Mycale_phyllophila	Mylnosiga_fluctuans_19	Nanomia_bijuga	Nematostella_vectensis	Oscarella_carmela	Oscarella_species	Pelagia_noctiluca	Pennatula_rubra	Periphylla_periphylla	Petrosia_ficiformis	Pirum_gemmata	Plakina_jani	Pleraplysilla_spinifera	Pleurobrachia_species	Plumapathes_pennacea	Porites_australiensis	Rossella_fibulata	Saccoglossus_kowalevskii	Salpingoeca_dolichothecata_16	Salpingoeca_helianthica_18	Salpingoeca_infusionum_12	Salpingoeca_macrocollata_06	Salpingoeca_punica_03	Salpingoeca_qvevrii_09	Salpingoeca_roanoka_13	Salpingoeca_rosetta	Salpingoeca_urceolata_04	Sphaeroforma_arctica_JP610	Spongilla_lacustris	Stephanoeca_diplocostata_AUFR	Stomolophus_meleagris	Strongylocentrotus_purpuratus	Sycon_ciliatum	Sycon_coactum	Sympagella_nux	Tribolium_castaneum	Trichoplax_adhaerens	Vallicula_multiformis
Abeoforma_whisleri		0.295	0.295	0.295	0.265	0.245	0.295	0.295	0	0.295	0	0	0	0	0	0	0.295	0.295	0.295	0	0	0.295	0.135	0	0	0.255	0	0.16	0	0	0	0.295	0.295	0	0.015	0.295	0	0	0	0.295	0	0	0.295	0	0	0.235	0.2	0	0.295	0.29	0.295	0.295	0.295	0.295	0	0.295	0.295	0.295	0.285	0.295	0.295	0.21	0	0.295	0.295	0	0	0.26	0.23	0.27	0.295	0.225	0.295	0.295	0.295	0.245	0.295	0.295	0.295	0.295	0.295	0.295	0.295	0.295	0.295	0.295	0	0	0.295	0.295	0	0.295	0.295	0.25	0	0.295	0.255
Acanthoeca_sp_10tr	0.295		1	0.99	0.85	0.53	1	0.995	0	0.785	0.315	0	0	0	0	0	1	1	0.995	0	0.37	0.99	0.65	0	0	0.915	0.365	0.82	0	0	0	1	0.99	0	0.465	0.995	0	0	0	0.995	0	0	1	0	0	0.93	0.44	0	0.99	0.995	0.935	0.995	0.995	0.995	0	0.785	0.465	0.99	0.885	0.99	1	0.7	0	0.985	0.735	0.19	0	0.305	0.835	0.47	0.975	0.65	0.92	0.995	0.92	0.95	0.995	1	0.99	0.99	1	0.99	0.99	1	1	0.99	0	0	0.99	0.995	0	0.995	0.995	0.675	0	0.865	0.96
Acanthoeca_spectabilis_VA_02	0.295	1		0.99	0.85	0.53	1	0.995	0	0.785	0.315	0	0	0	0	0	1	1	0.995	0	0.37	0.99	0.65	0	0	0.915	0.365	0.82	0	0	0	1	0.99	0	0.465	0.995	0	0	0	0.995	0	0	1	0	0	0.93	0.44	0	0.99	0.995	0.935	0.995	0.995	0.995	0	0.785	0.465	0.99	0.885	0.99	1	0.7	0	0.985	0.735	0.19	0	0.305	0.835	0.47	0.975	0.65	0.92	0.995	0.92	0.95	0.995	1	0.99	0.99	1	0.99	0.99	1	1	0.99	0	0	0.99	0.995	0	0.995	0.995	0.675	0	0.865	0.96
Aiptasia_pallida	0.295	0.99	0.99		0.84	0.53	0.99	0.985	0	0.785	0.315	0	0	0	0	0	0.99	0.99	0.99	0	0.37	0.99	0.65	0	0	0.905	0.365	0.81	0	0	0	0.99	0.98	0	0.465	0.985	0	0	0	0.985	0	0	0.99	0	0	0.93	0.44	0	0.99	0.985	0.935	0.985	0.985	0.985	0	0.785	0.465	0.98	0.875	0.98	0.99	0.7	0	0.985	0.735	0.19	0	0.305	0.835	0.47	0.975	0.65	0.91	0.985	0.915	0.94	0.985	0.99	0.98	0.98	0.99	0.98	0.98	0.99	0.99	0.98	0	0	0.98	0.985	0	0.985	0.985	0.675	0	0.865	0.95
Alatina_alata	0.265	0.85	0.85	0.84		0.465	0.85	0.845	0	0.69	0.28	0	0	0	0	0	0.85	0.85	0.845	0	0.305	0.84	0.56	0	0	0.8	0.315	0.725	0	0	0	0.85	0.85	0	0.445	0.845	0	0	0	0.85	0	0	0.85	0	0	0.78	0.36	0	0.84	0.845	0.785	0.85	0.85	0.845	0	0.655	0.355	0.85	0.76	0.84	0.85	0.605	0	0.835	0.61	0.19	0	0.245	0.75	0.39	0.835	0.52	0.835	0.845	0.775	0.82	0.845	0.85	0.85	0.85	0.85	0.85	0.85	0.85	0.85	0.85	0	0	0.85	0.85	0	0.85	0.85	0.615	0	0.715	0.81
Amoebidium_parasiticum_JAP72	0.245	0.53	0.53	0.53	0.465		0.53	0.53	0	0.495	0.12	0	0	0	0	0	0.53	0.53	0.53	0	0.11	0.53	0.36	0	0	0.495	0.125	0.395	0	0	0	0.53	0.53	0	0.215	0.525	0	0	0	0.525	0	0	0.53	0	0	0.47	0.34	0	0.53	0.525	0.53	0.525	0.525	0.53	0	0.45	0.33	0.53	0.515	0.525	0.53	0.385	0	0.525	0.405	0.075	0	0.245	0.48	0.335	0.525	0.33	0.53	0.53	0.515	0.48	0.53	0.53	0.53	0.53	0.53	0.53	0.53	0.53	0.53	0.53	0	0	0.53	0.525	0	0.525	0.525	0.42	0	0.475	0.495
Amphimedon_queenslandica	0.295	1	1	0.99	0.85	0.53		0.995	0	0.785	0.315	0	0	0	0	0	1	1	0.995	0	0.37	0.99	0.65	0	0	0.915	0.365	0.82	0	0	0	1	0.99	0	0.465	0.995	0	0	0	0.995	0	0	1	0	0	0.93	0.44	0	0.99	0.995	0.935	0.995	0.995	0.995	0	0.785	0.465	0.99	0.885	0.99	1	0.7	0	0.985	0.735	0.19	0	0.305	0.835	0.47	0.975	0.65	0.92	0.995	0.92	0.95	0.995	1	0.99	0.99	1	0.99	0.99	1	1	0.99	0	0	0.99	0.995	0	0.995	0.995	0.675	0	0.865	0.96
Antipathes_caribbeana	0.295	0.995	0.995	0.985	0.845	0.53	0.995		0	0.785	0.31	0	0	0	0	0	0.995	0.995	0.99	0	0.365	0.985	0.645	0	0	0.91	0.36	0.815	0	0	0	0.995	0.985	0	0.46	0.99	0	0	0	0.99	0	0	0.995	0	0	0.925	0.44	0	0.985	0.99	0.93	0.99	0.99	0.99	0	0.78	0.465	0.985	0.885	0.985	0.995	0.695	0	0.98	0.73	0.185	0	0.305	0.83	0.47	0.97	0.645	0.915	0.995	0.92	0.945	0.99	0.995	0.985	0.985	0.995	0.985	0.985	0.995	0.995	0.985	0	0	0.985	0.99	0	0.99	0.99	0.67	0	0.86	0.955
Aphrocallistes_vastus	0	0	0	0	0	0	0	0		0	0	0	0	0	0	0	0	0	0	0	0	0	0	0	0	0	0	0	0	0	0	0	0	0	0	0	0	0	0	0	0	0	0	0	0	0	0	0	0	0	0	0	0	0	0	0	0	0	0	0	0	0	0	0	0	0	0	0	0	0	0	0	0	0	0	0	0	0	0	0	0	0	0	0	0	0	0	0	0	0	0	0	0	0	0	0	0
Aplysia_californica	0.295	0.785	0.785	0.785	0.69	0.495	0.785	0.785	0		0.275	0	0	0	0	0	0.785	0.785	0.785	0	0.265	0.785	0.54	0	0	0.7	0.28	0.64	0	0	0	0.785	0.785	0	0.35	0.785	0	0	0	0.785	0	0	0.785	0	0	0.725	0.375	0	0.785	0.78	0.785	0.785	0.785	0.78	0	0.675	0.43	0.785	0.695	0.775	0.785	0.595	0	0.785	0.625	0.13	0	0.305	0.66	0.4	0.785	0.54	0.735	0.785	0.735	0.735	0.78	0.785	0.785	0.785	0.785	0.785	0.785	0.785	0.785	0.785	0	0	0.785	0.785	0	0.785	0.785	0.57	0	0.735	0.745
Atolla_vanhoeffeni	0	0.315	0.315	0.315	0.28	0.12	0.315	0.31	0	0.275		0	0	0	0	0	0.315	0.315	0.315	0	0.295	0.315	0.315	0	0	0.27	0.31	0.31	0	0	0	0.315	0.315	0	0.19	0.315	0	0	0	0.315	0	0	0.315	0	0	0.315	0	0	0.315	0.315	0.315	0.315	0.315	0.315	0	0.315	0.085	0.315	0.215	0.315	0.315	0.245	0	0.315	0.31	0.145	0	0	0.255	0	0.315	0.315	0.265	0.31	0.245	0.315	0.315	0.315	0.315	0.315	0.315	0.315	0.315	0.315	0.315	0.315	0	0	0.315	0.315	0	0.315	0.315	0.2	0	0.315	0.315
Aurelia_aurita	0	0	0	0	0	0	0	0	0	0	0		0	0	0	0	0	0	0	0	0	0	0	0	0	0	0	0	0	0	0	0	0	0	0	0	0	0	0	0	0	0	0	0	0	0	0	0	0	0	0	0	0	0	0	0	0	0	0	0	0	0	0	0	0	0	0	0	0	0	0	0	0	0	0	0	0	0	0	0	0	0	0	0	0	0	0	0	0	0	0	0	0	0	0	0	0
Beroe_abyssicola	0	0	0	0	0	0	0	0	0	0	0	0		0	0	0	0	0	0	0	0	0	0	0	0	0	0	0	0	0	0	0	0	0	0	0	0	0	0	0	0	0	0	0	0	0	0	0	0	0	0	0	0	0	0	0	0	0	0	0	0	0	0	0	0	0	0	0	0	0	0	0	0	0	0	0	0	0	0	0	0	0	0	0	0	0	0	0	0	0	0	0	0	0	0	0	0
Beroe_sp	0	0	0	0	0	0	0	0	0	0	0	0	0		0	0	0	0	0	0	0	0	0	0	0	0	0	0	0	0	0	0	0	0	0	0	0	0	0	0	0	0	0	0	0	0	0	0	0	0	0	0	0	0	0	0	0	0	0	0	0	0	0	0	0	0	0	0	0	0	0	0	0	0	0	0	0	0	0	0	0	0	0	0	0	0	0	0	0	0	0	0	0	0	0	0	0
Bolinopsis_infundibulum	0	0	0	0	0	0	0	0	0	0	0	0	0	0		0	0	0	0	0	0	0	0	0	0	0	0	0	0	0	0	0	0	0	0	0	0	0	0	0	0	0	0	0	0	0	0	0	0	0	0	0	0	0	0	0	0	0	0	0	0	0	0	0	0	0	0	0	0	0	0	0	0	0	0	0	0	0	0	0	0	0	0	0	0	0	0	0	0	0	0	0	0	0	0	0	0
Bolocera_tuedia	0	0	0	0	0	0	0	0	0	0	0	0	0	0	0		0	0	0	0	0	0	0	0	0	0	0	0	0	0	0	0	0	0	0	0	0	0	0	0	0	0	0	0	0	0	0	0	0	0	0	0	0	0	0	0	0	0	0	0	0	0	0	0	0	0	0	0	0	0	0	0	0	0	0	0	0	0	0	0	0	0	0	0	0	0	0	0	0	0	0	0	0	0	0	0	0
Branchiostoma_floridae	0.295	1	1	0.99	0.85	0.53	1	0.995	0	0.785	0.315	0	0	0	0	0		1	0.995	0	0.37	0.99	0.65	0	0	0.915	0.365	0.82	0	0	0	1	0.99	0	0.465	0.995	0	0	0	0.995	0	0	1	0	0	0.93	0.44	0	0.99	0.995	0.935	0.995	0.995	0.995	0	0.785	0.465	0.99	0.885	0.99	1	0.7	0	0.985	0.735	0.19	0	0.305	0.835	0.47	0.975	0.65	0.92	0.995	0.92	0.95	0.995	1	0.99	0.99	1	0.99	0.99	1	1	0.99	0	0	0.99	0.995	0	0.995	0.995	0.675	0	0.865	0.96
Capitella_teleta	0.295	1	1	0.99	0.85	0.53	1	0.995	0	0.785	0.315	0	0	0	0	0	1		0.995	0	0.37	0.99	0.65	0	0	0.915	0.365	0.82	0	0	0	1	0.99	0	0.465	0.995	0	0	0	0.995	0	0	1	0	0	0.93	0.44	0	0.99	0.995	0.935	0.995	0.995	0.995	0	0.785	0.465	0.99	0.885	0.99	1	0.7	0	0.985	0.735	0.19	0	0.305	0.835	0.47	0.975	0.65	0.92	0.995	0.92	0.95	0.995	1	0.99	0.99	1	0.99	0.99	1	1	0.99	0	0	0.99	0.995	0	0.995	0.995	0.675	0	0.865	0.96
Capsaspora_owczarzaki_atcc30864	0.295	0.995	0.995	0.99	0.845	0.53	0.995	0.99	0	0.785	0.315	0	0	0	0	0	0.995	0.995		0	0.37	0.99	0.65	0	0	0.91	0.365	0.815	0	0	0	0.995	0.985	0	0.465	0.99	0	0	0	0.99	0	0	0.995	0	0	0.93	0.44	0	0.99	0.99	0.935	0.99	0.99	0.99	0	0.785	0.465	0.985	0.88	0.985	0.995	0.7	0	0.985	0.735	0.19	0	0.305	0.835	0.47	0.975	0.65	0.915	0.99	0.92	0.945	0.99	0.995	0.985	0.985	0.995	0.985	0.985	0.995	0.995	0.985	0	0	0.985	0.99	0	0.99	0.99	0.675	0	0.865	0.955
Cestum_veneris	0	0	0	0	0	0	0	0	0	0	0	0	0	0	0	0	0	0	0		0	0	0	0	0	0	0	0	0	0	0	0	0	0	0	0	0	0	0	0	0	0	0	0	0	0	0	0	0	0	0	0	0	0	0	0	0	0	0	0	0	0	0	0	0	0	0	0	0	0	0	0	0	0	0	0	0	0	0	0	0	0	0	0	0	0	0	0	0	0	0	0	0	0	0	0	0
Choanoeca_perplexa_11	0	0.37	0.37	0.37	0.305	0.11	0.37	0.365	0	0.265	0.295	0	0	0	0	0	0.37	0.37	0.37	0		0.37	0.34	0	0	0.325	0.34	0.33	0	0	0	0.37	0.36	0	0.23	0.365	0	0	0	0.37	0	0	0.37	0	0	0.37	0.04	0	0.37	0.37	0.37	0.37	0.37	0.37	0	0.37	0.095	0.36	0.28	0.37	0.37	0.29	0	0.365	0.365	0.19	0	0	0.28	0	0.355	0.37	0.29	0.365	0.31	0.37	0.365	0.37	0.36	0.36	0.37	0.36	0.36	0.37	0.37	0.36	0	0	0.36	0.37	0	0.37	0.37	0.245	0	0.37	0.37
Chondrilla_nucula	0.295	0.99	0.99	0.99	0.84	0.53	0.99	0.985	0	0.785	0.315	0	0	0	0	0	0.99	0.99	0.99	0	0.37		0.65	0	0	0.905	0.365	0.81	0	0	0	0.99	0.98	0	0.465	0.985	0	0	0	0.985	0	0	0.99	0	0	0.93	0.44	0	0.99	0.985	0.935	0.985	0.985	0.985	0	0.785	0.465	0.98	0.875	0.98	0.99	0.7	0	0.985	0.735	0.19	0	0.305	0.835	0.47	0.975	0.65	0.91	0.985	0.915	0.94	0.985	0.99	0.98	0.98	0.99	0.98	0.98	0.99	0.99	0.98	0	0	0.98	0.985	0	0.985	0.985	0.675	0	0.865	0.95
Clathrina_coriacea	0.135	0.65	0.65	0.65	0.56	0.36	0.65	0.645	0	0.54	0.315	0	0	0	0	0	0.65	0.65	0.65	0	0.34	0.65		0	0	0.605	0.34	0.59	0	0	0	0.65	0.64	0	0.37	0.65	0	0	0	0.645	0	0	0.65	0	0	0.6	0.245	0	0.65	0.645	0.65	0.645	0.645	0.65	0	0.565	0.275	0.64	0.54	0.65	0.65	0.52	0	0.65	0.515	0.16	0	0.115	0.54	0.24	0.64	0.43	0.57	0.645	0.575	0.645	0.645	0.65	0.64	0.64	0.65	0.64	0.64	0.65	0.65	0.64	0	0	0.64	0.645	0	0.645	0.645	0.5	0	0.595	0.65
Clytia_hemisphaerica	0	0	0	0	0	0	0	0	0	0	0	0	0	0	0	0	0	0	0	0	0	0	0		0	0	0	0	0	0	0	0	0	0	0	0	0	0	0	0	0	0	0	0	0	0	0	0	0	0	0	0	0	0	0	0	0	0	0	0	0	0	0	0	0	0	0	0	0	0	0	0	0	0	0	0	0	0	0	0	0	0	0	0	0	0	0	0	0	0	0	0	0	0	0	0	0
Codosiga_hollandica_17	0	0	0	0	0	0	0	0	0	0	0	0	0	0	0	0	0	0	0	0	0	0	0	0		0	0	0	0	0	0	0	0	0	0	0	0	0	0	0	0	0	0	0	0	0	0	0	0	0	0	0	0	0	0	0	0	0	0	0	0	0	0	0	0	0	0	0	0	0	0	0	0	0	0	0	0	0	0	0	0	0	0	0	0	0	0	0	0	0	0	0	0	0	0	0	0
Coeloplana_species	0.255	0.915	0.915	0.905	0.8	0.495	0.915	0.91	0	0.7	0.27	0	0	0	0	0	0.915	0.915	0.91	0	0.325	0.905	0.605	0	0		0.32	0.775	0	0	0	0.915	0.905	0	0.465	0.91	0	0	0	0.91	0	0	0.915	0	0	0.845	0.44	0	0.905	0.91	0.85	0.91	0.91	0.91	0	0.7	0.41	0.905	0.835	0.905	0.915	0.615	0	0.9	0.655	0.19	0	0.265	0.795	0.455	0.89	0.565	0.88	0.91	0.835	0.865	0.91	0.915	0.905	0.905	0.915	0.905	0.905	0.915	0.915	0.905	0	0	0.905	0.91	0	0.91	0.91	0.635	0	0.78	0.915
Corticium_candelabrum	0	0.365	0.365	0.365	0.315	0.125	0.365	0.36	0	0.28	0.31	0	0	0	0	0	0.365	0.365	0.365	0	0.34	0.365	0.34	0	0	0.32		0.34	0	0	0	0.365	0.365	0	0.23	0.365	0	0	0	0.36	0	0	0.365	0	0	0.365	0.035	0	0.365	0.365	0.365	0.36	0.36	0.365	0	0.365	0.095	0.365	0.26	0.365	0.365	0.285	0	0.365	0.36	0.185	0	0	0.295	0	0.365	0.365	0.305	0.36	0.29	0.365	0.36	0.365	0.365	0.365	0.365	0.365	0.365	0.365	0.365	0.365	0	0	0.365	0.36	0	0.36	0.36	0.24	0	0.365	0.365
Craspedacusta_sowerbyi	0.16	0.82	0.82	0.81	0.725	0.395	0.82	0.815	0	0.64	0.31	0	0	0	0	0	0.82	0.82	0.815	0	0.33	0.81	0.59	0	0	0.775	0.34		0	0	0	0.82	0.82	0	0.455	0.815	0	0	0	0.82	0	0	0.82	0	0	0.775	0.35	0	0.81	0.815	0.755	0.82	0.82	0.815	0	0.605	0.295	0.82	0.715	0.81	0.82	0.63	0	0.805	0.555	0.18	0	0.17	0.72	0.36	0.805	0.47	0.77	0.815	0.745	0.815	0.82	0.82	0.82	0.82	0.82	0.82	0.82	0.82	0.82	0.82	0	0	0.82	0.82	0	0.82	0.82	0.575	0	0.685	0.82
Crassostrea_gigas	0	0	0	0	0	0	0	0	0	0	0	0	0	0	0	0	0	0	0	0	0	0	0	0	0	0	0	0		0	0	0	0	0	0	0	0	0	0	0	0	0	0	0	0	0	0	0	0	0	0	0	0	0	0	0	0	0	0	0	0	0	0	0	0	0	0	0	0	0	0	0	0	0	0	0	0	0	0	0	0	0	0	0	0	0	0	0	0	0	0	0	0	0	0	0	0
Creolimax_fragrantissima	0	0	0	0	0	0	0	0	0	0	0	0	0	0	0	0	0	0	0	0	0	0	0	0	0	0	0	0	0		0	0	0	0	0	0	0	0	0	0	0	0	0	0	0	0	0	0	0	0	0	0	0	0	0	0	0	0	0	0	0	0	0	0	0	0	0	0	0	0	0	0	0	0	0	0	0	0	0	0	0	0	0	0	0	0	0	0	0	0	0	0	0	0	0	0	0
Daphnia_pulex	0	0	0	0	0	0	0	0	0	0	0	0	0	0	0	0	0	0	0	0	0	0	0	0	0	0	0	0	0	0		0	0	0	0	0	0	0	0	0	0	0	0	0	0	0	0	0	0	0	0	0	0	0	0	0	0	0	0	0	0	0	0	0	0	0	0	0	0	0	0	0	0	0	0	0	0	0	0	0	0	0	0	0	0	0	0	0	0	0	0	0	0	0	0	0	0
Diaphanoeca_grandis_RI_01	0.295	1	1	0.99	0.85	0.53	1	0.995	0	0.785	0.315	0	0	0	0	0	1	1	0.995	0	0.37	0.99	0.65	0	0	0.915	0.365	0.82	0	0	0		0.99	0	0.465	0.995	0	0	0	0.995	0	0	1	0	0	0.93	0.44	0	0.99	0.995	0.935	0.995	0.995	0.995	0	0.785	0.465	0.99	0.885	0.99	1	0.7	0	0.985	0.735	0.19	0	0.305	0.835	0.47	0.975	0.65	0.92	0.995	0.92	0.95	0.995	1	0.99	0.99	1	0.99	0.99	1	1	0.99	0	0	0.99	0.995	0	0.995	0.995	0.675	0	0.865	0.96
Didymoeca_costata_10	0.295	0.99	0.99	0.98	0.85	0.53	0.99	0.985	0	0.785	0.315	0	0	0	0	0	0.99	0.99	0.985	0	0.36	0.98	0.64	0	0	0.905	0.365	0.82	0	0	0	0.99		0	0.465	0.985	0	0	0	0.985	0	0	0.99	0	0	0.92	0.44	0	0.98	0.985	0.925	0.985	0.985	0.985	0	0.775	0.455	0.99	0.875	0.98	0.99	0.7	0	0.975	0.725	0.19	0	0.305	0.835	0.47	0.975	0.64	0.92	0.985	0.91	0.94	0.985	0.99	0.99	0.99	0.99	0.99	0.99	0.99	0.99	0.99	0	0	0.99	0.985	0	0.985	0.985	0.675	0	0.855	0.95
Dryodora_glandiformis	0	0	0	0	0	0	0	0	0	0	0	0	0	0	0	0	0	0	0	0	0	0	0	0	0	0	0	0	0	0	0	0	0		0	0	0	0	0	0	0	0	0	0	0	0	0	0	0	0	0	0	0	0	0	0	0	0	0	0	0	0	0	0	0	0	0	0	0	0	0	0	0	0	0	0	0	0	0	0	0	0	0	0	0	0	0	0	0	0	0	0	0	0	0	0	0
Edwardsiella_lineata	0.015	0.465	0.465	0.465	0.445	0.215	0.465	0.46	0	0.35	0.19	0	0	0	0	0	0.465	0.465	0.465	0	0.23	0.465	0.37	0	0	0.465	0.23	0.455	0	0	0	0.465	0.465	0		0.465	0	0	0	0.465	0	0	0.465	0	0	0.465	0.22	0	0.465	0.465	0.46	0.465	0.465	0.46	0	0.31	0.035	0.465	0.415	0.455	0.465	0.415	0	0.465	0.265	0.185	0	0.03	0.46	0.145	0.465	0.23	0.465	0.46	0.415	0.465	0.46	0.465	0.465	0.465	0.465	0.465	0.465	0.465	0.465	0.465	0	0	0.465	0.465	0	0.465	0.465	0.395	0	0.39	0.465
Ephydatia_muelleri	0.295	0.995	0.995	0.985	0.845	0.525	0.995	0.99	0	0.785	0.315	0	0	0	0	0	0.995	0.995	0.99	0	0.365	0.985	0.65	0	0	0.91	0.365	0.815	0	0	0	0.995	0.985	0	0.465		0	0	0	0.99	0	0	0.995	0	0	0.925	0.435	0	0.985	0.99	0.93	0.99	0.99	0.99	0	0.78	0.465	0.985	0.88	0.985	0.995	0.695	0	0.985	0.73	0.185	0	0.305	0.83	0.47	0.975	0.645	0.915	0.99	0.915	0.945	0.99	0.995	0.985	0.985	0.995	0.985	0.985	0.995	0.995	0.985	0	0	0.985	0.99	0	0.99	0.99	0.67	0	0.86	0.955
Euplectella_aspergillum	0	0	0	0	0	0	0	0	0	0	0	0	0	0	0	0	0	0	0	0	0	0	0	0	0	0	0	0	0	0	0	0	0	0	0	0		0	0	0	0	0	0	0	0	0	0	0	0	0	0	0	0	0	0	0	0	0	0	0	0	0	0	0	0	0	0	0	0	0	0	0	0	0	0	0	0	0	0	0	0	0	0	0	0	0	0	0	0	0	0	0	0	0	0	0	0
Euplokamis_dunlapae	0	0	0	0	0	0	0	0	0	0	0	0	0	0	0	0	0	0	0	0	0	0	0	0	0	0	0	0	0	0	0	0	0	0	0	0	0		0	0	0	0	0	0	0	0	0	0	0	0	0	0	0	0	0	0	0	0	0	0	0	0	0	0	0	0	0	0	0	0	0	0	0	0	0	0	0	0	0	0	0	0	0	0	0	0	0	0	0	0	0	0	0	0	0	0	0
Gorgonia_ventalina	0	0	0	0	0	0	0	0	0	0	0	0	0	0	0	0	0	0	0	0	0	0	0	0	0	0	0	0	0	0	0	0	0	0	0	0	0	0		0	0	0	0	0	0	0	0	0	0	0	0	0	0	0	0	0	0	0	0	0	0	0	0	0	0	0	0	0	0	0	0	0	0	0	0	0	0	0	0	0	0	0	0	0	0	0	0	0	0	0	0	0	0	0	0	0	0
Grantia_compressa	0.295	0.995	0.995	0.985	0.85	0.525	0.995	0.99	0	0.785	0.315	0	0	0	0	0	0.995	0.995	0.99	0	0.37	0.985	0.645	0	0	0.91	0.36	0.82	0	0	0	0.995	0.985	0	0.465	0.99	0	0	0		0	0	0.995	0	0	0.925	0.44	0	0.985	0.99	0.93	0.995	0.995	0.99	0	0.78	0.46	0.985	0.885	0.985	0.995	0.7	0	0.98	0.73	0.19	0	0.305	0.83	0.47	0.97	0.645	0.915	0.99	0.92	0.945	0.99	0.995	0.985	0.985	0.995	0.985	0.985	0.995	0.995	0.985	0	0	0.985	0.995	0	0.995	0.995	0.675	0	0.86	0.955
Helobdella_robusta	0	0	0	0	0	0	0	0	0	0	0	0	0	0	0	0	0	0	0	0	0	0	0	0	0	0	0	0	0	0	0	0	0	0	0	0	0	0	0	0		0	0	0	0	0	0	0	0	0	0	0	0	0	0	0	0	0	0	0	0	0	0	0	0	0	0	0	0	0	0	0	0	0	0	0	0	0	0	0	0	0	0	0	0	0	0	0	0	0	0	0	0	0	0	0	0
Homo_sapiens	0	0	0	0	0	0	0	0	0	0	0	0	0	0	0	0	0	0	0	0	0	0	0	0	0	0	0	0	0	0	0	0	0	0	0	0	0	0	0	0	0		0	0	0	0	0	0	0	0	0	0	0	0	0	0	0	0	0	0	0	0	0	0	0	0	0	0	0	0	0	0	0	0	0	0	0	0	0	0	0	0	0	0	0	0	0	0	0	0	0	0	0	0	0	0	0
Hormiphora_californensis	0.295	1	1	0.99	0.85	0.53	1	0.995	0	0.785	0.315	0	0	0	0	0	1	1	0.995	0	0.37	0.99	0.65	0	0	0.915	0.365	0.82	0	0	0	1	0.99	0	0.465	0.995	0	0	0	0.995	0	0		0	0	0.93	0.44	0	0.99	0.995	0.935	0.995	0.995	0.995	0	0.785	0.465	0.99	0.885	0.99	1	0.7	0	0.985	0.735	0.19	0	0.305	0.835	0.47	0.975	0.65	0.92	0.995	0.92	0.95	0.995	1	0.99	0.99	1	0.99	0.99	1	1	0.99	0	0	0.99	0.995	0	0.995	0.995	0.675	0	0.865	0.96
Hyalonema_populiferum	0	0	0	0	0	0	0	0	0	0	0	0	0	0	0	0	0	0	0	0	0	0	0	0	0	0	0	0	0	0	0	0	0	0	0	0	0	0	0	0	0	0	0		0	0	0	0	0	0	0	0	0	0	0	0	0	0	0	0	0	0	0	0	0	0	0	0	0	0	0	0	0	0	0	0	0	0	0	0	0	0	0	0	0	0	0	0	0	0	0	0	0	0	0	0	0
Hydra_magnipapillata	0	0	0	0	0	0	0	0	0	0	0	0	0	0	0	0	0	0	0	0	0	0	0	0	0	0	0	0	0	0	0	0	0	0	0	0	0	0	0	0	0	0	0	0		0	0	0	0	0	0	0	0	0	0	0	0	0	0	0	0	0	0	0	0	0	0	0	0	0	0	0	0	0	0	0	0	0	0	0	0	0	0	0	0	0	0	0	0	0	0	0	0	0	0	0	0
Hydractinia_polyclina	0.235	0.93	0.93	0.93	0.78	0.47	0.93	0.925	0	0.725	0.315	0	0	0	0	0	0.93	0.93	0.93	0	0.37	0.93	0.6	0	0	0.845	0.365	0.775	0	0	0	0.93	0.92	0	0.465	0.925	0	0	0	0.925	0	0	0.93	0	0		0.38	0	0.93	0.925	0.875	0.925	0.925	0.925	0	0.725	0.405	0.92	0.815	0.92	0.93	0.665	0	0.925	0.675	0.19	0	0.245	0.805	0.41	0.915	0.625	0.85	0.925	0.855	0.885	0.925	0.93	0.92	0.92	0.93	0.92	0.92	0.93	0.93	0.92	0	0	0.92	0.925	0	0.925	0.925	0.615	0	0.805	0.89
Ircinia_fasciculata	0.2	0.44	0.44	0.44	0.36	0.34	0.44	0.44	0	0.375	0	0	0	0	0	0	0.44	0.44	0.44	0	0.04	0.44	0.245	0	0	0.44	0.035	0.35	0	0	0	0.44	0.44	0	0.22	0.435	0	0	0	0.44	0	0	0.44	0	0	0.38		0	0.44	0.44	0.44	0.44	0.44	0.435	0	0.335	0.25	0.44	0.44	0.43	0.44	0.36	0	0.435	0.29	0.04	0	0.245	0.375	0.335	0.435	0.2	0.44	0.44	0.44	0.39	0.44	0.44	0.44	0.44	0.44	0.44	0.44	0.44	0.44	0.44	0	0	0.44	0.44	0	0.44	0.44	0.375	0	0.385	0.44
Ixodes_scapularis	0	0	0	0	0	0	0	0	0	0	0	0	0	0	0	0	0	0	0	0	0	0	0	0	0	0	0	0	0	0	0	0	0	0	0	0	0	0	0	0	0	0	0	0	0	0	0		0	0	0	0	0	0	0	0	0	0	0	0	0	0	0	0	0	0	0	0	0	0	0	0	0	0	0	0	0	0	0	0	0	0	0	0	0	0	0	0	0	0	0	0	0	0	0	0	0
Kirkpatrickia_variolosa	0.295	0.99	0.99	0.99	0.84	0.53	0.99	0.985	0	0.785	0.315	0	0	0	0	0	0.99	0.99	0.99	0	0.37	0.99	0.65	0	0	0.905	0.365	0.81	0	0	0	0.99	0.98	0	0.465	0.985	0	0	0	0.985	0	0	0.99	0	0	0.93	0.44	0		0.985	0.935	0.985	0.985	0.985	0	0.785	0.465	0.98	0.875	0.98	0.99	0.7	0	0.985	0.735	0.19	0	0.305	0.835	0.47	0.975	0.65	0.91	0.985	0.915	0.94	0.985	0.99	0.98	0.98	0.99	0.98	0.98	0.99	0.99	0.98	0	0	0.98	0.985	0	0.985	0.985	0.675	0	0.865	0.95
Lampea_pancerina	0.29	0.995	0.995	0.985	0.845	0.525	0.995	0.99	0	0.78	0.315	0	0	0	0	0	0.995	0.995	0.99	0	0.37	0.985	0.645	0	0	0.91	0.365	0.815	0	0	0	0.995	0.985	0	0.465	0.99	0	0	0	0.99	0	0	0.995	0	0	0.925	0.44	0	0.985		0.93	0.99	0.99	0.99	0	0.78	0.46	0.985	0.88	0.985	0.995	0.695	0	0.98	0.73	0.19	0	0.305	0.83	0.465	0.97	0.645	0.915	0.99	0.915	0.945	0.99	0.995	0.985	0.985	0.995	0.985	0.985	0.995	0.995	0.985	0	0	0.985	0.99	0	0.99	0.99	0.67	0	0.86	0.955
Latrunculia_apicalis	0.295	0.935	0.935	0.935	0.785	0.53	0.935	0.93	0	0.785	0.315	0	0	0	0	0	0.935	0.935	0.935	0	0.37	0.935	0.65	0	0	0.85	0.365	0.755	0	0	0	0.935	0.925	0	0.46	0.93	0	0	0	0.93	0	0	0.935	0	0	0.875	0.44	0	0.935	0.93		0.93	0.93	0.93	0	0.785	0.465	0.925	0.82	0.925	0.935	0.7	0	0.93	0.735	0.19	0	0.305	0.78	0.43	0.92	0.65	0.855	0.93	0.86	0.885	0.93	0.935	0.925	0.925	0.935	0.925	0.925	0.935	0.935	0.925	0	0	0.925	0.93	0	0.93	0.93	0.675	0	0.865	0.895
Leuconia_nivea	0.295	0.995	0.995	0.985	0.85	0.525	0.995	0.99	0	0.785	0.315	0	0	0	0	0	0.995	0.995	0.99	0	0.37	0.985	0.645	0	0	0.91	0.36	0.82	0	0	0	0.995	0.985	0	0.465	0.99	0	0	0	0.995	0	0	0.995	0	0	0.925	0.44	0	0.985	0.99	0.93		0.995	0.99	0	0.78	0.46	0.985	0.885	0.985	0.995	0.7	0	0.98	0.73	0.19	0	0.305	0.83	0.47	0.97	0.645	0.915	0.99	0.92	0.945	0.99	0.995	0.985	0.985	0.995	0.985	0.985	0.995	0.995	0.985	0	0	0.985	0.995	0	0.995	0.995	0.675	0	0.86	0.955
Leucosolenia_complicata	0.295	0.995	0.995	0.985	0.85	0.525	0.995	0.99	0	0.785	0.315	0	0	0	0	0	0.995	0.995	0.99	0	0.37	0.985	0.645	0	0	0.91	0.36	0.82	0	0	0	0.995	0.985	0	0.465	0.99	0	0	0	0.995	0	0	0.995	0	0	0.925	0.44	0	0.985	0.99	0.93	0.995		0.99	0	0.78	0.46	0.985	0.885	0.985	0.995	0.7	0	0.98	0.73	0.19	0	0.305	0.83	0.47	0.97	0.645	0.915	0.99	0.92	0.945	0.99	0.995	0.985	0.985	0.995	0.985	0.985	0.995	0.995	0.985	0	0	0.985	0.995	0	0.995	0.995	0.675	0	0.86	0.955
Liriope_tetraphylla	0.295	0.995	0.995	0.985	0.845	0.53	0.995	0.99	0	0.78	0.315	0	0	0	0	0	0.995	0.995	0.99	0	0.37	0.985	0.65	0	0	0.91	0.365	0.815	0	0	0	0.995	0.985	0	0.46	0.99	0	0	0	0.99	0	0	0.995	0	0	0.925	0.435	0	0.985	0.99	0.93	0.99	0.99		0	0.785	0.465	0.985	0.88	0.985	0.995	0.695	0	0.98	0.735	0.19	0	0.305	0.83	0.47	0.97	0.65	0.915	0.99	0.915	0.945	0.99	0.995	0.985	0.985	0.995	0.985	0.985	0.995	0.995	0.985	0	0	0.985	0.99	0	0.99	0.99	0.675	0	0.86	0.955
Lucernariopsis_campanulata	0	0	0	0	0	0	0	0	0	0	0	0	0	0	0	0	0	0	0	0	0	0	0	0	0	0	0	0	0	0	0	0	0	0	0	0	0	0	0	0	0	0	0	0	0	0	0	0	0	0	0	0	0	0		0	0	0	0	0	0	0	0	0	0	0	0	0	0	0	0	0	0	0	0	0	0	0	0	0	0	0	0	0	0	0	0	0	0	0	0	0	0	0	0	0	0
Ministeria_vibrans	0.295	0.785	0.785	0.785	0.655	0.45	0.785	0.78	0	0.675	0.315	0	0	0	0	0	0.785	0.785	0.785	0	0.37	0.785	0.565	0	0	0.7	0.365	0.605	0	0	0	0.785	0.775	0	0.31	0.78	0	0	0	0.78	0	0	0.785	0	0	0.725	0.335	0	0.785	0.78	0.785	0.78	0.78	0.785	0		0.465	0.775	0.67	0.785	0.785	0.595	0	0.78	0.735	0.19	0	0.305	0.63	0.32	0.77	0.65	0.705	0.78	0.71	0.735	0.78	0.785	0.775	0.775	0.785	0.775	0.775	0.785	0.785	0.775	0	0	0.775	0.78	0	0.78	0.78	0.59	0	0.785	0.745
Mnemiopsis_leidyi	0.295	0.465	0.465	0.465	0.355	0.33	0.465	0.465	0	0.43	0.085	0	0	0	0	0	0.465	0.465	0.465	0	0.095	0.465	0.275	0	0	0.41	0.095	0.295	0	0	0	0.465	0.455	0	0.035	0.465	0	0	0	0.46	0	0	0.465	0	0	0.405	0.25	0	0.465	0.46	0.465	0.46	0.46	0.465	0	0.465		0.455	0.44	0.465	0.465	0.275	0	0.465	0.46	0	0	0.305	0.355	0.3	0.455	0.375	0.415	0.465	0.45	0.415	0.465	0.465	0.455	0.455	0.465	0.455	0.455	0.465	0.465	0.455	0	0	0.455	0.46	0	0.46	0.46	0.3	0	0.465	0.425
Monosiga_brevicollis_mx1	0.295	0.99	0.99	0.98	0.85	0.53	0.99	0.985	0	0.785	0.315	0	0	0	0	0	0.99	0.99	0.985	0	0.36	0.98	0.64	0	0	0.905	0.365	0.82	0	0	0	0.99	0.99	0	0.465	0.985	0	0	0	0.985	0	0	0.99	0	0	0.92	0.44	0	0.98	0.985	0.925	0.985	0.985	0.985	0	0.775	0.455		0.875	0.98	0.99	0.7	0	0.975	0.725	0.19	0	0.305	0.835	0.47	0.975	0.64	0.92	0.985	0.91	0.94	0.985	0.99	0.99	0.99	0.99	0.99	0.99	0.99	0.99	0.99	0	0	0.99	0.985	0	0.985	0.985	0.675	0	0.855	0.95
Montastraea_faveolata	0.285	0.885	0.885	0.875	0.76	0.515	0.885	0.885	0	0.695	0.215	0	0	0	0	0	0.885	0.885	0.88	0	0.28	0.875	0.54	0	0	0.835	0.26	0.715	0	0	0	0.885	0.875	0	0.415	0.88	0	0	0	0.885	0	0	0.885	0	0	0.815	0.44	0	0.875	0.88	0.82	0.885	0.885	0.88	0	0.67	0.44	0.875		0.875	0.885	0.6	0	0.87	0.62	0.185	0	0.295	0.765	0.46	0.86	0.535	0.835	0.885	0.88	0.835	0.88	0.885	0.875	0.875	0.885	0.875	0.875	0.885	0.885	0.875	0	0	0.875	0.885	0	0.885	0.885	0.605	0	0.75	0.85
Mycale_phyllophila	0.295	0.99	0.99	0.98	0.84	0.525	0.99	0.985	0	0.775	0.315	0	0	0	0	0	0.99	0.99	0.985	0	0.37	0.98	0.65	0	0	0.905	0.365	0.81	0	0	0	0.99	0.98	0	0.455	0.985	0	0	0	0.985	0	0	0.99	0	0	0.92	0.43	0	0.98	0.985	0.925	0.985	0.985	0.985	0	0.785	0.465	0.98	0.875		0.99	0.69	0	0.975	0.735	0.19	0	0.305	0.825	0.47	0.965	0.65	0.91	0.985	0.91	0.94	0.985	0.99	0.98	0.98	0.99	0.98	0.98	0.99	0.99	0.98	0	0	0.98	0.985	0	0.985	0.985	0.675	0	0.855	0.95
Mylnosiga_fluctuans_19	0.295	1	1	0.99	0.85	0.53	1	0.995	0	0.785	0.315	0	0	0	0	0	1	1	0.995	0	0.37	0.99	0.65	0	0	0.915	0.365	0.82	0	0	0	1	0.99	0	0.465	0.995	0	0	0	0.995	0	0	1	0	0	0.93	0.44	0	0.99	0.995	0.935	0.995	0.995	0.995	0	0.785	0.465	0.99	0.885	0.99		0.7	0	0.985	0.735	0.19	0	0.305	0.835	0.47	0.975	0.65	0.92	0.995	0.92	0.95	0.995	1	0.99	0.99	1	0.99	0.99	1	1	0.99	0	0	0.99	0.995	0	0.995	0.995	0.675	0	0.865	0.96
Nanomia_bijuga	0.21	0.7	0.7	0.7	0.605	0.385	0.7	0.695	0	0.595	0.245	0	0	0	0	0	0.7	0.7	0.7	0	0.29	0.7	0.52	0	0	0.615	0.285	0.63	0	0	0	0.7	0.7	0	0.415	0.695	0	0	0	0.7	0	0	0.7	0	0	0.665	0.36	0	0.7	0.695	0.7	0.7	0.7	0.695	0	0.595	0.275	0.7	0.6	0.69	0.7		0	0.695	0.545	0.19	0	0.22	0.595	0.32	0.695	0.47	0.655	0.695	0.64	0.7	0.695	0.7	0.7	0.7	0.7	0.7	0.7	0.7	0.7	0.7	0	0	0.7	0.7	0	0.7	0.7	0.635	0	0.645	0.66
Nematostella_vectensis	0	0	0	0	0	0	0	0	0	0	0	0	0	0	0	0	0	0	0	0	0	0	0	0	0	0	0	0	0	0	0	0	0	0	0	0	0	0	0	0	0	0	0	0	0	0	0	0	0	0	0	0	0	0	0	0	0	0	0	0	0	0		0	0	0	0	0	0	0	0	0	0	0	0	0	0	0	0	0	0	0	0	0	0	0	0	0	0	0	0	0	0	0	0	0	0
Oscarella_carmela	0.295	0.985	0.985	0.985	0.835	0.525	0.985	0.98	0	0.785	0.315	0	0	0	0	0	0.985	0.985	0.985	0	0.365	0.985	0.65	0	0	0.9	0.365	0.805	0	0	0	0.985	0.975	0	0.465	0.985	0	0	0	0.98	0	0	0.985	0	0	0.925	0.435	0	0.985	0.98	0.93	0.98	0.98	0.98	0	0.78	0.465	0.975	0.87	0.975	0.985	0.695	0		0.73	0.185	0	0.305	0.83	0.47	0.975	0.645	0.905	0.98	0.91	0.935	0.98	0.985	0.975	0.975	0.985	0.975	0.975	0.985	0.985	0.975	0	0	0.975	0.98	0	0.98	0.98	0.67	0	0.86	0.945
Oscarella_species	0.295	0.735	0.735	0.735	0.61	0.405	0.735	0.73	0	0.625	0.31	0	0	0	0	0	0.735	0.735	0.735	0	0.365	0.735	0.515	0	0	0.655	0.36	0.555	0	0	0	0.735	0.725	0	0.265	0.73	0	0	0	0.73	0	0	0.735	0	0	0.675	0.29	0	0.735	0.73	0.735	0.73	0.73	0.735	0	0.735	0.46	0.725	0.62	0.735	0.735	0.545	0	0.73		0.19	0	0.305	0.585	0.3	0.72	0.645	0.66	0.73	0.66	0.685	0.73	0.735	0.725	0.725	0.735	0.725	0.725	0.735	0.735	0.725	0	0	0.725	0.73	0	0.73	0.73	0.545	0	0.735	0.695
Pelagia_noctiluca	0	0.19	0.19	0.19	0.19	0.075	0.19	0.185	0	0.13	0.145	0	0	0	0	0	0.19	0.19	0.19	0	0.19	0.19	0.16	0	0	0.19	0.185	0.18	0	0	0	0.19	0.19	0	0.185	0.185	0	0	0	0.19	0	0	0.19	0	0	0.19	0.04	0	0.19	0.19	0.19	0.19	0.19	0.19	0	0.19	0	0.19	0.185	0.19	0.19	0.19	0	0.185	0.19		0	0	0.19	0	0.185	0.19	0.19	0.185	0.185	0.19	0.185	0.19	0.19	0.19	0.19	0.19	0.19	0.19	0.19	0.19	0	0	0.19	0.19	0	0.19	0.19	0.19	0	0.19	0.19
Pennatula_rubra	0	0	0	0	0	0	0	0	0	0	0	0	0	0	0	0	0	0	0	0	0	0	0	0	0	0	0	0	0	0	0	0	0	0	0	0	0	0	0	0	0	0	0	0	0	0	0	0	0	0	0	0	0	0	0	0	0	0	0	0	0	0	0	0	0	0		0	0	0	0	0	0	0	0	0	0	0	0	0	0	0	0	0	0	0	0	0	0	0	0	0	0	0	0	0	0
Periphylla_periphylla	0.26	0.305	0.305	0.305	0.245	0.245	0.305	0.305	0	0.305	0	0	0	0	0	0	0.305	0.305	0.305	0	0	0.305	0.115	0	0	0.265	0	0.17	0	0	0	0.305	0.305	0	0.03	0.305	0	0	0	0.305	0	0	0.305	0	0	0.245	0.245	0	0.305	0.305	0.305	0.305	0.305	0.305	0	0.305	0.305	0.305	0.295	0.305	0.305	0.22	0	0.305	0.305	0	0		0.24	0.265	0.305	0.22	0.305	0.305	0.305	0.255	0.305	0.305	0.305	0.305	0.305	0.305	0.305	0.305	0.305	0.305	0	0	0.305	0.305	0	0.305	0.305	0.26	0	0.305	0.265
Petrosia_ficiformis	0.23	0.835	0.835	0.835	0.75	0.48	0.835	0.83	0	0.66	0.255	0	0	0	0	0	0.835	0.835	0.835	0	0.28	0.835	0.54	0	0	0.795	0.295	0.72	0	0	0	0.835	0.835	0	0.46	0.83	0	0	0	0.83	0	0	0.835	0	0	0.805	0.375	0	0.835	0.83	0.78	0.83	0.83	0.83	0	0.63	0.355	0.835	0.765	0.825	0.835	0.595	0	0.83	0.585	0.19	0	0.24		0.405	0.83	0.5	0.83	0.83	0.775	0.785	0.83	0.835	0.835	0.835	0.835	0.835	0.835	0.835	0.835	0.835	0	0	0.835	0.83	0	0.83	0.83	0.595	0	0.71	0.795
Pirum_gemmata	0.27	0.47	0.47	0.47	0.39	0.335	0.47	0.47	0	0.4	0	0	0	0	0	0	0.47	0.47	0.47	0	0	0.47	0.24	0	0	0.455	0	0.36	0	0	0	0.47	0.47	0	0.145	0.47	0	0	0	0.47	0	0	0.47	0	0	0.41	0.335	0	0.47	0.465	0.43	0.47	0.47	0.47	0	0.32	0.3	0.47	0.46	0.47	0.47	0.32	0	0.47	0.3	0	0	0.265	0.405		0.47	0.23	0.47	0.47	0.47	0.42	0.47	0.47	0.47	0.47	0.47	0.47	0.47	0.47	0.47	0.47	0	0	0.47	0.47	0	0.47	0.47	0.36	0	0.375	0.455
Plakina_jani	0.295	0.975	0.975	0.975	0.835	0.525	0.975	0.97	0	0.785	0.315	0	0	0	0	0	0.975	0.975	0.975	0	0.355	0.975	0.64	0	0	0.89	0.365	0.805	0	0	0	0.975	0.975	0	0.465	0.975	0	0	0	0.97	0	0	0.975	0	0	0.915	0.435	0	0.975	0.97	0.92	0.97	0.97	0.97	0	0.77	0.455	0.975	0.86	0.965	0.975	0.695	0	0.975	0.72	0.185	0	0.305	0.83	0.47		0.635	0.905	0.97	0.9	0.925	0.97	0.975	0.975	0.975	0.975	0.975	0.975	0.975	0.975	0.975	0	0	0.975	0.97	0	0.97	0.97	0.67	0	0.85	0.935
Pleraplysilla_spinifera	0.225	0.65	0.65	0.65	0.52	0.33	0.65	0.645	0	0.54	0.315	0	0	0	0	0	0.65	0.65	0.65	0	0.37	0.65	0.43	0	0	0.565	0.365	0.47	0	0	0	0.65	0.64	0	0.23	0.645	0	0	0	0.645	0	0	0.65	0	0	0.625	0.2	0	0.65	0.645	0.65	0.645	0.645	0.65	0	0.65	0.375	0.64	0.535	0.65	0.65	0.47	0	0.645	0.645	0.19	0	0.22	0.5	0.23	0.635		0.57	0.645	0.575	0.605	0.645	0.65	0.64	0.64	0.65	0.64	0.64	0.65	0.65	0.64	0	0	0.64	0.645	0	0.645	0.645	0.455	0	0.65	0.61
Pleurobrachia_species	0.295	0.92	0.92	0.91	0.835	0.53	0.92	0.915	0	0.735	0.265	0	0	0	0	0	0.92	0.92	0.915	0	0.29	0.91	0.57	0	0	0.88	0.305	0.77	0	0	0	0.92	0.92	0	0.465	0.915	0	0	0	0.915	0	0	0.92	0	0	0.85	0.44	0	0.91	0.915	0.855	0.915	0.915	0.915	0	0.705	0.415	0.92	0.835	0.91	0.92	0.655	0	0.905	0.66	0.19	0	0.305	0.83	0.47	0.905	0.57		0.915	0.84	0.87	0.915	0.92	0.92	0.92	0.92	0.92	0.92	0.92	0.92	0.92	0	0	0.92	0.915	0	0.915	0.915	0.675	0	0.785	0.88
Plumapathes_pennacea	0.295	0.995	0.995	0.985	0.845	0.53	0.995	0.995	0	0.785	0.31	0	0	0	0	0	0.995	0.995	0.99	0	0.365	0.985	0.645	0	0	0.91	0.36	0.815	0	0	0	0.995	0.985	0	0.46	0.99	0	0	0	0.99	0	0	0.995	0	0	0.925	0.44	0	0.985	0.99	0.93	0.99	0.99	0.99	0	0.78	0.465	0.985	0.885	0.985	0.995	0.695	0	0.98	0.73	0.185	0	0.305	0.83	0.47	0.97	0.645	0.915		0.92	0.945	0.99	0.995	0.985	0.985	0.995	0.985	0.985	0.995	0.995	0.985	0	0	0.985	0.99	0	0.99	0.99	0.67	0	0.86	0.955
Porites_australiensis	0.295	0.92	0.92	0.915	0.775	0.515	0.92	0.92	0	0.735	0.245	0	0	0	0	0	0.92	0.92	0.92	0	0.31	0.915	0.575	0	0	0.835	0.29	0.745	0	0	0	0.92	0.91	0	0.415	0.915	0	0	0	0.92	0	0	0.92	0	0	0.855	0.44	0	0.915	0.915	0.86	0.92	0.92	0.915	0	0.71	0.45	0.91	0.88	0.91	0.92	0.64	0	0.91	0.66	0.185	0	0.305	0.775	0.47	0.9	0.575	0.84	0.92		0.87	0.915	0.92	0.91	0.91	0.92	0.91	0.91	0.92	0.92	0.91	0	0	0.91	0.92	0	0.92	0.92	0.615	0	0.79	0.88
Rossella_fibulata	0.245	0.95	0.95	0.94	0.82	0.48	0.95	0.945	0	0.735	0.315	0	0	0	0	0	0.95	0.95	0.945	0	0.37	0.94	0.645	0	0	0.865	0.365	0.815	0	0	0	0.95	0.94	0	0.465	0.945	0	0	0	0.945	0	0	0.95	0	0	0.885	0.39	0	0.94	0.945	0.885	0.945	0.945	0.945	0	0.735	0.415	0.94	0.835	0.94	0.95	0.7	0	0.935	0.685	0.19	0	0.255	0.785	0.42	0.925	0.605	0.87	0.945	0.87		0.945	0.95	0.94	0.94	0.95	0.94	0.94	0.95	0.95	0.94	0	0	0.94	0.945	0	0.945	0.945	0.67	0	0.815	0.91
Saccoglossus_kowalevskii	0.295	0.995	0.995	0.985	0.845	0.53	0.995	0.99	0	0.78	0.315	0	0	0	0	0	0.995	0.995	0.99	0	0.365	0.985	0.645	0	0	0.91	0.36	0.82	0	0	0	0.995	0.985	0	0.46	0.99	0	0	0	0.99	0	0	0.995	0	0	0.925	0.44	0	0.985	0.99	0.93	0.99	0.99	0.99	0	0.78	0.465	0.985	0.88	0.985	0.995	0.695	0	0.98	0.73	0.185	0	0.305	0.83	0.47	0.97	0.645	0.915	0.99	0.915	0.945		0.995	0.985	0.985	0.995	0.985	0.985	0.995	0.995	0.985	0	0	0.985	0.99	0	0.99	0.99	0.67	0	0.86	0.955
Salpingoeca_dolichothecata_16	0.295	1	1	0.99	0.85	0.53	1	0.995	0	0.785	0.315	0	0	0	0	0	1	1	0.995	0	0.37	0.99	0.65	0	0	0.915	0.365	0.82	0	0	0	1	0.99	0	0.465	0.995	0	0	0	0.995	0	0	1	0	0	0.93	0.44	0	0.99	0.995	0.935	0.995	0.995	0.995	0	0.785	0.465	0.99	0.885	0.99	1	0.7	0	0.985	0.735	0.19	0	0.305	0.835	0.47	0.975	0.65	0.92	0.995	0.92	0.95	0.995		0.99	0.99	1	0.99	0.99	1	1	0.99	0	0	0.99	0.995	0	0.995	0.995	0.675	0	0.865	0.96
Salpingoeca_helianthica_18	0.295	0.99	0.99	0.98	0.85	0.53	0.99	0.985	0	0.785	0.315	0	0	0	0	0	0.99	0.99	0.985	0	0.36	0.98	0.64	0	0	0.905	0.365	0.82	0	0	0	0.99	0.99	0	0.465	0.985	0	0	0	0.985	0	0	0.99	0	0	0.92	0.44	0	0.98	0.985	0.925	0.985	0.985	0.985	0	0.775	0.455	0.99	0.875	0.98	0.99	0.7	0	0.975	0.725	0.19	0	0.305	0.835	0.47	0.975	0.64	0.92	0.985	0.91	0.94	0.985	0.99		0.99	0.99	0.99	0.99	0.99	0.99	0.99	0	0	0.99	0.985	0	0.985	0.985	0.675	0	0.855	0.95
Salpingoeca_infusionum_12	0.295	0.99	0.99	0.98	0.85	0.53	0.99	0.985	0	0.785	0.315	0	0	0	0	0	0.99	0.99	0.985	0	0.36	0.98	0.64	0	0	0.905	0.365	0.82	0	0	0	0.99	0.99	0	0.465	0.985	0	0	0	0.985	0	0	0.99	0	0	0.92	0.44	0	0.98	0.985	0.925	0.985	0.985	0.985	0	0.775	0.455	0.99	0.875	0.98	0.99	0.7	0	0.975	0.725	0.19	0	0.305	0.835	0.47	0.975	0.64	0.92	0.985	0.91	0.94	0.985	0.99	0.99		0.99	0.99	0.99	0.99	0.99	0.99	0	0	0.99	0.985	0	0.985	0.985	0.675	0	0.855	0.95
Salpingoeca_macrocollata_06	0.295	1	1	0.99	0.85	0.53	1	0.995	0	0.785	0.315	0	0	0	0	0	1	1	0.995	0	0.37	0.99	0.65	0	0	0.915	0.365	0.82	0	0	0	1	0.99	0	0.465	0.995	0	0	0	0.995	0	0	1	0	0	0.93	0.44	0	0.99	0.995	0.935	0.995	0.995	0.995	0	0.785	0.465	0.99	0.885	0.99	1	0.7	0	0.985	0.735	0.19	0	0.305	0.835	0.47	0.975	0.65	0.92	0.995	0.92	0.95	0.995	1	0.99	0.99		0.99	0.99	1	1	0.99	0	0	0.99	0.995	0	0.995	0.995	0.675	0	0.865	0.96
Salpingoeca_punica_03	0.295	0.99	0.99	0.98	0.85	0.53	0.99	0.985	0	0.785	0.315	0	0	0	0	0	0.99	0.99	0.985	0	0.36	0.98	0.64	0	0	0.905	0.365	0.82	0	0	0	0.99	0.99	0	0.465	0.985	0	0	0	0.985	0	0	0.99	0	0	0.92	0.44	0	0.98	0.985	0.925	0.985	0.985	0.985	0	0.775	0.455	0.99	0.875	0.98	0.99	0.7	0	0.975	0.725	0.19	0	0.305	0.835	0.47	0.975	0.64	0.92	0.985	0.91	0.94	0.985	0.99	0.99	0.99	0.99		0.99	0.99	0.99	0.99	0	0	0.99	0.985	0	0.985	0.985	0.675	0	0.855	0.95
Salpingoeca_qvevrii_09	0.295	0.99	0.99	0.98	0.85	0.53	0.99	0.985	0	0.785	0.315	0	0	0	0	0	0.99	0.99	0.985	0	0.36	0.98	0.64	0	0	0.905	0.365	0.82	0	0	0	0.99	0.99	0	0.465	0.985	0	0	0	0.985	0	0	0.99	0	0	0.92	0.44	0	0.98	0.985	0.925	0.985	0.985	0.985	0	0.775	0.455	0.99	0.875	0.98	0.99	0.7	0	0.975	0.725	0.19	0	0.305	0.835	0.47	0.975	0.64	0.92	0.985	0.91	0.94	0.985	0.99	0.99	0.99	0.99	0.99		0.99	0.99	0.99	0	0	0.99	0.985	0	0.985	0.985	0.675	0	0.855	0.95
Salpingoeca_roanoka_13	0.295	1	1	0.99	0.85	0.53	1	0.995	0	0.785	0.315	0	0	0	0	0	1	1	0.995	0	0.37	0.99	0.65	0	0	0.915	0.365	0.82	0	0	0	1	0.99	0	0.465	0.995	0	0	0	0.995	0	0	1	0	0	0.93	0.44	0	0.99	0.995	0.935	0.995	0.995	0.995	0	0.785	0.465	0.99	0.885	0.99	1	0.7	0	0.985	0.735	0.19	0	0.305	0.835	0.47	0.975	0.65	0.92	0.995	0.92	0.95	0.995	1	0.99	0.99	1	0.99	0.99		1	0.99	0	0	0.99	0.995	0	0.995	0.995	0.675	0	0.865	0.96
Salpingoeca_rosetta	0.295	1	1	0.99	0.85	0.53	1	0.995	0	0.785	0.315	0	0	0	0	0	1	1	0.995	0	0.37	0.99	0.65	0	0	0.915	0.365	0.82	0	0	0	1	0.99	0	0.465	0.995	0	0	0	0.995	0	0	1	0	0	0.93	0.44	0	0.99	0.995	0.935	0.995	0.995	0.995	0	0.785	0.465	0.99	0.885	0.99	1	0.7	0	0.985	0.735	0.19	0	0.305	0.835	0.47	0.975	0.65	0.92	0.995	0.92	0.95	0.995	1	0.99	0.99	1	0.99	0.99	1		0.99	0	0	0.99	0.995	0	0.995	0.995	0.675	0	0.865	0.96
Salpingoeca_urceolata_04	0.295	0.99	0.99	0.98	0.85	0.53	0.99	0.985	0	0.785	0.315	0	0	0	0	0	0.99	0.99	0.985	0	0.36	0.98	0.64	0	0	0.905	0.365	0.82	0	0	0	0.99	0.99	0	0.465	0.985	0	0	0	0.985	0	0	0.99	0	0	0.92	0.44	0	0.98	0.985	0.925	0.985	0.985	0.985	0	0.775	0.455	0.99	0.875	0.98	0.99	0.7	0	0.975	0.725	0.19	0	0.305	0.835	0.47	0.975	0.64	0.92	0.985	0.91	0.94	0.985	0.99	0.99	0.99	0.99	0.99	0.99	0.99	0.99		0	0	0.99	0.985	0	0.985	0.985	0.675	0	0.855	0.95
Sphaeroforma_arctica_JP610	0	0	0	0	0	0	0	0	0	0	0	0	0	0	0	0	0	0	0	0	0	0	0	0	0	0	0	0	0	0	0	0	0	0	0	0	0	0	0	0	0	0	0	0	0	0	0	0	0	0	0	0	0	0	0	0	0	0	0	0	0	0	0	0	0	0	0	0	0	0	0	0	0	0	0	0	0	0	0	0	0	0	0	0	0	0		0	0	0	0	0	0	0	0	0	0
Spongilla_lacustris	0	0	0	0	0	0	0	0	0	0	0	0	0	0	0	0	0	0	0	0	0	0	0	0	0	0	0	0	0	0	0	0	0	0	0	0	0	0	0	0	0	0	0	0	0	0	0	0	0	0	0	0	0	0	0	0	0	0	0	0	0	0	0	0	0	0	0	0	0	0	0	0	0	0	0	0	0	0	0	0	0	0	0	0	0	0	0		0	0	0	0	0	0	0	0	0
Stephanoeca_diplocostata_AUFR	0.295	0.99	0.99	0.98	0.85	0.53	0.99	0.985	0	0.785	0.315	0	0	0	0	0	0.99	0.99	0.985	0	0.36	0.98	0.64	0	0	0.905	0.365	0.82	0	0	0	0.99	0.99	0	0.465	0.985	0	0	0	0.985	0	0	0.99	0	0	0.92	0.44	0	0.98	0.985	0.925	0.985	0.985	0.985	0	0.775	0.455	0.99	0.875	0.98	0.99	0.7	0	0.975	0.725	0.19	0	0.305	0.835	0.47	0.975	0.64	0.92	0.985	0.91	0.94	0.985	0.99	0.99	0.99	0.99	0.99	0.99	0.99	0.99	0.99	0	0		0.985	0	0.985	0.985	0.675	0	0.855	0.95
Stomolophus_meleagris	0.295	0.995	0.995	0.985	0.85	0.525	0.995	0.99	0	0.785	0.315	0	0	0	0	0	0.995	0.995	0.99	0	0.37	0.985	0.645	0	0	0.91	0.36	0.82	0	0	0	0.995	0.985	0	0.465	0.99	0	0	0	0.995	0	0	0.995	0	0	0.925	0.44	0	0.985	0.99	0.93	0.995	0.995	0.99	0	0.78	0.46	0.985	0.885	0.985	0.995	0.7	0	0.98	0.73	0.19	0	0.305	0.83	0.47	0.97	0.645	0.915	0.99	0.92	0.945	0.99	0.995	0.985	0.985	0.995	0.985	0.985	0.995	0.995	0.985	0	0	0.985		0	0.995	0.995	0.675	0	0.86	0.955
Strongylocentrotus_purpuratus	0	0	0	0	0	0	0	0	0	0	0	0	0	0	0	0	0	0	0	0	0	0	0	0	0	0	0	0	0	0	0	0	0	0	0	0	0	0	0	0	0	0	0	0	0	0	0	0	0	0	0	0	0	0	0	0	0	0	0	0	0	0	0	0	0	0	0	0	0	0	0	0	0	0	0	0	0	0	0	0	0	0	0	0	0	0	0	0	0	0		0	0	0	0	0	0
Sycon_ciliatum	0.295	0.995	0.995	0.985	0.85	0.525	0.995	0.99	0	0.785	0.315	0	0	0	0	0	0.995	0.995	0.99	0	0.37	0.985	0.645	0	0	0.91	0.36	0.82	0	0	0	0.995	0.985	0	0.465	0.99	0	0	0	0.995	0	0	0.995	0	0	0.925	0.44	0	0.985	0.99	0.93	0.995	0.995	0.99	0	0.78	0.46	0.985	0.885	0.985	0.995	0.7	0	0.98	0.73	0.19	0	0.305	0.83	0.47	0.97	0.645	0.915	0.99	0.92	0.945	0.99	0.995	0.985	0.985	0.995	0.985	0.985	0.995	0.995	0.985	0	0	0.985	0.995	0		0.995	0.675	0	0.86	0.955
Sycon_coactum	0.295	0.995	0.995	0.985	0.85	0.525	0.995	0.99	0	0.785	0.315	0	0	0	0	0	0.995	0.995	0.99	0	0.37	0.985	0.645	0	0	0.91	0.36	0.82	0	0	0	0.995	0.985	0	0.465	0.99	0	0	0	0.995	0	0	0.995	0	0	0.925	0.44	0	0.985	0.99	0.93	0.995	0.995	0.99	0	0.78	0.46	0.985	0.885	0.985	0.995	0.7	0	0.98	0.73	0.19	0	0.305	0.83	0.47	0.97	0.645	0.915	0.99	0.92	0.945	0.99	0.995	0.985	0.985	0.995	0.985	0.985	0.995	0.995	0.985	0	0	0.985	0.995	0	0.995		0.675	0	0.86	0.955
Sympagella_nux	0.25	0.675	0.675	0.675	0.615	0.42	0.675	0.67	0	0.57	0.2	0	0	0	0	0	0.675	0.675	0.675	0	0.245	0.675	0.5	0	0	0.635	0.24	0.575	0	0	0	0.675	0.675	0	0.395	0.67	0	0	0	0.675	0	0	0.675	0	0	0.615	0.375	0	0.675	0.67	0.675	0.675	0.675	0.675	0	0.59	0.3	0.675	0.605	0.675	0.675	0.635	0	0.67	0.545	0.19	0	0.26	0.595	0.36	0.67	0.455	0.675	0.67	0.615	0.67	0.67	0.675	0.675	0.675	0.675	0.675	0.675	0.675	0.675	0.675	0	0	0.675	0.675	0	0.675	0.675		0	0.62	0.635
Tribolium_castaneum	0	0	0	0	0	0	0	0	0	0	0	0	0	0	0	0	0	0	0	0	0	0	0	0	0	0	0	0	0	0	0	0	0	0	0	0	0	0	0	0	0	0	0	0	0	0	0	0	0	0	0	0	0	0	0	0	0	0	0	0	0	0	0	0	0	0	0	0	0	0	0	0	0	0	0	0	0	0	0	0	0	0	0	0	0	0	0	0	0	0	0	0	0	0		0	0
Trichoplax_adhaerens	0.295	0.865	0.865	0.865	0.715	0.475	0.865	0.86	0	0.735	0.315	0	0	0	0	0	0.865	0.865	0.865	0	0.37	0.865	0.595	0	0	0.78	0.365	0.685	0	0	0	0.865	0.855	0	0.39	0.86	0	0	0	0.86	0	0	0.865	0	0	0.805	0.385	0	0.865	0.86	0.865	0.86	0.86	0.86	0	0.785	0.465	0.855	0.75	0.855	0.865	0.645	0	0.86	0.735	0.19	0	0.305	0.71	0.375	0.85	0.65	0.785	0.86	0.79	0.815	0.86	0.865	0.855	0.855	0.865	0.855	0.855	0.865	0.865	0.855	0	0	0.855	0.86	0	0.86	0.86	0.62	0		0.825
Vallicula_multiformis	0.255	0.96	0.96	0.95	0.81	0.495	0.96	0.955	0	0.745	0.315	0	0	0	0	0	0.96	0.96	0.955	0	0.37	0.95	0.65	0	0	0.915	0.365	0.82	0	0	0	0.96	0.95	0	0.465	0.955	0	0	0	0.955	0	0	0.96	0	0	0.89	0.44	0	0.95	0.955	0.895	0.955	0.955	0.955	0	0.745	0.425	0.95	0.85	0.95	0.96	0.66	0	0.945	0.695	0.19	0	0.265	0.795	0.455	0.935	0.61	0.88	0.955	0.88	0.91	0.955	0.96	0.95	0.95	0.96	0.95	0.95	0.96	0.96	0.95	0	0	0.95	0.955	0	0.955	0.955	0.635	0	0.825	
